50 50 100 1
1 1 89 1 11 35 63 13 23 74 44 29 13 2 41 11 49 14 5 22 37 82 95 62 8 75 52 28 28 32 54 48 4 12 52 78 79 9 9 46 34 65 42 38 80 48 59 37 20 94
51 92 25 46 87 26 3 19 65 42 50 72 63 19 40 1 61 35 99 13 40 83 48 13 93 56 90 29 23 15 39 68 17 63 37 50 55 32 20 86 62 92 61 61 48 28 20 20 18 52
70 18 88 40 93 87 23 38 67 6 81 54 74 17 42 94 65 42 78 29 35 66 11 41 48 41 55 38 32 90 59 83 38 80 56 18 21 92 4 4 15 16 47 29 64 100 34 55 92 11
88 79 10 40 88 90 36 33 17 73 78 58 49 34 17 25 80 9 85 88 5 73 5 22 6 71 39 61 29 67 44 78 76 81 38 45 4 40 22 21 17 36 100 79 53 99 56 3 37 45
62 46 17 30 73 23 50 94 67 53 13 94 16 46 58 76 32 31 84 1 45 67 8 97 93 42 26 2 1 55 4 30 90 64 75 8 50 43 22 19 27 85 40 28 94 45 21 74 14 24
6 2 39 67 11 23 53 24 95 37 82 50 64 76 80 72 33 68 48 36 20 13 19 40 36 100 91 57 21 36 26 59 32 66 82 92 71 56 1 71 4 52 83 92 38 16 44 24 27 75
72 7 65 26 35 71 100 97 2 39 71 6 55 61 86 56 84 30 90 53 25 50 75 54 28 83 90 32 65 92 80 55 36 13 66 14 93 12 91 59 27 42 28 40 48 54 27 33 35 68
14 68 81 9 32 71 30 2 98 54 29 18 78 85 88 73 24 75 31 47 93 95 39 30 93 78 13 60 85 78 88 78 1 6 14 48 76 49 51 7 90 75 64 99 69 25 22 14 71 70
45 93 45 37 93 75 24 85 58 57 3 52 95 12 93 33 44 97 62 51 73 61 27 15 8 22 95 69 99 85 70 5 85 85 91 91 16 28 42 94 88 78 49 3 39 7 87 47 87 84
79 81 57 25 28 82 50 3 77 19 33 6 17 89 97 45 83 90 85 17 66 80 32 14 12 18 93 43 82 2 82 4 18 95 52 95 60 34 81 45 37 47 77 15 98 37 31 64 6 83
73 23 80 78 97 88 50 96 55 13 76 90 1 14 36 90 53 75 67 53 43 53 83 62 27 43 100 48 42 13 22 25 62 48 15 13 58 7 10 4 44 81 31 11 27 85 52 54 91 86
16 76 13 1 18 17 30 66 5 58 59 2 75 95 35 32 92 92 14 85 70 28 93 23 18 19 31 31 46 18 59 64 88 66 28 14 31 14 8 35 55 89 11 35 61 64 96 47 53 96
40 96 6 10 9 2 20 13 56 39 77 62 85 7 19 1 56 13 62 44 9 20 92 90 69 57 79 34 61 86 14 12 88 13 82 67 74 52 78 53 74 77 24 42 37 71 61 85 87 48
43 93 49 37 84 7 54 86 35 74 7 70 27 54 90 3 83 37 76 18 35 48 97 32 8 23 65 87 10 35 88 71 30 70 40 13 92 91 68 25 98 62 67 62 52 99 8 85 55 96
82 93 39 38 74 17 1 97 98 22 59 6 66 26 65 24 66 84 50 86 51 32 74 24 81 39 46 34 94 81 13 77 3 31 30 13 63 93 48 93 27 23 67 9 14 77 12 91 46 82
85 71 63 88 44 63 84 81 26 56 73 79 85 90 54 75 2 38 35 99 95 15 61 51 16 97 61 12 45 76 17 93 58 32 32 27 40 21 33 26 82 70 87 49 6 72 29 10 12 2
71 62 75 97 58 92 85 59 8 52 4 89 73 71 27 64 43 77 94 48 16 11 68 91 80 26 28 13 74 10 11 51 15 31 3 17 91 78 43 19 38 66 83 82 31 46 1 96 68 87
67 29 66 60 1 53 48 84 59 82 91 44 61 43 36 50 31 11 88 45 18 22 58 14 75 80 97 74 32 32 49 49 97 2 47 49 85 63 87 21 30 51 57 51 13 43 23 16 55 99
71 87 53 19 94 100 84 25 33 42 83 47 7 9 1 100 88 2 6 41 39 67 73 33 52 94 25 30 30 53 85 50 39 98 13 28 81 5 100 18 23 17 11 66 83 16 64 87 71 45
88 15 81 69 94 1 27 72 81 26 51 47 97 28 54 51 7 3 41 17 71 88 23 80 47 100 83 24 45 93 55 38 16 52 66 37 95 14 8 95 60 46 10 18 53 10 16 67 72 42
93 27 31 28 56 27 68 18 55 65 88 18 30 75 29 78 76 57 20 78 48 53 78 30 60 87 49 63 28 5 2 93 83 65 78 43 20 44 54 80 31 19 9 17 65 70 69 49 6 75
64 61 54 77 10 45 34 70 29 98 10 88 73 42 27 13 54 6 47 21 49 76 63 69 54 7 25 75 62 88 33 88 18 2 76 81 95 73 41 36 55 88 90 1 30 2 35 99 71 15
71 58 34 71 68 17 96 96 80 8 47 41 35 35 76 17 94 55 76 77 90 51 94 74 17 43 93 42 43 51 100 58 30 90 37 60 61 35 31 65 58 68 96 14 83 82 60 97 52 36
70 92 77 29 94 2 22 30 94 76 100 12 1 41 55 50 31 13 71 27 47 20 24 97 41 27 1 93 75 25 18 30 86 47 68 32 72 99 79 70 19 49 91 45 85 75 55 63 44 78
91 75 22 73 21 64 9 95 50 40 82 7 11 40 72 62 98 93 21 32 6 11 9 6 59 61 70 66 31 32 47 56 65 38 4 78 36 77 8 20 70 19 25 30 59 32 6 38 42 81
14 10 31 44 46 78 44 31 6 21 22 52 18 63 99 49 51 63 70 68 70 22 87 4 96 78 4 59 70 27 56 45 70 17 22 1 85 25 10 94 5 62 95 9 70 97 56 98 77 24
17 58 88 69 69 12 76 85 37 7 20 86 95 47 31 88 28 1 52 12 79 26 78 73 23 22 40 33 42 99 37 37 81 97 78 73 11 29 10 27 10 8 19 56 33 100 68 63 31 79
48 1 73 37 87 33 50 68 11 97 62 71 22 68 87 26 56 48 70 93 53 80 9 97 81 65 76 20 35 23 76 5 35 64 71 41 62 69 71 2 46 40 3 76 13 9 7 59 80 4
81 41 2 74 4 75 98 9 59 91 7 35 66 93 36 90 39 37 10 81 56 44 21 45 86 51 30 34 60 28 75 25 23 45 44 18 97 49 8 54 63 85 97 90 64 81 14 91 24 92
50 95 34 84 1 49 15 62 14 11 6 58 73 58 36 100 20 82 72 15 64 6 78 93 40 48 20 47 86 79 65 24 93 16 83 30 66 81 99 66 43 11 80 7 81 13 38 93 42 51
68 82 67 21 16 6 43 6 10 87 56 72 10 26 23 73 32 44 55 50 76 63 74 59 6 69 24 12 34 93 70 13 71 76 4 60 91 43 58 64 54 57 22 48 84 26 32 48 98 87
56 76 59 65 49 28 28 80 21 87 57 92 66 17 66 36 36 49 2 90 46 1 62 80 61 37 56 4 20 83 49 85 26 11 16 59 35 20 2 70 1 61 18 95 29 19 97 64 63 88
96 41 26 36 91 6 13 12 86 32 67 32 88 85 50 99 56 58 12 85 68 62 13 31 50 6 52 7 8 58 86 77 14 81 87 61 43 49 98 66 97 61 51 73 42 20 73 96 65 74
75 98 64 15 93 90 43 64 58 6 70 89 78 93 64 97 18 70 34 38 73 64 3 53 78 91 39 20 34 65 44 95 85 77 86 71 50 92 63 33 4 83 43 60 4 14 7 2 9 31
38 7 13 59 29 72 55 92 48 84 52 13 52 58 69 98 61 11 61 55 76 18 87 94 90 15 25 66 30 22 22 98 1 85 29 78 7 97 38 28 10 17 77 79 87 28 4 55 9 48
74 85 35 59 64 84 78 36 54 23 66 67 93 85 56 66 21 76 91 71 100 94 49 7 85 56 24 74 41 31 74 19 87 47 96 65 29 27 13 74 70 93 72 36 59 70 20 20 43 96
8 82 31 68 55 57 25 56 37 32 77 30 97 64 41 77 51 29 64 84 71 45 61 69 42 7 55 60 97 29 62 90 48 78 78 65 39 67 20 86 31 20 6 59 51 33 26 67 77 55
16 87 76 23 99 31 33 13 10 21 45 15 88 14 74 17 9 77 11 31 94 10 27 51 80 90 98 95 46 51 43 18 40 18 79 82 68 24 64 13 10 35 20 51 76 15 95 49 66 6
26 22 68 43 93 78 95 79 93 51 79 33 73 83 17 52 36 50 60 82 90 90 34 14 1 52 27 69 41 45 19 88 9 34 65 44 38 46 67 44 2 94 60 41 45 73 22 34 76 40
96 95 62 40 54 96 50 26 94 92 79 33 15 31 19 20 77 88 71 86 99 74 94 94 83 54 66 57 67 4 7 35 18 16 20 35 55 50 73 22 3 36 32 8 80 13 68 25 9 99
80 16 42 95 55 57 23 96 3 1 33 53 88 19 32 80 44 85 18 20 76 96 71 17 72 54 9 15 21 10 80 8 60 22 50 16 80 53 71 75 22 34 31 93 100 74 79 1 63 12
13 11 14 48 38 21 81 41 14 67 92 79 40 91 91 72 25 69 89 27 49 37 22 77 43 19 68 30 64 26 64 21 21 60 58 50 34 47 72 32 94 78 77 59 81 16 40 99 6 48
3 18 87 27 1 60 33 68 78 25 97 53 3 4 85 70 100 31 54 53 9 66 48 86 72 43 27 11 94 10 62 16 25 5 69 16 91 11 42 99 32 51 45 43 99 7 27 21 24 22
22 64 83 60 54 57 36 59 36 6 46 32 5 52 11 54 16 36 67 48 35 94 52 89 57 100 58 64 44 93 1 31 48 55 35 100 34 39 37 53 59 61 68 29 81 54 89 82 40 14
30 1 51 8 100 14 31 36 46 30 54 91 7 78 44 47 99 9 31 92 69 63 57 67 75 85 68 84 80 66 64 33 34 68 60 70 48 22 7 94 69 95 37 80 79 74 59 55 96 28
18 90 66 56 71 27 66 66 57 27 100 70 34 67 86 23 32 6 81 18 12 39 96 95 48 95 21 11 82 25 45 63 17 93 25 99 37 47 75 27 40 70 48 18 54 57 46 39 35 47
100 93 3 82 97 94 60 69 28 51 8 38 31 46 3 40 65 56 64 91 6 63 8 58 32 66 85 70 91 74 67 59 26 48 86 85 81 36 11 79 68 53 38 1 32 67 32 26 85 70
14 25 38 52 24 39 9 64 2 21 9 50 35 68 93 28 34 67 63 34 23 69 27 97 21 39 1 12 8 37 65 77 34 48 36 5 7 57 31 1 78 49 92 5 10 98 50 60 38 40
61 96 57 69 36 20 85 84 62 66 59 66 21 4 4 58 50 78 29 67 30 12 29 67 86 98 56 85 47 5 82 35 33 9 47 29 32 46 53 84 3 100 49 33 17 6 32 81 16 39
54 89 69 81 48 25 66 50 83 6 35 30 85 24 77 49 25 61 54 85 91 62 12 63 46 52 34 47 54 11 60 66 22 24 52 91 36 11 77 19 24 49 26 29 18 22 74 60 41 76
4 0 0 0 0 0 0 0 0 0 0 0 0 0 0 0 0 0 0 0 0 0 0 0 0 0 0 0 0 0 0 0 0 0 0 0 0 0 0 0 0 0 0 0 0 0 0 0 0 4
0 4 0 0 0 0 0 0 0 0 0 0 0 0 0 0 0 0 0 0 0 0 0 0 0 0 0 0 0 0 0 0 0 0 0 0 0 0 0 0 0 0 0 0 0 0 0 0 4 0
0 0 4 0 0 0 0 0 0 0 0 0 0 0 0 0 0 0 0 0 0 0 0 0 0 0 0 0 0 0 0 0 0 0 0 0 0 0 0 0 0 0 0 0 0 0 0 4 0 0
0 0 0 4 0 0 0 0 0 0 0 0 0 0 0 0 0 0 0 0 0 0 0 0 0 0 0 0 0 0 0 0 0 0 0 0 0 0 0 0 0 0 0 0 0 0 4 0 0 0
0 0 0 0 4 0 0 0 0 0 0 0 0 0 0 0 0 0 0 0 0 0 0 0 0 0 0 0 0 0 0 0 0 0 0 0 0 0 0 0 0 0 0 0 0 4 0 0 0 0
0 0 0 0 0 4 0 0 0 0 0 0 0 0 0 0 0 0 0 0 0 0 0 0 0 0 0 0 0 0 0 0 0 0 0 0 0 0 0 0 0 0 0 0 4 0 0 0 0 0
0 0 0 0 0 0 4 0 0 0 0 0 0 0 0 0 0 0 0 0 0 0 0 0 0 0 0 0 0 0 0 0 0 0 0 0 0 0 0 0 0 0 0 4 0 0 0 0 0 0
0 0 0 0 0 0 0 4 0 0 0 0 0 0 0 0 0 0 0 0 0 0 0 0 0 0 0 0 0 0 0 0 0 0 0 0 0 0 0 0 0 0 4 0 0 0 0 0 0 0
0 0 0 0 0 0 0 0 4 0 0 0 0 0 0 0 0 0 0 0 0 0 0 0 0 0 0 0 0 0 0 0 0 0 0 0 0 0 0 0 0 4 0 0 0 0 0 0 0 0
0 0 0 0 0 0 0 0 0 4 0 0 0 0 0 0 0 0 0 0 0 0 0 0 0 0 0 0 0 0 0 0 0 0 0 0 0 0 0 0 4 0 0 0 0 0 0 0 0 0
0 0 0 0 0 0 0 0 0 0 4 0 0 0 0 0 0 0 0 0 0 0 0 0 0 0 0 0 0 0 0 0 0 0 0 0 0 0 0 4 0 0 0 0 0 0 0 0 0 0
0 0 0 0 0 0 0 0 0 0 0 4 0 0 0 0 0 0 0 0 0 0 0 0 0 0 0 0 0 0 0 0 0 0 0 0 0 0 4 0 0 0 0 0 0 0 0 0 0 0
0 0 0 0 0 0 0 0 0 0 0 0 4 0 0 0 0 0 0 0 0 0 0 0 0 0 0 0 0 0 0 0 0 0 0 0 0 4 0 0 0 0 0 0 0 0 0 0 0 0
0 0 0 0 0 0 0 0 0 0 0 0 0 4 0 0 0 0 0 0 0 0 0 0 0 0 0 0 0 0 0 0 0 0 0 0 4 0 0 0 0 0 0 0 0 0 0 0 0 0
0 0 0 0 0 0 0 0 0 0 0 0 0 0 4 0 0 0 0 0 0 0 0 0 0 0 0 0 0 0 0 0 0 0 0 4 0 0 0 0 0 0 0 0 0 0 0 0 0 0
0 0 0 0 0 0 0 0 0 0 0 0 0 0 0 4 0 0 0 0 0 0 0 0 0 0 0 0 0 0 0 0 0 0 4 0 0 0 0 0 0 0 0 0 0 0 0 0 0 0
0 0 0 0 0 0 0 0 0 0 0 0 0 0 0 0 4 0 0 0 0 0 0 0 0 0 0 0 0 0 0 0 0 4 0 0 0 0 0 0 0 0 0 0 0 0 0 0 0 0
0 0 0 0 0 0 0 0 0 0 0 0 0 0 0 0 0 4 0 0 0 0 0 0 0 0 0 0 0 0 0 0 4 0 0 0 0 0 0 0 0 0 0 0 0 0 0 0 0 0
0 0 0 0 0 0 0 0 0 0 0 0 0 0 0 0 0 0 4 0 0 0 0 0 0 0 0 0 0 0 0 4 0 0 0 0 0 0 0 0 0 0 0 0 0 0 0 0 0 0
0 0 0 0 0 0 0 0 0 0 0 0 0 0 0 0 0 0 0 4 0 0 0 0 0 0 0 0 0 0 4 0 0 0 0 0 0 0 0 0 0 0 0 0 0 0 0 0 0 0
0 0 0 0 0 0 0 0 0 0 0 0 0 0 0 0 0 0 0 0 4 0 0 0 0 0 0 0 0 4 0 0 0 0 0 0 0 0 0 0 0 0 0 0 0 0 0 0 0 0
0 0 0 0 0 0 0 0 0 0 0 0 0 0 0 0 0 0 0 0 0 4 0 0 0 0 0 0 4 0 0 0 0 0 0 0 0 0 0 0 0 0 0 0 0 0 0 0 0 0
0 0 0 0 0 0 0 0 0 0 0 0 0 0 0 0 0 0 0 0 0 0 4 0 0 0 0 4 0 0 0 0 0 0 0 0 0 0 0 0 0 0 0 0 0 0 0 0 0 0
0 0 0 0 0 0 0 0 0 0 0 0 0 0 0 0 0 0 0 0 0 0 0 4 0 0 4 0 0 0 0 0 0 0 0 0 0 0 0 0 0 0 0 0 0 0 0 0 0 0
0 0 0 0 0 0 0 0 0 0 0 0 0 0 0 0 0 0 0 0 0 0 0 0 4 4 0 0 0 0 0 0 0 0 0 0 0 0 0 0 0 0 0 0 0 0 0 0 0 0
0 0 0 0 0 0 0 0 0 0 0 0 0 0 0 0 0 0 0 0 0 0 0 0 4 4 0 0 0 0 0 0 0 0 0 0 0 0 0 0 0 0 0 0 0 0 0 0 0 0
0 0 0 0 0 0 0 0 0 0 0 0 0 0 0 0 0 0 0 0 0 0 0 4 0 0 4 0 0 0 0 0 0 0 0 0 0 0 0 0 0 0 0 0 0 0 0 0 0 0
0 0 0 0 0 0 0 0 0 0 0 0 0 0 0 0 0 0 0 0 0 0 4 0 0 0 0 4 0 0 0 0 0 0 0 0 0 0 0 0 0 0 0 0 0 0 0 0 0 0
0 0 0 0 0 0 0 0 0 0 0 0 0 0 0 0 0 0 0 0 0 4 0 0 0 0 0 0 4 0 0 0 0 0 0 0 0 0 0 0 0 0 0 0 0 0 0 0 0 0
0 0 0 0 0 0 0 0 0 0 0 0 0 0 0 0 0 0 0 0 4 0 0 0 0 0 0 0 0 4 0 0 0 0 0 0 0 0 0 0 0 0 0 0 0 0 0 0 0 0
0 0 0 0 0 0 0 0 0 0 0 0 0 0 0 0 0 0 0 4 0 0 0 0 0 0 0 0 0 0 4 0 0 0 0 0 0 0 0 0 0 0 0 0 0 0 0 0 0 0
0 0 0 0 0 0 0 0 0 0 0 0 0 0 0 0 0 0 4 0 0 0 0 0 0 0 0 0 0 0 0 4 0 0 0 0 0 0 0 0 0 0 0 0 0 0 0 0 0 0
0 0 0 0 0 0 0 0 0 0 0 0 0 0 0 0 0 4 0 0 0 0 0 0 0 0 0 0 0 0 0 0 4 0 0 0 0 0 0 0 0 0 0 0 0 0 0 0 0 0
0 0 0 0 0 0 0 0 0 0 0 0 0 0 0 0 4 0 0 0 0 0 0 0 0 0 0 0 0 0 0 0 0 4 0 0 0 0 0 0 0 0 0 0 0 0 0 0 0 0
0 0 0 0 0 0 0 0 0 0 0 0 0 0 0 4 0 0 0 0 0 0 0 0 0 0 0 0 0 0 0 0 0 0 4 0 0 0 0 0 0 0 0 0 0 0 0 0 0 0
0 0 0 0 0 0 0 0 0 0 0 0 0 0 4 0 0 0 0 0 0 0 0 0 0 0 0 0 0 0 0 0 0 0 0 4 0 0 0 0 0 0 0 0 0 0 0 0 0 0
0 0 0 0 0 0 0 0 0 0 0 0 0 4 0 0 0 0 0 0 0 0 0 0 0 0 0 0 0 0 0 0 0 0 0 0 4 0 0 0 0 0 0 0 0 0 0 0 0 0
0 0 0 0 0 0 0 0 0 0 0 0 4 0 0 0 0 0 0 0 0 0 0 0 0 0 0 0 0 0 0 0 0 0 0 0 0 4 0 0 0 0 0 0 0 0 0 0 0 0
0 0 0 0 0 0 0 0 0 0 0 4 0 0 0 0 0 0 0 0 0 0 0 0 0 0 0 0 0 0 0 0 0 0 0 0 0 0 4 0 0 0 0 0 0 0 0 0 0 0
0 0 0 0 0 0 0 0 0 0 4 0 0 0 0 0 0 0 0 0 0 0 0 0 0 0 0 0 0 0 0 0 0 0 0 0 0 0 0 4 0 0 0 0 0 0 0 0 0 0
0 0 0 0 0 0 0 0 0 4 0 0 0 0 0 0 0 0 0 0 0 0 0 0 0 0 0 0 0 0 0 0 0 0 0 0 0 0 0 0 4 0 0 0 0 0 0 0 0 0
0 0 0 0 0 0 0 0 4 0 0 0 0 0 0 0 0 0 0 0 0 0 0 0 0 0 0 0 0 0 0 0 0 0 0 0 0 0 0 0 0 4 0 0 0 0 0 0 0 0
0 0 0 0 0 0 0 4 0 0 0 0 0 0 0 0 0 0 0 0 0 0 0 0 0 0 0 0 0 0 0 0 0 0 0 0 0 0 0 0 0 0 4 0 0 0 0 0 0 0
0 0 0 0 0 0 4 0 0 0 0 0 0 0 0 0 0 0 0 0 0 0 0 0 0 0 0 0 0 0 0 0 0 0 0 0 0 0 0 0 0 0 0 4 0 0 0 0 0 0
0 0 0 0 0 4 0 0 0 0 0 0 0 0 0 0 0 0 0 0 0 0 0 0 0 0 0 0 0 0 0 0 0 0 0 0 0 0 0 0 0 0 0 0 4 0 0 0 0 0
0 0 0 0 4 0 0 0 0 0 0 0 0 0 0 0 0 0 0 0 0 0 0 0 0 0 0 0 0 0 0 0 0 0 0 0 0 0 0 0 0 0 0 0 0 4 0 0 0 0
0 0 0 4 0 0 0 0 0 0 0 0 0 0 0 0 0 0 0 0 0 0 0 0 0 0 0 0 0 0 0 0 0 0 0 0 0 0 0 0 0 0 0 0 0 0 4 0 0 0
0 0 4 0 0 0 0 0 0 0 0 0 0 0 0 0 0 0 0 0 0 0 0 0 0 0 0 0 0 0 0 0 0 0 0 0 0 0 0 0 0 0 0 0 0 0 0 4 0 0
0 4 0 0 0 0 0 0 0 0 0 0 0 0 0 0 0 0 0 0 0 0 0 0 0 0 0 0 0 0 0 0 0 0 0 0 0 0 0 0 0 0 0 0 0 0 0 0 4 0
4 0 0 0 0 0 0 0 0 0 0 0 0 0 0 0 0 0 0 0 0 0 0 0 0 0 0 0 0 0 0 0 0 0 0 0 0 0 0 0 0 0 0 0 0 0 0 0 0 4
1 4 1 3
