50 48 100 1000
17 96 31 100 66 100 26 97 28 97 13 97 65 95 31 95 6 95 26 99 90 96 37 96 73 97 46 97 80 97 44 100 63 98 25 98 10 97 54 98 70 98 74 98 64 98 55 98
96 62 96 70 100 4 97 54 97 36 97 82 95 23 95 34 95 90 99 32 99 67 96 7 97 11 97 4 97 94 100 26 100 2 98 79 97 42 97 64 98 73 98 14 98 68 98 35
95 60 95 85 100 53 96 44 96 63 99 88 97 65 97 92 95 55 99 32 99 88 98 73 95 57 95 26 99 88 96 80 96 12 97 62 95 6 95 31 96 22 97 56 97 92 100 39
8 95 92 100 18 100 49 96 17 99 13 99 31 97 32 95 27 95 14 99 67 98 85 98 56 95 82 99 64 99 87 96 16 97 79 97 60 95 62 96 14 96 74 97 84 100 60 100
33 96 3 98 53 98 48 100 36 97 69 97 7 100 15 96 45 96 41 96 61 100 2 100 83 100 77 96 32 96 74 100 92 98 74 98 52 97 50 100 26 100 10 97 64 97 19 97
96 93 96 73 98 3 100 50 100 1 97 53 100 82 100 84 96 52 96 14 96 20 100 41 100 87 100 87 96 7 100 33 100 93 98 53 97 23 97 21 100 7 97 1 97 19 97 79
98 28 98 85 99 48 95 45 95 80 99 80 98 12 98 14 96 89 95 1 95 87 99 40 96 28 96 1 95 72 100 49 100 19 99 1 95 36 95 32 98 7 100 57 100 68 100 89
42 98 45 99 43 99 52 95 66 99 69 99 29 98 56 96 53 96 73 95 70 99 42 99 63 96 19 95 37 95 28 100 14 99 2 99 69 95 94 98 56 98 41 100 19 100 47 100
68 100 80 95 61 95 14 98 36 100 12 100 35 97 5 96 45 96 19 95 37 95 82 95 7 95 68 95 45 95 8 96 94 100 78 100 14 96 90 97 31 97 29 100 2 95 82 95
100 34 100 73 95 34 98 19 98 51 100 20 97 2 97 50 96 76 95 3 95 47 95 88 95 32 95 75 95 83 96 84 96 89 100 32 96 44 96 56 97 19 100 35 100 22 95 58
98 71 98 47 97 49 96 16 96 49 100 41 96 10 96 70 97 53 99 21 99 8 98 53 99 89 99 79 99 32 98 29 98 79 97 25 98 65 98 66 95 59 95 26 95 81 98 8
23 98 46 97 28 97 18 96 82 100 18 100 21 96 93 97 44 97 39 99 34 98 28 98 61 99 69 99 58 99 62 98 1 97 83 97 6 98 63 95 31 95 91 95 91 98 15 98
77 98 87 99 94 99 70 100 27 99 72 99 38 99 6 99 94 99 1 97 15 96 48 96 46 96 85 96 23 96 72 99 87 96 65 96 88 97 13 97 54 97 70 99 1 95 76 95
98 45 98 89 99 49 100 8 100 35 99 68 99 81 99 37 99 26 97 12 97 77 96 29 96 5 96 35 96 2 99 90 99 49 96 13 97 4 97 85 97 23 99 71 99 47 95 13
98 28 98 12 100 91 99 72 99 88 98 45 99 1 99 33 95 31 99 35 99 1 96 78 96 3 96 13 97 21 97 6 97 84 99 28 96 62 96 70 100 2 95 76 95 47 96 72
89 98 76 100 80 100 83 99 71 98 74 98 21 99 80 95 16 95 93 99 86 96 60 96 37 96 49 97 26 97 7 97 63 99 57 99 74 96 79 100 46 100 4 95 91 96 60 96
4 96 50 97 61 97 14 99 69 99 9 99 31 96 59 100 87 100 29 95 40 99 75 99 93 98 30 97 63 97 83 96 21 100 77 100 3 99 49 100 5 100 72 100 85 100 84 100
96 81 96 22 97 6 99 34 99 23 99 21 96 94 96 74 100 7 95 72 95 5 99 60 98 21 98 39 97 64 96 6 96 13 100 7 99 57 99 40 100 36 100 16 100 60 100 44
98 22 98 87 95 10 96 94 96 70 100 15 98 29 98 32 97 22 97 50 97 28 100 37 97 47 97 8 99 39 97 61 97 63 96 11 97 39 97 62 97 77 99 69 99 65 95 68
42 98 21 95 29 95 22 96 93 100 84 100 79 98 49 97 23 97 65 97 45 100 36 100 51 97 45 99 53 99 35 97 81 96 39 96 6 97 76 97 90 97 86 99 9 95 52 95
17 99 31 95 85 95 22 100 46 98 14 98 21 99 75 99 48 99 32 96 23 97 66 97 1 95 87 97 76 97 58 98 92 100 45 100 21 95 44 96 1 96 13 100 20 100 68 100
99 75 99 54 95 85 100 22 100 57 98 45 99 41 99 24 99 79 96 63 96 34 97 57 95 56 95 16 97 90 98 86 98 82 100 29 95 11 95 3 96 17 100 70 100 46 100 76
98 45 98 1 100 14 100 19 100 34 98 56 99 44 99 67 99 4 95 50 95 4 99 87 98 61 98 1 99 74 97 74 97 18 100 35 99 22 99 33 99 64 96 90 96 36 98 70
57 98 37 100 3 100 56 100 60 98 46 98 10 99 26 99 33 99 70 95 63 99 21 99 15 98 18 99 90 99 13 97 88 100 67 100 67 99 90 99 25 99 23 96 91 98 75 98
62 98 93 100 71 100 39 97 53 97 23 97 61 100 79 99 39 99 53 97 19 99 27 99 6 100 27 99 11 99 29 99 61 96 49 96 42 96 87 98 61 98 28 97 91 99 91 99
98 9 98 50 100 86 97 87 97 62 97 53 100 48 100 43 99 9 97 20 97 79 99 60 100 92 100 42 99 19 99 23 99 70 96 19 96 26 96 2 98 6 97 26 97 19 99 84
100 11 100 67 100 72 99 6 99 28 100 8 95 25 95 45 96 69 100 8 100 67 95 48 97 20 97 14 99 13 95 71 95 16 97 93 95 63 95 67 99 40 100 93 100 51 98 31
68 100 38 100 9 100 3 99 57 100 43 100 37 95 87 96 87 96 81 100 86 95 62 95 26 97 33 99 41 99 41 95 20 97 90 97 66 95 39 99 93 99 34 100 48 98 73 98
56 96 28 100 34 100 21 100 71 100 3 100 52 99 7 100 10 100 71 97 21 98 81 98 68 96 29 97 76 97 76 98 6 97 48 97 11 95 8 98 14 98 32 95 59 100 23 100
96 80 96 49 100 45 100 77 100 25 100 48 99 68 99 50 100 11 97 4 97 87 98 78 96 18 96 12 97 19 98 33 98 90 97 57 95 67 95 13 98 35 95 6 95 41 100 36
98 3 98 40 95 6 99 49 99 28 100 86 97 53 97 49 96 84 100 60 100 94 99 33 99 75 99 84 99 87 98 87 98 31 100 77 96 64 96 29 96 36 100 81 100 52 100 44
27 98 34 95 17 95 60 99 61 100 35 100 13 97 15 96 36 96 2 100 40 99 15 99 56 99 75 99 80 99 42 98 52 100 32 100 55 96 9 96 10 96 25 100 73 100 53 100
9 99 58 100 55 100 83 98 16 97 8 97 59 98 19 97 59 97 74 100 84 96 50 96 60 95 34 97 51 97 3 96 59 95 51 95 41 99 42 99 55 99 78 96 73 95 91 95
99 54 99 82 100 83 98 59 98 44 97 12 98 89 98 64 97 87 100 32 100 81 96 19 95 86 95 30 97 54 96 75 96 51 95 14 99 45 99 66 99 24 96 40 96 37 95 14
97 58 97 10 100 2 98 53 98 35 97 42 99 44 99 4 99 19 96 26 96 84 97 27 100 1 100 31 97 27 100 82 100 20 100 66 98 30 98 65 99 88 97 82 97 39 96 62
57 97 3 100 83 100 20 98 76 97 19 97 67 99 54 99 10 99 51 96 53 97 44 97 38 100 89 97 28 97 68 100 60 100 90 100 76 98 15 99 74 99 5 97 2 96 6 96
78 96 14 96 24 96 37 100 3 97 50 97 79 96 13 100 25 100 22 96 75 97 92 97 6 96 48 97 15 97 57 96 21 100 22 100 54 96 45 99 83 99 51 100 66 98 87 98
96 50 96 31 96 31 100 3 100 15 97 71 96 39 96 25 100 59 96 38 96 16 97 90 96 76 96 77 97 42 96 75 96 30 100 82 96 85 96 27 99 26 100 56 100 44 98 84
100 14 100 5 96 26 99 55 99 72 100 12 98 75 98 50 95 43 97 71 97 29 99 25 95 91 95 47 98 77 98 87 98 88 99 62 99 75 99 14 96 19 96 41 96 83 99 47
58 100 33 96 54 96 23 99 12 100 94 100 1 98 74 95 92 95 79 97 77 99 53 99 47 95 54 98 12 98 93 98 28 99 90 99 32 99 64 96 17 96 74 96 70 99 88 99
40 97 67 95 5 95 59 99 52 100 46 100 30 99 45 96 65 96 48 97 55 98 35 98 8 99 37 99 59 99 3 98 74 100 39 100 41 98 71 100 33 100 62 98 85 99 80 99
97 7 97 19 95 45 99 40 99 43 100 45 99 27 99 21 96 74 97 75 97 19 98 56 99 7 99 16 99 59 98 37 98 53 100 32 98 54 98 37 100 22 98 88 98 21 99 34
95 14 95 94 97 37 98 75 98 72 99 66 97 31 97 15 98 25 96 42 96 44 96 80 95 9 95 57 100 35 98 65 98 1 99 5 99 82 99 37 95 26 95 40 95 2 99 13
91 95 15 97 89 97 84 98 3 99 83 99 89 97 15 98 7 98 62 96 35 96 88 96 61 95 50 100 66 100 38 98 88 99 2 99 30 99 54 95 16 95 74 95 87 99 22 99
33 95 74 98 77 98 1 96 34 99 19 99 83 99 54 98 29 98 79 99 28 95 21 95 59 100 2 99 76 99 25 100 64 100 47 100 63 96 45 95 57 95 68 100 39 98 64 98
95 25 95 32 98 75 96 48 96 80 99 77 99 90 99 71 98 68 99 72 99 2 95 52 100 93 100 38 99 3 100 42 100 31 100 59 96 62 96 89 95 33 100 53 100 27 98 89
96 24 96 1 100 58 99 2 99 50 99 72 99 39 99 64 96 42 95 44 95 74 100 44 95 29 95 73 99 21 98 39 98 57 97 47 95 76 95 3 99 23 98 39 98 54 96 40
17 96 84 100 4 100 90 99 18 99 69 99 54 99 7 96 76 96 16 95 29 100 49 100 13 95 39 99 38 99 53 98 15 97 19 97 62 95 67 99 47 99 20 98 84 96 9 96
37 99 25 95 46 95 41 100 25 98 51 98 42 97 66 95 37 95 43 96 38 100 11 100 6 100 81 100 45 100 64 96 87 97 65 97 20 97 55 98 89 98 20 97 11 100 16 100
99 4 99 62 95 40 100 1 100 24 98 81 97 83 97 40 95 30 96 93 96 17 100 29 100 3 100 85 100 47 96 46 96 87 97 63 97 83 97 19 98 80 97 45 97 35 100 24
0 0 0 0 0 0 0 0 0 0 0 0 0 0 0 0 0 0 0 0 0 0 0 0 0 0 0 0 0 0 0 0 0 0 0 0 0 0 0 0 0 0 0 0 0 0 0 0
0 0 0 0 0 0 0 0 0 0 0 0 0 0 0 0 0 0 0 0 0 0 0 0 0 0 0 0 0 0 0 0 0 0 0 0 0 0 0 0 0 0 0 0 0 0 0 0
0 0 0 0 0 0 0 0 0 0 0 0 0 0 0 0 0 0 0 0 0 0 0 0 0 0 0 0 0 0 0 0 0 0 0 0 0 0 0 0 0 0 0 0 0 0 0 0
0 0 0 0 0 0 0 0 0 0 0 0 0 0 0 0 0 0 0 0 0 0 0 0 0 0 0 0 0 0 0 0 0 0 0 0 0 0 0 0 0 0 0 0 0 0 0 0
0 0 0 0 0 0 0 0 0 0 0 0 0 0 0 0 0 0 0 0 0 0 0 0 0 0 0 0 0 0 0 0 0 0 0 0 0 0 0 0 0 0 0 0 0 0 0 0
0 0 0 0 0 0 0 0 0 0 0 0 0 0 0 0 0 0 0 0 0 0 0 0 0 0 0 0 0 0 0 0 0 0 0 0 0 0 0 0 0 0 0 0 0 0 0 0
0 0 0 0 0 0 0 0 0 0 0 0 0 0 0 0 0 0 0 0 0 0 0 0 0 0 0 0 0 0 0 0 0 0 0 0 0 0 0 0 0 0 0 0 0 0 0 0
0 0 0 0 0 0 0 0 0 0 0 0 0 0 0 0 0 0 0 0 0 0 0 0 0 0 0 0 0 0 0 0 0 0 0 0 0 0 0 0 0 0 0 0 0 0 0 0
0 0 0 0 0 0 0 0 0 0 0 0 0 0 0 0 0 0 0 0 0 0 0 0 0 0 0 0 0 0 0 0 0 0 0 0 0 0 0 0 0 0 0 0 0 0 0 0
0 0 0 0 0 0 0 0 0 0 0 0 0 0 0 0 0 0 0 0 0 0 0 0 0 0 0 0 0 0 0 0 0 0 0 0 0 0 0 0 0 0 0 0 0 0 0 0
0 0 0 0 0 0 0 0 0 0 0 0 0 0 0 0 0 0 0 0 0 0 0 0 0 0 0 0 0 0 0 0 0 0 0 0 0 0 0 0 0 0 0 0 0 0 0 0
0 0 0 0 0 0 0 0 0 0 0 0 0 0 0 0 0 0 0 0 0 0 0 0 0 0 0 0 0 0 0 0 0 0 0 0 0 0 0 0 0 0 0 0 0 0 0 0
0 0 0 0 0 0 0 0 0 0 0 0 0 0 0 0 0 0 0 0 0 0 0 0 0 0 0 0 0 0 0 0 0 0 0 0 0 0 0 0 0 0 0 0 0 0 0 0
0 0 0 0 0 0 0 0 0 0 0 0 0 0 0 0 0 0 0 0 0 0 0 0 0 0 0 0 0 0 0 0 0 0 0 0 0 0 0 0 0 0 0 0 0 0 0 0
0 0 0 0 0 0 0 0 0 0 0 0 0 0 0 0 0 0 0 0 0 0 0 0 0 0 0 0 0 0 0 0 0 0 0 0 0 0 0 0 0 0 0 0 0 0 0 0
0 0 0 0 0 0 0 0 0 0 0 0 0 0 0 0 0 0 0 0 0 0 0 0 0 0 0 0 0 0 0 0 0 0 0 0 0 0 0 0 0 0 0 0 0 0 0 0
0 0 0 0 0 0 0 0 0 0 0 0 0 0 0 0 0 0 0 0 0 0 0 0 0 0 0 0 0 0 0 0 0 0 0 0 0 0 0 0 0 0 0 0 0 0 0 0
0 0 0 0 0 0 0 0 0 0 0 0 0 0 0 0 0 0 0 0 0 0 0 0 0 0 0 0 0 0 0 0 0 0 0 0 0 0 0 0 0 0 0 0 0 0 0 0
0 0 0 0 0 0 0 0 0 0 0 0 0 0 0 0 0 0 0 0 0 0 0 0 0 0 0 0 0 0 0 0 0 0 0 0 0 0 0 0 0 0 0 0 0 0 0 0
0 0 0 0 0 0 0 0 0 0 0 0 0 0 0 0 0 0 0 0 0 0 0 0 0 0 0 0 0 0 0 0 0 0 0 0 0 0 0 0 0 0 0 0 0 0 0 0
0 0 0 0 0 0 0 0 0 0 0 0 0 0 0 0 0 0 0 0 0 0 0 0 0 0 0 0 0 0 0 0 0 0 0 0 0 0 0 0 0 0 0 0 0 0 0 0
0 0 0 0 0 0 0 0 0 0 0 0 0 0 0 0 0 0 0 0 0 0 0 0 0 0 0 0 0 0 0 0 0 0 0 0 0 0 0 0 0 0 0 0 0 0 0 0
0 0 0 0 0 0 0 0 0 0 0 0 0 0 0 0 0 0 0 0 0 0 0 0 0 0 0 0 0 0 0 0 0 0 0 0 0 0 0 0 0 0 0 0 0 0 0 0
0 0 0 0 0 0 0 0 0 0 0 0 0 0 0 0 0 0 0 0 0 0 0 0 0 0 0 0 0 0 0 0 0 0 0 0 0 0 0 0 0 0 0 0 0 0 0 0
0 0 0 0 0 0 0 0 0 0 0 0 0 0 0 0 0 0 0 0 0 0 0 0 0 0 0 0 0 0 0 0 0 0 0 0 0 0 0 0 0 0 0 0 0 0 0 0
0 0 0 0 0 0 0 0 0 0 0 0 0 0 0 0 0 0 0 0 0 0 0 0 0 0 0 0 0 0 0 0 0 0 0 0 0 0 0 0 0 0 0 0 0 0 0 0
0 0 0 0 0 0 0 0 0 0 0 0 0 0 0 0 0 0 0 0 0 0 0 0 0 0 0 0 0 0 0 0 0 0 0 0 0 0 0 0 0 0 0 0 0 0 0 0
0 0 0 0 0 0 0 0 0 0 0 0 0 0 0 0 0 0 0 0 0 0 0 0 0 0 0 0 0 0 0 0 0 0 0 0 0 0 0 0 0 0 0 0 0 0 0 0
0 0 0 0 0 0 0 0 0 0 0 0 0 0 0 0 0 0 0 0 0 0 0 0 0 0 0 0 0 0 0 0 0 0 0 0 0 0 0 0 0 0 0 0 0 0 0 0
0 0 0 0 0 0 0 0 0 0 0 0 0 0 0 0 0 0 0 0 0 0 0 0 0 0 0 0 0 0 0 0 0 0 0 0 0 0 0 0 0 0 0 0 0 0 0 0
0 0 0 0 0 0 0 0 0 0 0 0 0 0 0 0 0 0 0 0 0 0 0 0 0 0 0 0 0 0 0 0 0 0 0 0 0 0 0 0 0 0 0 0 0 0 0 0
0 0 0 0 0 0 0 0 0 0 0 0 0 0 0 0 0 0 0 0 0 0 0 0 0 0 0 0 0 0 0 0 0 0 0 0 0 0 0 0 0 0 0 0 0 0 0 0
0 0 0 0 0 0 0 0 0 0 0 0 0 0 0 0 0 0 0 0 0 0 0 0 0 0 0 0 0 0 0 0 0 0 0 0 0 0 0 0 0 0 0 0 0 0 0 0
0 0 0 0 0 0 0 0 0 0 0 0 0 0 0 0 0 0 0 0 0 0 0 0 0 0 0 0 0 0 0 0 0 0 0 0 0 0 0 0 0 0 0 0 0 0 0 0
0 0 0 0 0 0 0 0 0 0 0 0 0 0 0 0 0 0 0 0 0 0 0 0 0 0 0 0 0 0 0 0 0 0 0 0 0 0 0 0 0 0 0 0 0 0 0 0
0 0 0 0 0 0 0 0 0 0 0 0 0 0 0 0 0 0 0 0 0 0 0 0 0 0 0 0 0 0 0 0 0 0 0 0 0 0 0 0 0 0 0 0 0 0 0 0
0 0 0 0 0 0 0 0 0 0 0 0 0 0 0 0 0 0 0 0 0 0 0 0 0 0 0 0 0 0 0 0 0 0 0 0 0 0 0 0 0 0 0 0 0 0 0 0
0 0 0 0 0 0 0 0 0 0 0 0 0 0 0 0 0 0 0 0 0 0 0 0 0 0 0 0 0 0 0 0 0 0 0 0 0 0 0 0 0 0 0 0 0 0 0 0
0 0 0 0 0 0 0 0 0 0 0 0 0 0 0 0 0 0 0 0 0 0 0 0 0 0 0 0 0 0 0 0 0 0 0 0 0 0 0 0 0 0 0 0 0 0 0 0
0 0 0 0 0 0 0 0 0 0 0 0 0 0 0 0 0 0 0 0 0 0 0 0 0 0 0 0 0 0 0 0 0 0 0 0 0 0 0 0 0 0 0 0 0 0 0 0
0 0 0 0 0 0 0 0 0 0 0 0 0 0 0 0 0 0 0 0 0 0 0 0 0 0 0 0 0 0 0 0 0 0 0 0 0 0 0 0 0 0 0 0 0 0 0 0
0 0 0 0 0 0 0 0 0 0 0 0 0 0 0 0 0 0 0 0 0 0 0 0 0 0 0 0 0 0 0 0 0 0 0 0 0 0 0 0 0 0 0 0 0 0 0 0
0 0 0 0 0 0 0 0 0 0 0 0 0 0 0 0 0 0 0 0 0 0 0 0 0 0 0 0 0 0 0 0 0 0 0 0 0 0 0 0 0 0 0 0 0 0 0 0
0 0 0 0 0 0 0 0 0 0 0 0 0 0 0 0 0 0 0 0 0 0 0 0 0 0 0 0 0 0 0 0 0 0 0 0 0 0 0 0 0 0 0 0 0 0 0 0
0 0 0 0 0 0 0 0 0 0 0 0 0 0 0 0 0 0 0 0 0 0 0 0 0 0 0 0 0 0 0 0 0 0 0 0 0 0 0 0 0 0 0 0 0 0 0 0
0 0 0 0 0 0 0 0 0 0 0 0 0 0 0 0 0 0 0 0 0 0 0 0 0 0 0 0 0 0 0 0 0 0 0 0 0 0 0 0 0 0 0 0 0 0 0 0
0 0 0 0 0 0 0 0 0 0 0 0 0 0 0 0 0 0 0 0 0 0 0 0 0 0 0 0 0 0 0 0 0 0 0 0 0 0 0 0 0 0 0 0 0 0 0 0
0 0 0 0 0 0 0 0 0 0 0 0 0 0 0 0 0 0 0 0 0 0 0 0 0 0 0 0 0 0 0 0 0 0 0 0 0 0 0 0 0 0 0 0 0 0 0 0
0 0 0 0 0 0 0 0 0 0 0 0 0 0 0 0 0 0 0 0 0 0 0 0 0 0 0 0 0 0 0 0 0 0 0 0 0 0 0 0 0 0 0 0 0 0 0 0
0 0 0 0 0 0 0 0 0 0 0 0 0 0 0 0 0 0 0 0 0 0 0 0 0 0 0 0 0 0 0 0 0 0 0 0 0 0 0 0 0 0 0 0 0 0 0 0
45 11 46 11
37 35 38 35
2 5 3 5
15 5 16 5
7 5 8 5
16 17 17 17
47 11 48 11
26 14 27 14
11 20 12 20
44 17 45 17
19 23 20 23
4 29 5 29
39 17 40 17
35 17 36 17
9 5 10 5
2 44 3 44
2 41 3 41
45 29 46 29
20 5 21 5
45 5 46 5
35 26 36 26
12 44 13 44
38 29 39 29
48 32 49 32
1 29 2 29
21 17 22 17
49 17 50 17
27 41 28 41
40 17 41 17
3 2 4 2
34 47 35 47
10 41 11 41
30 5 31 5
33 11 34 11
11 17 12 17
45 32 46 32
13 29 14 29
36 32 37 32
45 20 46 20
32 14 33 14
5 35 6 35
35 44 36 44
49 2 50 2
49 29 50 29
23 35 24 35
3 26 4 26
42 38 43 38
25 38 26 38
12 29 13 29
38 2 39 2
7 17 8 17
42 5 43 5
11 47 12 47
15 8 16 8
44 2 45 2
33 8 34 8
38 5 39 5
8 14 9 14
24 32 25 32
14 17 15 17
44 20 45 20
44 44 45 44
42 29 43 29
3 35 4 35
4 29 5 29
46 29 47 29
9 38 10 38
6 44 7 44
16 8 17 8
26 20 27 20
16 41 17 41
29 38 30 38
34 20 35 20
17 32 18 32
29 38 30 38
30 38 31 38
43 38 44 38
9 26 10 26
2 5 3 5
42 14 43 14
6 41 7 41
33 38 34 38
4 47 5 47
28 35 29 35
41 26 42 26
28 2 29 2
40 38 41 38
22 32 23 32
13 5 14 5
4 29 5 29
40 44 41 44
10 14 11 14
39 44 40 44
11 17 12 17
34 26 35 26
9 38 10 38
3 8 4 8
33 41 34 41
3 14 4 14
34 35 35 35
19 5 20 5
9 32 10 32
35 20 36 20
26 41 27 41
35 20 36 20
16 41 17 41
20 47 21 47
38 26 39 26
43 32 44 32
26 38 27 38
24 47 25 47
26 14 27 14
43 5 44 5
3 17 4 17
24 35 25 35
41 20 42 20
34 5 35 5
38 41 39 41
36 29 37 29
33 29 34 29
46 11 47 11
17 29 18 29
14 5 15 5
42 26 43 26
31 23 32 23
42 20 43 20
38 2 39 2
46 23 47 23
47 38 48 38
18 11 19 11
6 5 7 5
17 8 18 8
34 32 35 32
6 47 7 47
33 2 34 2
24 38 25 38
48 8 49 8
25 44 26 44
44 26 45 26
33 8 34 8
14 8 15 8
9 8 10 8
20 17 21 17
13 41 14 41
6 38 7 38
24 41 25 41
28 29 29 29
16 20 17 20
43 17 44 17
9 44 10 44
49 17 50 17
16 23 17 23
15 2 16 2
38 14 39 14
49 26 50 26
14 32 15 32
4 23 5 23
42 23 43 23
1 5 2 5
10 38 11 38
46 17 47 17
6 11 7 11
28 17 29 17
6 2 7 2
31 11 32 11
35 32 36 32
46 11 47 11
29 35 30 35
12 47 13 47
27 20 28 20
39 8 40 8
17 20 18 20
43 23 44 23
44 44 45 44
28 11 29 11
26 47 27 47
27 29 28 29
24 35 25 35
25 26 26 26
22 47 23 47
20 38 21 38
7 20 8 20
41 35 42 35
18 35 19 35
20 2 21 2
7 17 8 17
35 8 36 8
32 41 33 41
34 20 35 20
27 29 28 29
8 41 9 41
5 35 6 35
43 23 44 23
8 44 9 44
13 26 14 26
36 29 37 29
42 41 43 41
41 26 42 26
34 32 35 32
20 20 21 20
36 32 37 32
39 35 40 35
41 2 42 2
47 5 48 5
46 20 47 20
6 17 7 17
19 14 20 14
26 44 27 44
37 14 38 14
32 41 33 41
5 20 6 20
33 35 34 35
22 23 23 23
6 14 7 14
4 17 5 17
40 17 41 17
2 2 3 2
8 35 9 35
13 35 14 35
4 38 5 38
25 23 26 23
47 47 48 47
33 23 34 23
22 29 23 29
15 35 16 35
49 20 50 20
42 14 43 14
37 35 38 35
23 47 24 47
46 41 47 41
4 35 5 35
7 38 8 38
34 14 35 14
5 32 6 32
31 2 32 2
28 17 29 17
14 20 15 20
24 17 25 17
18 44 19 44
48 38 49 38
37 47 38 47
31 41 32 41
42 2 43 2
13 11 14 11
31 26 32 26
48 35 49 35
45 38 46 38
36 44 37 44
19 8 20 8
40 38 41 38
44 47 45 47
5 2 6 2
18 44 19 44
46 5 47 5
11 14 12 14
32 11 33 11
39 20 40 20
23 8 24 8
44 32 45 32
25 41 26 41
19 5 20 5
9 47 10 47
30 20 31 20
24 8 25 8
20 17 21 17
39 17 40 17
49 38 50 38
19 29 20 29
13 23 14 23
26 14 27 14
6 44 7 44
8 2 9 2
7 32 8 32
44 5 45 5
38 32 39 32
43 35 44 35
12 41 13 41
40 23 41 23
30 44 31 44
43 17 44 17
38 41 39 41
26 41 27 41
29 26 30 26
10 5 11 5
20 17 21 17
39 32 40 32
13 17 14 17
24 26 25 26
28 8 29 8
2 2 3 2
4 47 5 47
41 41 42 41
19 44 20 44
42 35 43 35
33 26 34 26
5 23 6 23
36 41 37 41
7 8 8 8
23 32 24 32
15 41 16 41
7 29 8 29
38 35 39 35
40 20 41 20
5 44 6 44
30 26 31 26
1 41 2 41
1 5 2 5
25 17 26 17
47 35 48 35
27 35 28 35
11 14 12 14
30 17 31 17
8 5 9 5
40 8 41 8
46 47 47 47
25 8 26 8
33 38 34 38
48 11 49 11
35 47 36 47
30 35 31 35
8 32 9 32
25 29 26 29
17 35 18 35
47 29 48 29
41 8 42 8
3 14 4 14
40 20 41 20
21 44 22 44
22 41 23 41
19 41 20 41
41 44 42 44
46 2 47 2
33 20 34 20
17 14 18 14
8 44 9 44
10 17 11 17
27 41 28 41
43 41 44 41
14 14 15 14
47 44 48 44
40 47 41 47
29 8 30 8
25 2 26 2
40 20 41 20
35 5 36 5
7 38 8 38
12 26 13 26
2 38 3 38
34 35 35 35
46 26 47 26
10 11 11 11
46 23 47 23
10 2 11 2
38 35 39 35
31 20 32 20
18 26 19 26
45 35 46 35
40 41 41 41
13 38 14 38
12 2 13 2
9 26 10 26
7 26 8 26
45 8 46 8
11 26 12 26
37 5 38 5
5 26 6 26
31 5 32 5
22 17 23 17
14 47 15 47
43 14 44 14
39 44 40 44
23 26 24 26
42 2 43 2
28 17 29 17
19 11 20 11
18 47 19 47
2 14 3 14
27 14 28 14
8 32 9 32
8 38 9 38
1 44 2 44
24 47 25 47
39 2 40 2
18 2 19 2
32 32 33 32
13 8 14 8
27 20 28 20
17 11 18 11
17 14 18 14
16 23 17 23
8 14 9 14
42 20 43 20
13 29 14 29
15 38 16 38
24 29 25 29
12 41 13 41
36 29 37 29
10 44 11 44
34 8 35 8
7 41 8 41
39 41 40 41
21 32 22 32
31 17 32 17
11 23 12 23
47 35 48 35
6 38 7 38
44 29 45 29
19 14 20 14
19 29 20 29
48 41 49 41
42 35 43 35
35 14 36 14
32 11 33 11
40 17 41 17
14 20 15 20
28 26 29 26
32 8 33 8
34 47 35 47
10 35 11 35
8 29 9 29
18 17 19 17
4 8 5 8
16 44 17 44
35 14 36 14
34 29 35 29
48 47 49 47
43 38 44 38
46 29 47 29
28 29 29 29
11 47 12 47
48 47 49 47
7 29 8 29
7 8 8 8
19 14 20 14
26 47 27 47
12 26 13 26
12 14 13 14
4 2 5 2
14 44 15 44
18 29 19 29
27 23 28 23
26 26 27 26
5 17 6 17
28 32 29 32
38 5 39 5
36 32 37 32
24 29 25 29
6 41 7 41
16 47 17 47
19 41 20 41
11 29 12 29
7 8 8 8
46 14 47 14
14 29 15 29
41 14 42 14
6 29 7 29
30 23 31 23
1 26 2 26
2 29 3 29
35 14 36 14
46 35 47 35
11 26 12 26
16 20 17 20
26 41 27 41
4 8 5 8
45 20 46 20
48 32 49 32
27 5 28 5
3 20 4 20
20 8 21 8
17 14 18 14
32 32 33 32
17 17 18 17
17 8 18 8
41 41 42 41
27 5 28 5
4 26 5 26
29 20 30 20
34 47 35 47
45 47 46 47
29 5 30 5
8 41 9 41
2 20 3 20
29 47 30 47
8 47 9 47
2 26 3 26
35 26 36 26
42 2 43 2
4 32 5 32
49 32 50 32
38 2 39 2
27 5 28 5
5 32 6 32
49 11 50 11
24 20 25 20
16 2 17 2
30 14 31 14
22 5 23 5
14 20 15 20
30 29 31 29
44 35 45 35
33 23 34 23
9 26 10 26
9 35 10 35
4 38 5 38
34 47 35 47
23 2 24 2
40 47 41 47
3 5 4 5
23 5 24 5
9 23 10 23
4 11 5 11
32 2 33 2
47 5 48 5
6 26 7 26
46 23 47 23
1 44 2 44
44 41 45 41
44 17 45 17
6 44 7 44
35 35 36 35
15 38 16 38
15 20 16 20
3 11 4 11
21 5 22 5
28 17 29 17
42 29 43 29
1 29 2 29
8 44 9 44
12 38 13 38
31 29 32 29
13 23 14 23
5 5 6 5
34 35 35 35
33 26 34 26
22 32 23 32
27 38 28 38
21 44 22 44
40 2 41 2
4 5 5 5
35 35 36 35
16 41 17 41
27 5 28 5
11 35 12 35
29 23 30 23
14 17 15 17
21 11 22 11
28 44 29 44
15 47 16 47
48 11 49 11
20 14 21 14
17 11 18 11
26 23 27 23
9 8 10 8
23 23 24 23
1 11 2 11
3 14 4 14
19 29 20 29
25 35 26 35
1 35 2 35
42 2 43 2
38 11 39 11
37 14 38 14
31 17 32 17
22 38 23 38
21 38 22 38
45 35 46 35
29 2 30 2
46 32 47 32
34 23 35 23
23 5 24 5
36 26 37 26
44 14 45 14
19 11 20 11
28 2 29 2
20 14 21 14
36 20 37 20
22 35 23 35
21 23 22 23
48 17 49 17
37 32 38 32
25 29 26 29
30 23 31 23
35 2 36 2
21 11 22 11
27 5 28 5
39 38 40 38
43 35 44 35
18 47 19 47
8 2 9 2
8 17 9 17
14 14 15 14
5 5 6 5
33 44 34 44
46 35 47 35
29 5 30 5
42 44 43 44
46 8 47 8
41 8 42 8
47 2 48 2
27 5 28 5
38 17 39 17
28 14 29 14
19 44 20 44
36 20 37 20
15 44 16 44
9 44 10 44
42 44 43 44
9 17 10 17
20 47 21 47
31 11 32 11
14 14 15 14
33 41 34 41
46 26 47 26
10 29 11 29
24 23 25 23
38 14 39 14
33 17 34 17
9 44 10 44
25 35 26 35
29 29 30 29
42 14 43 14
2 5 3 5
14 8 15 8
14 8 15 8
12 20 13 20
9 5 10 5
39 14 40 14
43 29 44 29
42 5 43 5
49 23 50 23
22 5 23 5
34 26 35 26
32 38 33 38
3 44 4 44
40 38 41 38
40 8 41 8
37 5 38 5
30 17 31 17
37 20 38 20
28 5 29 5
32 5 33 5
15 38 16 38
9 5 10 5
22 26 23 26
6 26 7 26
39 26 40 26
44 17 45 17
9 14 10 14
39 32 40 32
15 2 16 2
22 41 23 41
26 47 27 47
4 35 5 35
26 20 27 20
32 17 33 17
45 29 46 29
39 8 40 8
40 14 41 14
38 8 39 8
32 41 33 41
3 20 4 20
22 17 23 17
15 23 16 23
7 41 8 41
14 29 15 29
30 14 31 14
16 8 17 8
43 47 44 47
43 23 44 23
26 2 27 2
10 44 11 44
35 32 36 32
39 5 40 5
16 8 17 8
17 20 18 20
30 17 31 17
15 29 16 29
9 2 10 2
49 11 50 11
37 23 38 23
35 11 36 11
10 14 11 14
21 23 22 23
9 47 10 47
41 32 42 32
7 35 8 35
28 44 29 44
33 8 34 8
34 35 35 35
34 2 35 2
25 35 26 35
2 2 3 2
16 8 17 8
7 17 8 17
20 17 21 17
25 44 26 44
13 32 14 32
16 26 17 26
12 26 13 26
27 35 28 35
47 5 48 5
10 23 11 23
12 5 13 5
35 26 36 26
23 32 24 32
21 20 22 20
49 5 50 5
49 35 50 35
43 38 44 38
8 17 9 17
4 17 5 17
13 23 14 23
6 41 7 41
22 47 23 47
7 32 8 32
45 35 46 35
44 32 45 32
14 2 15 2
26 35 27 35
45 17 46 17
48 2 49 2
25 2 26 2
14 35 15 35
9 29 10 29
33 2 34 2
37 2 38 2
4 11 5 11
26 38 27 38
2 26 3 26
15 35 16 35
11 11 12 11
37 11 38 11
14 5 15 5
42 35 43 35
40 14 41 14
10 29 11 29
27 47 28 47
6 8 7 8
46 11 47 11
23 11 24 11
18 14 19 14
45 23 46 23
9 20 10 20
14 8 15 8
11 20 12 20
5 29 6 29
26 32 27 32
8 35 9 35
40 8 41 8
43 20 44 20
43 20 44 20
13 20 14 20
25 23 26 23
28 17 29 17
2 20 3 20
7 2 8 2
12 29 13 29
27 32 28 32
2 47 3 47
48 41 49 41
35 47 36 47
45 23 46 23
24 44 25 44
32 14 33 14
4 47 5 47
44 32 45 32
26 5 27 5
13 20 14 20
24 29 25 29
38 14 39 14
5 44 6 44
43 44 44 44
40 2 41 2
37 17 38 17
48 35 49 35
44 26 45 26
33 44 34 44
48 17 49 17
33 5 34 5
27 47 28 47
31 8 32 8
40 35 41 35
22 17 23 17
10 32 11 32
46 23 47 23
42 11 43 11
39 32 40 32
45 20 46 20
8 11 9 11
23 38 24 38
13 8 14 8
39 20 40 20
13 20 14 20
5 23 6 23
46 44 47 44
2 8 3 8
36 38 37 38
4 35 5 35
11 2 12 2
12 35 13 35
36 29 37 29
30 14 31 14
23 20 24 20
36 38 37 38
25 26 26 26
20 35 21 35
29 11 30 11
10 41 11 41
46 17 47 17
42 14 43 14
15 14 16 14
24 38 25 38
35 32 36 32
46 20 47 20
17 44 18 44
39 14 40 14
33 35 34 35
22 5 23 5
43 2 44 2
40 47 41 47
11 11 12 11
48 32 49 32
46 17 47 17
42 38 43 38
45 5 46 5
42 44 43 44
8 41 9 41
15 17 16 17
31 5 32 5
28 29 29 29
27 14 28 14
21 29 22 29
14 29 15 29
36 35 37 35
3 20 4 20
4 35 5 35
17 14 18 14
19 5 20 5
43 29 44 29
23 44 24 44
17 41 18 41
8 8 9 8
45 14 46 14
49 47 50 47
8 17 9 17
15 14 16 14
4 11 5 11
28 5 29 5
21 47 22 47
15 47 16 47
44 32 45 32
47 17 48 17
38 29 39 29
4 20 5 20
37 26 38 26
31 26 32 26
11 38 12 38
19 11 20 11
24 44 25 44
7 5 8 5
28 5 29 5
38 26 39 26
46 8 47 8
11 35 12 35
24 29 25 29
29 38 30 38
21 5 22 5
46 26 47 26
31 11 32 11
9 14 10 14
28 23 29 23
37 26 38 26
5 14 6 14
10 32 11 32
42 20 43 20
44 11 45 11
14 29 15 29
25 47 26 47
7 20 8 20
21 17 22 17
8 44 9 44
9 11 10 11
45 8 46 8
39 17 40 17
22 8 23 8
17 5 18 5
14 5 15 5
49 5 50 5
1 35 2 35
23 17 24 17
17 44 18 44
35 41 36 41
48 38 49 38
26 44 27 44
8 41 9 41
26 41 27 41
37 47 38 47
42 41 43 41
29 14 30 14
30 35 31 35
46 8 47 8
31 14 32 14
31 32 32 32
26 35 27 35
29 44 30 44
48 29 49 29
46 44 47 44
21 38 22 38
7 14 8 14
24 2 25 2
32 2 33 2
48 11 49 11
45 38 46 38
34 35 35 35
12 14 13 14
4 2 5 2
6 26 7 26
36 8 37 8
12 35 13 35
7 32 8 32
1 35 2 35
13 38 14 38
24 44 25 44
36 32 37 32
30 47 31 47
4 35 5 35
38 26 39 26
24 32 25 32
17 32 18 32
33 26 34 26
21 5 22 5
38 35 39 35
37 26 38 26
39 26 40 26
26 23 27 23
5 8 6 8
9 38 10 38
12 20 13 20
14 5 15 5
46 47 47 47
40 26 41 26
44 35 45 35
29 23 30 23
49 5 50 5
5 32 6 32
20 47 21 47
16 47 17 47
37 8 38 8
24 47 25 47
22 2 23 2
12 5 13 5
19 35 20 35
23 20 24 20
28 29 29 29
17 5 18 5
18 41 19 41
12 26 13 26
27 14 28 14
22 14 23 14
8 5 9 5
21 47 22 47
20 20 21 20
31 2 32 2
44 41 45 41
18 35 19 35
23 20 24 20
2 41 3 41
47 41 48 41
34 17 35 17
21 47 22 47
8 26 9 26
37 20 38 20
15 8 16 8
19 35 20 35
38 11 39 11
7 8 8 8
25 29 26 29
36 14 37 14
40 47 41 47
37 17 38 17
44 44 45 44
49 23 50 23
17 41 18 41
33 35 34 35
7 35 8 35
14 38 15 38
46 32 47 32
41 5 42 5
15 26 16 26
45 11 46 11
47 20 48 20
2 20 3 20
32 35 33 35
29 23 30 23
23 23 24 23
37 32 38 32
34 20 35 20
1 20 2 20
17 5 18 5
