50 48 100 1000
60 97 29 99 37 99 62 97 73 100 63 100 23 98 26 97 83 97 84 100 50 99 49 99 55 96 94 97 64 97 82 98 83 99 69 99 12 96 42 98 50 98 30 96 21 99 41 99
97 37 97 12 99 70 97 85 97 50 100 41 98 40 98 26 97 43 100 19 100 7 99 26 96 2 96 11 97 83 98 63 98 23 99 42 96 57 96 55 98 44 96 32 96 92 99 85
97 6 97 91 100 1 100 27 100 2 96 38 98 92 98 33 99 94 100 56 100 77 99 45 97 15 97 79 97 95 100 36 100 61 96 30 100 5 100 57 96 49 99 5 99 90 97 86
31 97 31 100 26 100 58 100 78 96 35 96 49 98 23 99 52 99 37 100 76 99 2 99 41 97 49 97 25 97 72 100 46 96 42 96 57 100 63 96 21 96 25 99 38 97 56 97
79 97 10 97 25 97 94 98 12 99 36 99 16 97 42 96 8 96 28 100 24 98 57 98 85 98 47 98 35 98 69 96 6 99 80 99 41 99 45 96 9 96 10 100 72 96 51 96
97 81 97 30 97 75 98 28 98 1 99 8 97 16 97 61 96 56 100 94 100 75 98 53 98 18 98 40 98 42 96 35 96 12 99 69 99 94 99 74 96 40 100 55 100 52 96 61
98 29 98 69 100 18 99 28 99 2 99 83 96 88 96 49 98 52 98 22 98 69 96 91 98 48 98 63 96 4 97 67 97 25 96 31 98 22 98 87 97 77 96 20 96 91 100 18
90 98 45 100 78 100 47 99 59 99 72 99 48 96 45 98 63 98 21 98 89 96 16 96 19 98 85 96 6 96 66 97 54 96 75 96 33 98 27 97 48 97 10 96 59 100 73 100
29 96 53 99 4 99 37 97 28 98 30 98 43 98 41 100 51 100 32 98 55 99 11 99 66 97 35 98 59 98 93 100 25 97 55 97 70 100 51 97 59 97 31 99 18 98 68 98
96 13 96 72 99 6 97 37 97 23 98 74 98 36 98 88 100 49 98 30 98 4 99 13 97 47 97 80 98 2 100 46 100 62 97 79 100 34 100 47 97 38 99 75 99 32 98 70
100 1 100 32 96 37 96 51 96 74 96 93 98 82 98 64 97 51 100 28 100 39 100 4 100 29 100 5 99 30 97 68 97 20 100 30 98 8 98 5 100 8 97 85 97 56 98 1
9 100 92 96 15 96 39 96 67 96 64 96 12 98 49 97 64 97 37 100 40 100 77 100 33 100 39 99 85 99 5 97 56 100 30 100 33 98 27 100 92 100 32 97 79 98 56 98
62 99 33 99 57 99 51 97 76 99 40 99 90 97 90 97 57 97 72 97 65 97 12 97 53 99 77 99 67 99 85 100 8 96 88 96 54 98 82 99 52 99 16 98 91 100 91 100
99 74 99 21 99 1 97 33 97 54 99 92 97 10 97 78 97 28 97 23 97 58 97 74 99 88 99 43 99 17 100 50 100 45 96 77 98 67 98 26 99 73 98 10 98 95 100 3
96 41 96 3 97 37 99 52 99 89 96 42 96 32 96 9 99 76 100 11 100 54 99 6 100 29 100 92 98 67 97 32 97 1 98 53 98 38 98 93 98 77 96 51 96 60 100 46
10 96 84 97 84 97 31 99 60 96 58 96 11 96 94 99 75 99 27 100 91 99 56 99 76 100 54 98 44 98 40 97 54 98 87 98 41 98 1 98 87 98 33 96 76 100 69 100
31 98 77 99 68 99 21 99 33 99 83 99 62 97 32 99 65 99 36 97 43 98 53 98 39 96 79 97 28 97 78 98 22 99 45 99 11 98 87 96 77 96 64 97 37 100 54 100
98 9 98 11 99 6 99 82 99 45 99 39 97 32 97 43 99 16 97 75 97 79 98 59 96 48 96 14 97 39 98 1 98 90 99 85 98 6 98 15 96 2 97 56 97 80 100 83
100 83 100 22 97 70 99 19 99 71 97 52 98 25 98 86 97 34 96 89 96 80 98 56 100 44 100 27 100 63 99 19 99 48 99 49 96 4 96 44 98 48 97 31 97 44 99 26
36 100 34 97 2 97 21 99 18 97 51 97 5 98 71 97 90 97 50 96 41 98 37 98 89 100 56 100 51 100 59 99 16 99 20 99 29 96 31 98 18 98 69 97 6 99 14 99
30 96 59 98 38 98 63 100 76 100 71 100 65 99 80 100 51 100 30 100 11 99 31 99 79 97 39 100 43 100 87 99 75 98 76 98 23 97 12 98 89 98 18 97 40 98 50 98
96 73 96 20 98 7 100 58 100 68 100 55 99 5 99 48 100 19 100 49 100 22 99 65 97 59 97 4 100 95 99 34 99 27 98 27 97 58 97 15 98 22 97 8 97 14 98 95
99 93 99 32 99 5 99 24 99 90 99 25 99 44 99 56 98 57 100 33 100 17 98 69 96 31 96 1 99 17 96 94 96 72 99 93 100 43 100 34 97 69 97 48 97 30 96 39
32 99 30 99 21 99 92 99 81 99 12 99 65 99 23 98 69 98 38 100 29 98 13 98 38 96 61 99 14 99 26 96 68 99 79 99 5 100 65 97 59 97 7 97 53 96 46 96
2 96 41 98 83 98 90 96 75 99 81 99 36 100 48 97 10 97 42 97 24 100 29 100 10 96 66 100 16 100 70 100 16 99 87 99 67 96 2 96 65 96 89 100 39 99 94 99
96 71 96 88 98 78 96 81 96 16 99 70 100 91 100 75 97 43 97 92 97 26 100 21 96 92 96 31 100 34 100 95 100 88 99 64 96 65 96 6 96 26 100 63 100 87 99 39
98 63 98 64 96 47 100 12 100 73 100 88 98 30 98 29 98 17 98 8 98 84 100 74 97 49 97 59 98 30 97 46 97 95 99 35 96 69 96 70 100 14 98 34 98 22 97 46
12 98 84 96 60 96 49 100 87 100 34 100 77 98 39 98 88 98 42 98 8 100 29 100 77 97 20 98 93 98 76 97 28 99 42 99 30 96 66 100 73 100 28 98 56 97 93 97
70 97 53 99 50 99 80 100 27 98 59 98 27 99 93 96 94 96 91 96 17 96 48 96 70 98 61 98 35 98 36 96 53 98 26 98 29 96 12 98 26 98 49 100 19 96 69 96
97 13 97 6 99 50 100 13 100 87 98 91 99 44 99 92 96 79 96 11 96 86 96 95 98 41 98 34 98 5 96 4 96 65 98 33 96 84 96 40 98 58 100 68 100 62 96 1
100 58 100 68 98 14 96 18 96 26 97 5 97 24 97 29 97 90 99 52 99 11 98 69 98 63 98 75 98 77 98 39 98 4 98 83 97 95 97 49 99 23 99 12 99 47 96 72
32 100 66 98 53 98 47 96 68 97 39 97 89 97 89 97 54 97 23 99 55 98 51 98 35 98 45 98 60 98 53 98 20 98 16 98 9 97 70 99 91 99 12 99 23 96 17 96
95 96 68 100 11 100 55 96 42 97 58 97 84 96 36 100 46 100 62 100 21 100 68 100 70 98 62 97 9 97 46 99 56 99 88 99 44 99 15 99 87 99 1 99 79 98 44 98
96 19 96 16 100 4 96 58 96 8 97 11 96 14 96 81 100 45 100 50 100 41 100 75 98 34 98 41 97 92 99 52 99 79 99 18 99 58 99 72 99 70 99 79 99 17 98 22
98 12 98 58 100 16 98 36 98 85 96 85 99 76 99 62 99 53 100 46 100 65 96 44 98 78 98 58 99 11 100 92 100 90 100 30 100 25 100 36 96 47 98 55 98 80 100 25
42 98 57 100 52 100 10 98 13 96 71 96 81 99 21 99 91 99 59 100 67 96 41 96 78 98 70 99 75 99 38 100 79 100 55 100 24 100 74 96 10 96 22 98 28 100 59 100
54 98 48 96 63 96 27 97 60 99 64 99 1 99 44 96 30 96 37 96 92 97 6 97 95 100 41 96 16 96 63 98 67 99 82 99 72 98 78 99 22 99 75 97 63 96 11 96
98 80 98 93 96 28 97 32 97 15 99 84 99 30 99 91 96 36 96 68 96 74 97 15 100 24 100 4 96 13 98 23 98 80 99 72 98 79 98 75 99 36 97 20 97 53 96 28
98 94 98 22 99 93 99 82 99 79 96 60 98 68 98 32 97 36 98 25 98 26 97 33 96 37 96 50 98 90 98 26 98 53 98 45 98 35 98 66 96 34 98 46 98 58 96 2
34 98 46 99 15 99 81 99 92 96 69 96 76 98 87 97 77 97 20 98 38 97 46 97 78 96 9 98 84 98 82 98 23 98 5 98 47 98 9 96 9 96 50 98 26 96 75 96
4 98 57 100 40 100 40 96 68 96 85 96 29 99 62 97 49 97 34 99 68 97 75 97 72 100 40 99 45 99 25 97 7 98 3 98 26 96 6 98 18 98 51 97 1 98 80 98
98 41 98 24 100 16 96 76 96 17 96 36 99 4 99 47 97 45 99 66 99 53 97 1 100 63 100 81 99 64 97 88 97 41 98 82 96 9 96 18 98 42 97 74 97 10 98 85
99 75 99 87 98 8 100 33 100 16 99 58 99 10 99 90 99 41 98 50 98 84 99 36 98 80 98 44 98 39 97 18 97 87 96 46 98 64 98 88 100 35 99 81 99 76 97 29
48 99 92 98 34 98 41 100 23 99 40 99 63 99 68 99 86 99 91 98 90 99 9 99 24 98 51 98 21 98 48 97 67 96 30 96 29 98 58 100 27 100 51 99 78 97 49 97
82 96 84 97 36 97 76 98 76 100 50 100 14 98 26 100 23 100 67 96 75 100 20 100 40 97 11 98 8 98 28 100 63 96 29 96 37 99 45 100 90 100 79 99 84 96 64 96
96 6 96 29 97 47 98 68 98 79 100 75 98 81 98 86 100 80 96 45 96 14 100 62 97 37 97 55 98 23 100 24 100 38 96 73 99 41 99 57 100 55 99 93 99 5 96 55
96 6 96 20 100 2 96 80 96 68 97 50 97 7 97 73 100 46 100 69 100 75 98 39 97 85 97 87 98 46 98 34 98 84 96 13 100 85 100 31 97 62 97 79 97 94 99 23
36 96 39 100 77 100 65 96 54 97 67 97 90 97 72 100 87 100 58 100 61 98 55 98 16 97 79 98 19 98 75 98 88 96 59 96 15 100 5 97 78 97 82 97 27 99 65 99
22 99 25 96 24 96 43 96 3 96 42 96 59 100 79 98 64 98 35 97 47 99 50 99 4 98 50 97 19 97 14 98 19 96 12 96 39 98 78 99 6 99 79 97 95 100 31 100
99 72 99 88 96 65 96 41 96 74 96 91 100 1 100 80 98 82 97 93 97 28 99 41 98 42 98 42 97 88 98 81 98 6 96 71 98 45 98 92 99 7 97 1 97 14 100 25
0 0 0 0 0 0 0 0 0 0 0 0 0 0 0 0 0 0 0 0 0 0 0 0 0 0 0 0 0 0 0 0 0 0 0 0 0 0 0 0 0 0 0 0 0 0 0 0
0 0 0 0 0 0 0 0 0 0 0 0 0 0 0 0 0 0 0 0 0 0 0 0 0 0 0 0 0 0 0 0 0 0 0 0 0 0 0 0 0 0 0 0 0 0 0 0
0 0 0 0 0 0 0 0 0 0 0 0 0 0 0 0 0 0 0 0 0 0 0 0 0 0 0 0 0 0 0 0 0 0 0 0 0 0 0 0 0 0 0 0 0 0 0 0
0 0 0 0 0 0 0 0 0 0 0 0 0 0 0 0 0 0 0 0 0 0 0 0 0 0 0 0 0 0 0 0 0 0 0 0 0 0 0 0 0 0 0 0 0 0 0 0
0 0 0 0 0 0 0 0 0 0 0 0 0 0 0 0 0 0 0 0 0 0 0 0 0 0 0 0 0 0 0 0 0 0 0 0 0 0 0 0 0 0 0 0 0 0 0 0
0 0 0 0 0 0 0 0 0 0 0 0 0 0 0 0 0 0 0 0 0 0 0 0 0 0 0 0 0 0 0 0 0 0 0 0 0 0 0 0 0 0 0 0 0 0 0 0
0 0 0 0 0 0 0 0 0 0 0 0 0 0 0 0 0 0 0 0 0 0 0 0 0 0 0 0 0 0 0 0 0 0 0 0 0 0 0 0 0 0 0 0 0 0 0 0
0 0 0 0 0 0 0 0 0 0 0 0 0 0 0 0 0 0 0 0 0 0 0 0 0 0 0 0 0 0 0 0 0 0 0 0 0 0 0 0 0 0 0 0 0 0 0 0
0 0 0 0 0 0 0 0 0 0 0 0 0 0 0 0 0 0 0 0 0 0 0 0 0 0 0 0 0 0 0 0 0 0 0 0 0 0 0 0 0 0 0 0 0 0 0 0
0 0 0 0 0 0 0 0 0 0 0 0 0 0 0 0 0 0 0 0 0 0 0 0 0 0 0 0 0 0 0 0 0 0 0 0 0 0 0 0 0 0 0 0 0 0 0 0
0 0 0 0 0 0 0 0 0 0 0 0 0 0 0 0 0 0 0 0 0 0 0 0 0 0 0 0 0 0 0 0 0 0 0 0 0 0 0 0 0 0 0 0 0 0 0 0
0 0 0 0 0 0 0 0 0 0 0 0 0 0 0 0 0 0 0 0 0 0 0 0 0 0 0 0 0 0 0 0 0 0 0 0 0 0 0 0 0 0 0 0 0 0 0 0
0 0 0 0 0 0 0 0 0 0 0 0 0 0 0 0 0 0 0 0 0 0 0 0 0 0 0 0 0 0 0 0 0 0 0 0 0 0 0 0 0 0 0 0 0 0 0 0
0 0 0 0 0 0 0 0 0 0 0 0 0 0 0 0 0 0 0 0 0 0 0 0 0 0 0 0 0 0 0 0 0 0 0 0 0 0 0 0 0 0 0 0 0 0 0 0
0 0 0 0 0 0 0 0 0 0 0 0 0 0 0 0 0 0 0 0 0 0 0 0 0 0 0 0 0 0 0 0 0 0 0 0 0 0 0 0 0 0 0 0 0 0 0 0
0 0 0 0 0 0 0 0 0 0 0 0 0 0 0 0 0 0 0 0 0 0 0 0 0 0 0 0 0 0 0 0 0 0 0 0 0 0 0 0 0 0 0 0 0 0 0 0
0 0 0 0 0 0 0 0 0 0 0 0 0 0 0 0 0 0 0 0 0 0 0 0 0 0 0 0 0 0 0 0 0 0 0 0 0 0 0 0 0 0 0 0 0 0 0 0
0 0 0 0 0 0 0 0 0 0 0 0 0 0 0 0 0 0 0 0 0 0 0 0 0 0 0 0 0 0 0 0 0 0 0 0 0 0 0 0 0 0 0 0 0 0 0 0
0 0 0 0 0 0 0 0 0 0 0 0 0 0 0 0 0 0 0 0 0 0 0 0 0 0 0 0 0 0 0 0 0 0 0 0 0 0 0 0 0 0 0 0 0 0 0 0
0 0 0 0 0 0 0 0 0 0 0 0 0 0 0 0 0 0 0 0 0 0 0 0 0 0 0 0 0 0 0 0 0 0 0 0 0 0 0 0 0 0 0 0 0 0 0 0
0 0 0 0 0 0 0 0 0 0 0 0 0 0 0 0 0 0 0 0 0 0 0 0 0 0 0 0 0 0 0 0 0 0 0 0 0 0 0 0 0 0 0 0 0 0 0 0
0 0 0 0 0 0 0 0 0 0 0 0 0 0 0 0 0 0 0 0 0 0 0 0 0 0 0 0 0 0 0 0 0 0 0 0 0 0 0 0 0 0 0 0 0 0 0 0
0 0 0 0 0 0 0 0 0 0 0 0 0 0 0 0 0 0 0 0 0 0 0 0 0 0 0 0 0 0 0 0 0 0 0 0 0 0 0 0 0 0 0 0 0 0 0 0
0 0 0 0 0 0 0 0 0 0 0 0 0 0 0 0 0 0 0 0 0 0 0 0 0 0 0 0 0 0 0 0 0 0 0 0 0 0 0 0 0 0 0 0 0 0 0 0
0 0 0 0 0 0 0 0 0 0 0 0 0 0 0 0 0 0 0 0 0 0 0 0 0 0 0 0 0 0 0 0 0 0 0 0 0 0 0 0 0 0 0 0 0 0 0 0
0 0 0 0 0 0 0 0 0 0 0 0 0 0 0 0 0 0 0 0 0 0 0 0 0 0 0 0 0 0 0 0 0 0 0 0 0 0 0 0 0 0 0 0 0 0 0 0
0 0 0 0 0 0 0 0 0 0 0 0 0 0 0 0 0 0 0 0 0 0 0 0 0 0 0 0 0 0 0 0 0 0 0 0 0 0 0 0 0 0 0 0 0 0 0 0
0 0 0 0 0 0 0 0 0 0 0 0 0 0 0 0 0 0 0 0 0 0 0 0 0 0 0 0 0 0 0 0 0 0 0 0 0 0 0 0 0 0 0 0 0 0 0 0
0 0 0 0 0 0 0 0 0 0 0 0 0 0 0 0 0 0 0 0 0 0 0 0 0 0 0 0 0 0 0 0 0 0 0 0 0 0 0 0 0 0 0 0 0 0 0 0
0 0 0 0 0 0 0 0 0 0 0 0 0 0 0 0 0 0 0 0 0 0 0 0 0 0 0 0 0 0 0 0 0 0 0 0 0 0 0 0 0 0 0 0 0 0 0 0
0 0 0 0 0 0 0 0 0 0 0 0 0 0 0 0 0 0 0 0 0 0 0 0 0 0 0 0 0 0 0 0 0 0 0 0 0 0 0 0 0 0 0 0 0 0 0 0
0 0 0 0 0 0 0 0 0 0 0 0 0 0 0 0 0 0 0 0 0 0 0 0 0 0 0 0 0 0 0 0 0 0 0 0 0 0 0 0 0 0 0 0 0 0 0 0
0 0 0 0 0 0 0 0 0 0 0 0 0 0 0 0 0 0 0 0 0 0 0 0 0 0 0 0 0 0 0 0 0 0 0 0 0 0 0 0 0 0 0 0 0 0 0 0
0 0 0 0 0 0 0 0 0 0 0 0 0 0 0 0 0 0 0 0 0 0 0 0 0 0 0 0 0 0 0 0 0 0 0 0 0 0 0 0 0 0 0 0 0 0 0 0
0 0 0 0 0 0 0 0 0 0 0 0 0 0 0 0 0 0 0 0 0 0 0 0 0 0 0 0 0 0 0 0 0 0 0 0 0 0 0 0 0 0 0 0 0 0 0 0
0 0 0 0 0 0 0 0 0 0 0 0 0 0 0 0 0 0 0 0 0 0 0 0 0 0 0 0 0 0 0 0 0 0 0 0 0 0 0 0 0 0 0 0 0 0 0 0
0 0 0 0 0 0 0 0 0 0 0 0 0 0 0 0 0 0 0 0 0 0 0 0 0 0 0 0 0 0 0 0 0 0 0 0 0 0 0 0 0 0 0 0 0 0 0 0
0 0 0 0 0 0 0 0 0 0 0 0 0 0 0 0 0 0 0 0 0 0 0 0 0 0 0 0 0 0 0 0 0 0 0 0 0 0 0 0 0 0 0 0 0 0 0 0
0 0 0 0 0 0 0 0 0 0 0 0 0 0 0 0 0 0 0 0 0 0 0 0 0 0 0 0 0 0 0 0 0 0 0 0 0 0 0 0 0 0 0 0 0 0 0 0
0 0 0 0 0 0 0 0 0 0 0 0 0 0 0 0 0 0 0 0 0 0 0 0 0 0 0 0 0 0 0 0 0 0 0 0 0 0 0 0 0 0 0 0 0 0 0 0
0 0 0 0 0 0 0 0 0 0 0 0 0 0 0 0 0 0 0 0 0 0 0 0 0 0 0 0 0 0 0 0 0 0 0 0 0 0 0 0 0 0 0 0 0 0 0 0
0 0 0 0 0 0 0 0 0 0 0 0 0 0 0 0 0 0 0 0 0 0 0 0 0 0 0 0 0 0 0 0 0 0 0 0 0 0 0 0 0 0 0 0 0 0 0 0
0 0 0 0 0 0 0 0 0 0 0 0 0 0 0 0 0 0 0 0 0 0 0 0 0 0 0 0 0 0 0 0 0 0 0 0 0 0 0 0 0 0 0 0 0 0 0 0
0 0 0 0 0 0 0 0 0 0 0 0 0 0 0 0 0 0 0 0 0 0 0 0 0 0 0 0 0 0 0 0 0 0 0 0 0 0 0 0 0 0 0 0 0 0 0 0
0 0 0 0 0 0 0 0 0 0 0 0 0 0 0 0 0 0 0 0 0 0 0 0 0 0 0 0 0 0 0 0 0 0 0 0 0 0 0 0 0 0 0 0 0 0 0 0
0 0 0 0 0 0 0 0 0 0 0 0 0 0 0 0 0 0 0 0 0 0 0 0 0 0 0 0 0 0 0 0 0 0 0 0 0 0 0 0 0 0 0 0 0 0 0 0
0 0 0 0 0 0 0 0 0 0 0 0 0 0 0 0 0 0 0 0 0 0 0 0 0 0 0 0 0 0 0 0 0 0 0 0 0 0 0 0 0 0 0 0 0 0 0 0
0 0 0 0 0 0 0 0 0 0 0 0 0 0 0 0 0 0 0 0 0 0 0 0 0 0 0 0 0 0 0 0 0 0 0 0 0 0 0 0 0 0 0 0 0 0 0 0
0 0 0 0 0 0 0 0 0 0 0 0 0 0 0 0 0 0 0 0 0 0 0 0 0 0 0 0 0 0 0 0 0 0 0 0 0 0 0 0 0 0 0 0 0 0 0 0
0 0 0 0 0 0 0 0 0 0 0 0 0 0 0 0 0 0 0 0 0 0 0 0 0 0 0 0 0 0 0 0 0 0 0 0 0 0 0 0 0 0 0 0 0 0 0 0
43 29 44 29
2 47 3 47
40 41 41 41
10 29 11 29
6 38 7 38
9 23 10 23
46 41 47 41
46 38 47 38
41 32 42 32
45 11 46 11
1 29 2 29
44 14 45 14
16 23 17 23
9 17 10 17
28 32 29 32
6 32 7 32
16 11 17 11
10 44 11 44
9 2 10 2
1 35 2 35
5 23 6 23
21 20 22 20
21 35 22 35
31 41 32 41
46 11 47 11
42 23 43 23
46 14 47 14
49 35 50 35
27 38 28 38
3 20 4 20
48 23 49 23
36 47 37 47
9 41 10 41
22 41 23 41
15 5 16 5
6 29 7 29
35 35 36 35
41 5 42 5
27 23 28 23
1 17 2 17
1 38 2 38
39 2 40 2
12 44 13 44
33 32 34 32
39 35 40 35
6 23 7 23
43 23 44 23
12 35 13 35
16 8 17 8
43 2 44 2
24 29 25 29
7 35 8 35
35 11 36 11
14 5 15 5
24 5 25 5
32 20 33 20
20 41 21 41
19 20 20 20
22 41 23 41
3 35 4 35
11 8 12 8
40 11 41 11
25 8 26 8
14 2 15 2
15 38 16 38
38 23 39 23
16 23 17 23
36 20 37 20
48 35 49 35
44 11 45 11
47 47 48 47
12 14 13 14
29 2 30 2
20 5 21 5
42 8 43 8
20 2 21 2
41 29 42 29
31 8 32 8
25 8 26 8
44 26 45 26
20 14 21 14
34 41 35 41
33 11 34 11
49 5 50 5
19 44 20 44
46 23 47 23
2 20 3 20
31 38 32 38
44 8 45 8
15 5 16 5
42 26 43 26
36 5 37 5
47 47 48 47
13 17 14 17
6 8 7 8
1 2 2 2
43 26 44 26
32 44 33 44
32 41 33 41
22 38 23 38
35 32 36 32
26 41 27 41
21 23 22 23
35 38 36 38
29 32 30 32
34 8 35 8
45 8 46 8
41 47 42 47
32 20 33 20
13 35 14 35
32 8 33 8
15 5 16 5
5 32 6 32
37 23 38 23
29 11 30 11
24 47 25 47
38 26 39 26
39 17 40 17
11 41 12 41
47 41 48 41
19 44 20 44
24 32 25 32
26 26 27 26
1 47 2 47
37 5 38 5
48 14 49 14
7 35 8 35
19 14 20 14
13 2 14 2
31 35 32 35
43 17 44 17
32 5 33 5
32 5 33 5
37 20 38 20
21 20 22 20
12 44 13 44
30 23 31 23
42 38 43 38
14 47 15 47
40 23 41 23
35 11 36 11
1 47 2 47
8 26 9 26
40 8 41 8
34 2 35 2
33 38 34 38
30 17 31 17
38 44 39 44
27 35 28 35
6 38 7 38
38 17 39 17
35 26 36 26
23 8 24 8
23 5 24 5
45 14 46 14
12 26 13 26
39 47 40 47
9 47 10 47
5 5 6 5
27 20 28 20
25 35 26 35
14 11 15 11
42 38 43 38
35 35 36 35
17 41 18 41
37 26 38 26
13 38 14 38
18 8 19 8
13 8 14 8
39 8 40 8
18 41 19 41
2 11 3 11
36 26 37 26
31 32 32 32
7 8 8 8
11 38 12 38
23 5 24 5
10 29 11 29
2 44 3 44
47 17 48 17
22 8 23 8
30 29 31 29
29 32 30 32
9 20 10 20
31 29 32 29
35 2 36 2
22 32 23 32
30 35 31 35
21 11 22 11
9 35 10 35
26 38 27 38
33 41 34 41
10 29 11 29
22 26 23 26
42 8 43 8
6 38 7 38
42 11 43 11
18 26 19 26
38 26 39 26
34 5 35 5
46 17 47 17
38 23 39 23
48 2 49 2
17 11 18 11
8 38 9 38
3 20 4 20
43 8 44 8
29 2 30 2
34 41 35 41
41 17 42 17
40 14 41 14
20 5 21 5
37 14 38 14
21 26 22 26
12 38 13 38
28 41 29 41
19 29 20 29
29 32 30 32
18 8 19 8
40 47 41 47
26 23 27 23
24 20 25 20
15 17 16 17
16 32 17 32
11 29 12 29
7 47 8 47
45 20 46 20
18 17 19 17
8 17 9 17
12 8 13 8
16 8 17 8
40 47 41 47
27 26 28 26
28 32 29 32
24 23 25 23
26 44 27 44
15 35 16 35
17 20 18 20
28 20 29 20
9 11 10 11
47 5 48 5
28 35 29 35
12 5 13 5
48 29 49 29
30 17 31 17
3 26 4 26
23 29 24 29
12 5 13 5
43 17 44 17
26 2 27 2
21 23 22 23
22 32 23 32
21 5 22 5
34 11 35 11
38 29 39 29
16 38 17 38
48 23 49 23
25 47 26 47
29 32 30 32
27 5 28 5
45 11 46 11
28 5 29 5
37 11 38 11
40 29 41 29
34 38 35 38
12 32 13 32
9 32 10 32
20 5 21 5
26 32 27 32
6 38 7 38
22 29 23 29
40 2 41 2
15 11 16 11
27 20 28 20
24 8 25 8
25 38 26 38
44 44 45 44
31 11 32 11
38 41 39 41
29 26 30 26
29 38 30 38
17 5 18 5
38 20 39 20
44 14 45 14
26 44 27 44
40 47 41 47
44 11 45 11
8 47 9 47
24 44 25 44
26 41 27 41
45 26 46 26
5 41 6 41
15 14 16 14
29 29 30 29
35 14 36 14
36 14 37 14
11 14 12 14
43 44 44 44
22 32 23 32
33 32 34 32
26 35 27 35
2 17 3 17
25 11 26 11
25 47 26 47
11 44 12 44
1 17 2 17
9 44 10 44
30 8 31 8
25 5 26 5
28 11 29 11
45 29 46 29
46 14 47 14
1 8 2 8
7 26 8 26
31 38 32 38
5 29 6 29
42 5 43 5
18 17 19 17
45 47 46 47
20 41 21 41
24 47 25 47
9 14 10 14
31 5 32 5
12 26 13 26
24 32 25 32
13 35 14 35
8 2 9 2
3 44 4 44
4 23 5 23
37 2 38 2
43 23 44 23
5 8 6 8
9 2 10 2
8 35 9 35
26 38 27 38
20 2 21 2
8 8 9 8
6 8 7 8
5 35 6 35
13 29 14 29
45 5 46 5
22 8 23 8
8 23 9 23
19 8 20 8
7 35 8 35
33 23 34 23
20 47 21 47
19 29 20 29
7 29 8 29
3 5 4 5
42 35 43 35
27 2 28 2
45 44 46 44
40 26 41 26
49 17 50 17
11 23 12 23
39 29 40 29
6 14 7 14
11 20 12 20
1 2 2 2
46 47 47 47
4 44 5 44
30 41 31 41
17 8 18 8
21 44 22 44
23 23 24 23
2 23 3 23
26 17 27 17
33 17 34 17
46 47 47 47
5 38 6 38
39 17 40 17
44 47 45 47
15 2 16 2
15 47 16 47
28 26 29 26
6 32 7 32
15 8 16 8
27 47 28 47
3 32 4 32
24 8 25 8
37 35 38 35
47 41 48 41
2 26 3 26
23 35 24 35
30 41 31 41
6 29 7 29
44 23 45 23
19 47 20 47
31 47 32 47
41 41 42 41
8 23 9 23
32 8 33 8
41 23 42 23
4 47 5 47
24 41 25 41
15 35 16 35
11 44 12 44
33 41 34 41
46 17 47 17
40 8 41 8
10 32 11 32
46 41 47 41
8 38 9 38
27 11 28 11
46 11 47 11
22 14 23 14
26 23 27 23
39 17 40 17
35 17 36 17
34 44 35 44
10 35 11 35
32 11 33 11
25 26 26 26
27 17 28 17
17 38 18 38
40 8 41 8
21 26 22 26
41 23 42 23
12 8 13 8
26 38 27 38
31 29 32 29
16 47 17 47
36 2 37 2
18 17 19 17
49 44 50 44
38 14 39 14
3 29 4 29
1 41 2 41
14 5 15 5
35 2 36 2
3 47 4 47
21 44 22 44
42 14 43 14
26 47 27 47
15 35 16 35
11 41 12 41
46 11 47 11
36 5 37 5
39 41 40 41
29 35 30 35
3 26 4 26
28 14 29 14
19 5 20 5
15 2 16 2
10 32 11 32
16 20 17 20
18 23 19 23
32 2 33 2
33 41 34 41
12 5 13 5
4 23 5 23
2 29 3 29
31 5 32 5
25 11 26 11
6 17 7 17
35 38 36 38
8 26 9 26
29 23 30 23
15 14 16 14
3 41 4 41
11 35 12 35
10 14 11 14
21 14 22 14
43 17 44 17
20 41 21 41
19 8 20 8
10 26 11 26
24 14 25 14
13 2 14 2
19 26 20 26
20 8 21 8
29 32 30 32
44 41 45 41
8 38 9 38
3 14 4 14
41 35 42 35
44 47 45 47
6 29 7 29
4 47 5 47
39 14 40 14
43 14 44 14
23 29 24 29
38 8 39 8
34 29 35 29
29 23 30 23
19 29 20 29
16 29 17 29
30 38 31 38
23 8 24 8
40 20 41 20
31 20 32 20
14 41 15 41
22 29 23 29
4 14 5 14
36 14 37 14
42 14 43 14
8 32 9 32
29 17 30 17
49 29 50 29
12 20 13 20
47 11 48 11
23 17 24 17
11 38 12 38
33 38 34 38
37 47 38 47
39 47 40 47
27 5 28 5
7 20 8 20
25 32 26 32
15 8 16 8
38 35 39 35
9 32 10 32
33 2 34 2
24 2 25 2
13 47 14 47
8 32 9 32
16 14 17 14
46 5 47 5
6 11 7 11
33 20 34 20
31 41 32 41
13 32 14 32
45 11 46 11
4 26 5 26
5 5 6 5
24 44 25 44
16 2 17 2
13 47 14 47
8 23 9 23
43 38 44 38
16 41 17 41
46 41 47 41
31 29 32 29
10 47 11 47
20 35 21 35
15 32 16 32
4 41 5 41
2 20 3 20
25 8 26 8
9 23 10 23
16 47 17 47
42 41 43 41
28 47 29 47
4 32 5 32
17 32 18 32
35 14 36 14
17 32 18 32
33 20 34 20
45 44 46 44
37 8 38 8
22 20 23 20
23 14 24 14
38 29 39 29
49 26 50 26
26 17 27 17
24 5 25 5
12 8 13 8
29 2 30 2
12 38 13 38
4 11 5 11
6 47 7 47
43 35 44 35
45 29 46 29
36 32 37 32
29 47 30 47
46 2 47 2
28 17 29 17
9 38 10 38
34 20 35 20
10 17 11 17
45 14 46 14
39 41 40 41
10 5 11 5
29 32 30 32
45 2 46 2
22 44 23 44
18 38 19 38
16 35 17 35
10 23 11 23
46 47 47 47
48 38 49 38
41 23 42 23
20 8 21 8
46 44 47 44
20 23 21 23
29 23 30 23
21 41 22 41
13 23 14 23
44 8 45 8
32 14 33 14
12 41 13 41
39 2 40 2
5 44 6 44
14 41 15 41
26 20 27 20
26 47 27 47
40 29 41 29
6 26 7 26
18 17 19 17
40 8 41 8
7 29 8 29
41 35 42 35
46 8 47 8
13 26 14 26
44 29 45 29
37 17 38 17
6 26 7 26
32 41 33 41
8 23 9 23
39 44 40 44
19 17 20 17
2 14 3 14
2 32 3 32
10 38 11 38
9 17 10 17
11 35 12 35
48 38 49 38
25 41 26 41
44 35 45 35
3 8 4 8
28 35 29 35
17 47 18 47
29 20 30 20
23 44 24 44
25 44 26 44
13 47 14 47
42 8 43 8
21 47 22 47
12 35 13 35
3 29 4 29
12 14 13 14
25 5 26 5
21 38 22 38
37 41 38 41
44 26 45 26
18 26 19 26
27 41 28 41
48 23 49 23
7 26 8 26
13 47 14 47
48 11 49 11
25 44 26 44
22 38 23 38
16 2 17 2
19 47 20 47
35 14 36 14
14 29 15 29
9 26 10 26
1 29 2 29
15 32 16 32
16 23 17 23
49 2 50 2
4 35 5 35
39 41 40 41
38 17 39 17
7 11 8 11
39 26 40 26
8 38 9 38
13 32 14 32
3 11 4 11
29 38 30 38
46 8 47 8
20 38 21 38
46 23 47 23
4 41 5 41
6 41 7 41
21 29 22 29
38 11 39 11
35 38 36 38
26 5 27 5
33 29 34 29
32 11 33 11
12 41 13 41
34 35 35 35
37 35 38 35
3 23 4 23
48 38 49 38
38 17 39 17
4 11 5 11
24 44 25 44
47 5 48 5
47 26 48 26
39 44 40 44
12 26 13 26
39 5 40 5
20 20 21 20
37 8 38 8
27 35 28 35
29 5 30 5
47 29 48 29
35 23 36 23
37 14 38 14
15 32 16 32
33 20 34 20
27 38 28 38
24 23 25 23
28 35 29 35
43 47 44 47
17 11 18 11
44 17 45 17
34 8 35 8
32 5 33 5
48 5 49 5
36 47 37 47
47 32 48 32
49 20 50 20
28 29 29 29
13 47 14 47
37 17 38 17
3 23 4 23
33 29 34 29
28 14 29 14
6 32 7 32
13 26 14 26
12 5 13 5
38 14 39 14
36 29 37 29
34 23 35 23
44 23 45 23
18 11 19 11
12 5 13 5
31 11 32 11
16 47 17 47
40 47 41 47
49 32 50 32
11 35 12 35
44 47 45 47
14 32 15 32
14 29 15 29
42 29 43 29
17 8 18 8
29 32 30 32
45 20 46 20
47 47 48 47
13 11 14 11
8 2 9 2
45 2 46 2
29 41 30 41
36 5 37 5
6 32 7 32
36 32 37 32
47 29 48 29
38 44 39 44
49 26 50 26
9 8 10 8
20 11 21 11
44 29 45 29
7 2 8 2
43 11 44 11
22 14 23 14
38 8 39 8
21 41 22 41
5 44 6 44
46 5 47 5
19 35 20 35
8 20 9 20
8 29 9 29
30 44 31 44
44 14 45 14
47 47 48 47
46 29 47 29
35 44 36 44
10 2 11 2
24 2 25 2
48 44 49 44
38 29 39 29
35 2 36 2
16 5 17 5
35 47 36 47
44 32 45 32
32 5 33 5
22 32 23 32
11 17 12 17
23 44 24 44
28 41 29 41
39 20 40 20
17 17 18 17
37 2 38 2
20 32 21 32
31 5 32 5
17 35 18 35
19 29 20 29
36 47 37 47
6 41 7 41
33 11 34 11
6 2 7 2
5 29 6 29
48 41 49 41
22 47 23 47
1 23 2 23
26 41 27 41
6 44 7 44
10 20 11 20
44 44 45 44
36 29 37 29
18 29 19 29
14 5 15 5
41 26 42 26
43 41 44 41
2 17 3 17
49 44 50 44
44 35 45 35
41 5 42 5
38 29 39 29
8 35 9 35
44 23 45 23
6 41 7 41
17 26 18 26
35 41 36 41
23 35 24 35
33 11 34 11
49 20 50 20
12 20 13 20
11 17 12 17
14 5 15 5
13 5 14 5
26 38 27 38
36 23 37 23
30 32 31 32
43 47 44 47
6 14 7 14
39 32 40 32
44 5 45 5
45 41 46 41
39 2 40 2
6 26 7 26
37 41 38 41
44 14 45 14
15 41 16 41
21 41 22 41
5 8 6 8
47 5 48 5
40 8 41 8
29 35 30 35
2 38 3 38
49 17 50 17
34 11 35 11
25 47 26 47
35 8 36 8
22 17 23 17
18 32 19 32
5 32 6 32
13 47 14 47
22 41 23 41
4 23 5 23
2 47 3 47
28 26 29 26
26 44 27 44
27 38 28 38
2 44 3 44
24 23 25 23
29 17 30 17
23 20 24 20
7 32 8 32
17 8 18 8
46 11 47 11
7 8 8 8
49 44 50 44
41 32 42 32
25 5 26 5
2 5 3 5
12 2 13 2
33 32 34 32
38 8 39 8
16 14 17 14
2 8 3 8
23 38 24 38
34 8 35 8
48 41 49 41
23 44 24 44
14 20 15 20
27 17 28 17
7 44 8 44
40 20 41 20
24 5 25 5
22 11 23 11
23 41 24 41
31 47 32 47
27 8 28 8
25 20 26 20
47 11 48 11
21 14 22 14
13 44 14 44
44 44 45 44
22 32 23 32
33 44 34 44
11 5 12 5
40 26 41 26
6 11 7 11
34 32 35 32
9 17 10 17
7 14 8 14
1 2 2 2
49 5 50 5
35 8 36 8
44 35 45 35
44 23 45 23
27 32 28 32
1 32 2 32
14 32 15 32
39 11 40 11
9 20 10 20
28 17 29 17
41 41 42 41
44 38 45 38
48 5 49 5
42 32 43 32
13 32 14 32
26 47 27 47
26 38 27 38
18 2 19 2
34 11 35 11
44 44 45 44
46 17 47 17
31 20 32 20
41 5 42 5
17 26 18 26
15 20 16 20
20 47 21 47
17 32 18 32
40 11 41 11
47 29 48 29
36 2 37 2
1 2 2 2
6 32 7 32
16 41 17 41
5 17 6 17
5 8 6 8
31 26 32 26
32 8 33 8
32 41 33 41
28 41 29 41
38 5 39 5
14 2 15 2
9 20 10 20
22 38 23 38
42 20 43 20
49 32 50 32
26 20 27 20
37 2 38 2
21 26 22 26
27 23 28 23
42 5 43 5
4 23 5 23
20 26 21 26
22 44 23 44
4 26 5 26
14 8 15 8
1 2 2 2
49 38 50 38
12 23 13 23
48 5 49 5
5 17 6 17
5 5 6 5
35 47 36 47
3 44 4 44
26 38 27 38
24 32 25 32
48 44 49 44
38 14 39 14
45 2 46 2
25 32 26 32
4 38 5 38
3 17 4 17
28 8 29 8
45 23 46 23
44 11 45 11
24 17 25 17
21 14 22 14
20 32 21 32
15 35 16 35
21 8 22 8
7 29 8 29
38 5 39 5
32 11 33 11
37 8 38 8
6 2 7 2
15 38 16 38
24 35 25 35
22 47 23 47
35 23 36 23
9 5 10 5
21 32 22 32
48 35 49 35
5 20 6 20
43 5 44 5
15 38 16 38
42 41 43 41
18 32 19 32
4 17 5 17
42 14 43 14
41 2 42 2
14 20 15 20
22 11 23 11
44 14 45 14
17 5 18 5
8 26 9 26
48 26 49 26
6 23 7 23
