50 48 22 300
2 6 2 21 17 13 17 21 20 10 20 21 11 20 11 21 18 5 18 21 10 1 10 21 8 19 8 21 9 8 9 21 13 14 13 21 10 2 10 21 3 1 3 21 6 14 6 21
6 2 6 22 13 17 13 22 10 20 10 22 20 11 20 22 5 18 5 22 1 10 1 22 19 8 19 22 8 9 8 22 14 13 14 22 2 10 2 22 1 3 1 22 14 6 14 22
8 1 8 21 7 18 7 21 19 3 19 21 16 9 16 21 12 7 12 21 10 11 10 21 7 18 7 21 10 17 10 21 15 8 15 21 14 12 14 21 14 8 14 21 19 6 19 21
1 8 1 22 18 7 18 22 3 19 3 22 9 16 9 22 7 12 7 22 11 10 11 22 18 7 18 22 17 10 17 22 8 15 8 22 12 14 12 22 8 14 8 22 6 19 6 22
8 17 8 21 1 15 1 21 12 17 12 21 19 17 19 21 5 10 5 21 2 1 2 21 7 14 7 21 10 13 10 21 19 2 19 21 14 4 14 21 20 7 20 21 9 20 9 21
17 8 17 22 15 1 15 22 17 12 17 22 17 19 17 22 10 5 10 22 1 2 1 22 14 7 14 22 13 10 13 22 2 19 2 22 4 14 4 22 7 20 7 22 20 9 20 22
10 9 10 21 14 19 14 21 7 9 7 21 1 12 1 21 17 8 17 21 5 2 5 21 5 12 5 21 16 6 16 21 6 7 6 21 13 9 13 21 3 9 3 21 9 17 9 21
9 10 9 22 19 14 19 22 9 7 9 22 12 1 12 22 8 17 8 22 2 5 2 22 12 5 12 22 6 16 6 22 7 6 7 22 9 13 9 22 9 3 9 22 17 9 17 22
2 8 2 21 1 13 1 21 11 9 11 21 12 9 12 21 1 13 1 21 6 19 6 21 20 4 20 21 4 16 4 21 11 4 11 21 5 19 5 21 16 13 16 21 5 19 5 21
8 2 8 22 13 1 13 22 9 11 9 22 9 12 9 22 13 1 13 22 19 6 19 22 4 20 4 22 16 4 16 22 4 11 4 22 19 5 19 22 13 16 13 22 19 5 19 22
11 20 11 21 10 20 10 21 1 15 1 21 7 16 7 21 2 17 2 21 1 18 1 21 3 9 3 21 7 13 7 21 5 13 5 21 7 5 7 21 1 16 1 21 14 8 14 21
20 11 20 22 20 10 20 22 15 1 15 22 16 7 16 22 17 2 17 22 18 1 18 22 9 3 9 22 13 7 13 22 13 5 13 22 5 7 5 22 16 1 16 22 8 14 8 22
7 9 7 21 17 18 17 21 14 19 14 21 19 6 19 21 11 4 11 21 1 19 1 21 3 17 3 21 6 16 6 21 20 3 20 21 15 9 15 21 6 2 6 21 1 15 1 21
9 7 9 22 18 17 18 22 19 14 19 22 6 19 6 22 4 11 4 22 19 1 19 22 17 3 17 22 16 6 16 22 3 20 3 22 9 15 9 22 2 6 2 22 15 1 15 22
16 15 16 21 3 4 3 21 17 11 17 21 13 8 13 21 2 6 2 21 18 8 18 21 14 3 14 21 15 10 15 21 16 13 16 21 3 7 3 21 11 18 11 21 10 16 10 21
15 16 15 22 4 3 4 22 11 17 11 22 8 13 8 22 6 2 6 22 8 18 8 22 3 14 3 22 10 15 10 22 13 16 13 22 7 3 7 22 18 11 18 22 16 10 16 22
20 8 20 21 20 3 20 21 7 19 7 21 16 20 16 21 10 1 10 21 19 18 19 21 11 17 11 21 19 12 19 21 11 3 11 21 18 1 18 21 4 7 4 21 15 5 15 21
8 20 8 22 3 20 3 22 19 7 19 22 20 16 20 22 1 10 1 22 18 19 18 22 17 11 17 22 12 19 12 22 3 11 3 22 1 18 1 22 7 4 7 22 5 15 5 22
4 14 4 21 1 17 1 21 19 16 19 21 1 6 1 21 7 12 7 21 8 19 8 21 9 6 9 21 14 7 14 21 5 20 5 21 2 8 2 21 14 17 14 21 4 15 4 21
14 4 14 22 17 1 17 22 16 19 16 22 6 1 6 22 12 7 12 22 19 8 19 22 6 9 6 22 7 14 7 22 20 5 20 22 8 2 8 22 17 14 17 22 15 4 15 22
10 1 10 21 1 5 1 21 14 7 14 21 16 4 16 21 9 16 9 21 18 8 18 21 18 5 18 21 1 11 1 21 9 3 9 21 16 8 16 21 20 13 20 21 13 20 13 21
1 10 1 22 5 1 5 22 7 14 7 22 4 16 4 22 16 9 16 22 8 18 8 22 5 18 5 22 11 1 11 22 3 9 3 22 8 16 8 22 13 20 13 22 20 13 20 22
9 1 9 21 14 12 14 21 14 13 14 21 18 15 18 21 12 16 12 21 20 8 20 21 6 4 6 21 12 1 12 21 18 19 18 21 18 6 18 21 18 17 18 21 7 12 7 21
1 9 1 22 12 14 12 22 13 14 13 22 15 18 15 22 16 12 16 22 8 20 8 22 4 6 4 22 1 12 1 22 19 18 19 22 6 18 6 22 17 18 17 22 12 7 12 22
1 2 1 21 9 11 9 21 13 6 13 21 15 18 15 21 14 16 14 21 10 13 10 21 10 5 10 21 14 15 14 21 15 17 15 21 12 17 12 21 19 11 19 21 13 12 13 21
2 1 2 22 11 9 11 22 6 13 6 22 18 15 18 22 16 14 16 22 13 10 13 22 5 10 5 22 15 14 15 22 17 15 17 22 17 12 17 22 11 19 11 22 12 13 12 22
3 2 3 21 3 10 3 21 8 17 8 21 1 12 1 21 4 13 4 21 1 3 1 21 15 9 15 21 16 13 16 21 9 10 9 21 14 12 14 21 4 17 4 21 14 16 14 21
2 3 2 22 10 3 10 22 17 8 17 22 12 1 12 22 13 4 13 22 3 1 3 22 9 15 9 22 13 16 13 22 10 9 10 22 12 14 12 22 17 4 17 22 16 14 16 22
3 7 3 21 19 12 19 21 8 20 8 21 10 20 10 21 16 13 16 21 5 12 5 21 4 14 4 21 9 7 9 21 7 1 7 21 2 6 2 21 3 9 3 21 13 6 13 21
7 3 7 22 12 19 12 22 20 8 20 22 20 10 20 22 13 16 13 22 12 5 12 22 14 4 14 22 7 9 7 22 1 7 1 22 6 2 6 22 9 3 9 22 6 13 6 22
18 3 18 21 17 3 17 21 13 8 13 21 15 17 15 21 7 9 7 21 6 19 6 21 19 12 19 21 11 2 11 21 6 13 6 21 12 17 12 21 1 7 1 21 3 17 3 21
3 18 3 22 3 17 3 22 8 13 8 22 17 15 17 22 9 7 9 22 19 6 19 22 12 19 12 22 2 11 2 22 13 6 13 22 17 12 17 22 7 1 7 22 17 3 17 22
14 11 14 21 19 14 19 21 16 19 16 21 1 20 1 21 18 1 18 21 18 10 18 21 6 9 6 21 16 4 16 21 6 1 6 21 20 13 20 21 12 10 12 21 12 10 12 21
11 14 11 22 14 19 14 22 19 16 19 22 20 1 20 22 1 18 1 22 10 18 10 22 9 6 9 22 4 16 4 22 1 6 1 22 13 20 13 22 10 12 10 22 10 12 10 22
8 7 8 21 9 12 9 21 13 4 13 21 15 10 15 21 14 2 14 21 10 13 10 21 15 12 15 21 2 18 2 21 17 7 17 21 12 3 12 21 19 15 19 21 5 14 5 21
7 8 7 22 12 9 12 22 4 13 4 22 10 15 10 22 2 14 2 22 13 10 13 22 12 15 12 22 18 2 18 22 7 17 7 22 3 12 3 22 15 19 15 22 14 5 14 22
14 16 14 21 13 11 13 21 4 2 4 21 16 9 16 21 10 7 10 21 16 12 16 21 10 11 10 21 2 4 2 21 15 19 15 21 11 10 11 21 3 8 3 21 7 5 7 21
16 14 16 22 11 13 11 22 2 4 2 22 9 16 9 22 7 10 7 22 12 16 12 22 11 10 11 22 4 2 4 22 19 15 19 22 10 11 10 22 8 3 8 22 5 7 5 22
15 14 15 21 5 17 5 21 18 5 18 21 3 2 3 21 5 3 5 21 7 6 7 21 16 11 16 21 2 4 2 21 4 6 4 21 11 19 11 21 13 6 13 21 6 12 6 21
14 15 14 22 17 5 17 22 5 18 5 22 2 3 2 22 3 5 3 22 6 7 6 22 11 16 11 22 4 2 4 22 6 4 6 22 19 11 19 22 6 13 6 22 12 6 12 22
1 7 1 21 13 2 13 21 3 1 3 21 17 20 17 21 20 4 20 21 14 3 14 21 2 1 2 21 12 3 12 21 20 14 20 21 15 16 15 21 17 3 17 21 15 13 15 21
7 1 7 22 2 13 2 22 1 3 1 22 20 17 20 22 4 20 4 22 3 14 3 22 1 2 1 22 3 12 3 22 14 20 14 22 16 15 16 22 3 17 3 22 13 15 13 22
10 17 10 21 16 7 16 21 2 4 2 21 9 14 9 21 19 7 19 21 12 8 12 21 4 14 4 21 15 16 15 21 9 4 9 21 19 5 19 21 17 14 17 21 4 6 4 21
17 10 17 22 7 16 7 22 4 2 4 22 14 9 14 22 7 19 7 22 8 12 8 22 14 4 14 22 16 15 16 22 4 9 4 22 5 19 5 22 14 17 14 22 6 4 6 22
1 14 1 21 12 11 12 21 3 9 3 21 11 16 11 21 19 4 19 21 10 16 10 21 13 14 13 21 3 14 3 21 17 13 17 21 6 3 6 21 2 16 2 21 13 7 13 21
14 1 14 22 11 12 11 22 9 3 9 22 16 11 16 22 4 19 4 22 16 10 16 22 14 13 14 22 14 3 14 22 13 17 13 22 3 6 3 22 16 2 16 22 7 13 7 22
16 17 16 21 19 2 19 21 2 15 2 21 19 4 19 21 9 4 9 21 9 19 9 21 10 1 10 21 18 5 18 21 17 15 17 21 11 9 11 21 4 16 4 21 2 13 2 21
17 16 17 22 2 19 2 22 15 2 15 22 4 19 4 22 4 9 4 22 19 9 19 22 1 10 1 22 5 18 5 22 15 17 15 22 9 11 9 22 16 4 16 22 13 2 13 22
18 6 18 21 8 12 8 21 4 20 4 21 10 11 10 21 8 13 8 21 1 13 1 21 8 17 8 21 6 7 6 21 1 14 1 21 16 13 16 21 3 10 3 21 7 17 7 21
6 18 6 22 12 8 12 22 20 4 20 22 11 10 11 22 13 8 13 22 13 1 13 22 17 8 17 22 7 6 7 22 14 1 14 22 13 16 13 22 10 3 10 22 17 7 17 22
0 0 0 0 0 0 0 0 0 0 0 0 0 0 0 0 0 0 0 0 0 0 0 0 0 0 0 0 0 0 0 0 0 0 0 0 0 0 0 0 0 0 0 0 0 0 0 0
0 0 0 0 0 0 0 0 0 0 0 0 0 0 0 0 0 0 0 0 0 0 0 0 0 0 0 0 0 0 0 0 0 0 0 0 0 0 0 0 0 0 0 0 0 0 0 0
0 0 0 0 0 0 0 0 0 0 0 0 0 0 0 0 0 0 0 0 0 0 0 0 0 0 0 0 0 0 0 0 0 0 0 0 0 0 0 0 0 0 0 0 0 0 0 0
0 0 0 0 0 0 0 0 0 0 0 0 0 0 0 0 0 0 0 0 0 0 0 0 0 0 0 0 0 0 0 0 0 0 0 0 0 0 0 0 0 0 0 0 0 0 0 0
0 0 0 0 0 0 0 0 0 0 0 0 0 0 0 0 0 0 0 0 0 0 0 0 0 0 0 0 0 0 0 0 0 0 0 0 0 0 0 0 0 0 0 0 0 0 0 0
0 0 0 0 0 0 0 0 0 0 0 0 0 0 0 0 0 0 0 0 0 0 0 0 0 0 0 0 0 0 0 0 0 0 0 0 0 0 0 0 0 0 0 0 0 0 0 0
0 0 0 0 0 0 0 0 0 0 0 0 0 0 0 0 0 0 0 0 0 0 0 0 0 0 0 0 0 0 0 0 0 0 0 0 0 0 0 0 0 0 0 0 0 0 0 0
0 0 0 0 0 0 0 0 0 0 0 0 0 0 0 0 0 0 0 0 0 0 0 0 0 0 0 0 0 0 0 0 0 0 0 0 0 0 0 0 0 0 0 0 0 0 0 0
0 0 0 0 0 0 0 0 0 0 0 0 0 0 0 0 0 0 0 0 0 0 0 0 0 0 0 0 0 0 0 0 0 0 0 0 0 0 0 0 0 0 0 0 0 0 0 0
0 0 0 0 0 0 0 0 0 0 0 0 0 0 0 0 0 0 0 0 0 0 0 0 0 0 0 0 0 0 0 0 0 0 0 0 0 0 0 0 0 0 0 0 0 0 0 0
0 0 0 0 0 0 0 0 0 0 0 0 0 0 0 0 0 0 0 0 0 0 0 0 0 0 0 0 0 0 0 0 0 0 0 0 0 0 0 0 0 0 0 0 0 0 0 0
0 0 0 0 0 0 0 0 0 0 0 0 0 0 0 0 0 0 0 0 0 0 0 0 0 0 0 0 0 0 0 0 0 0 0 0 0 0 0 0 0 0 0 0 0 0 0 0
0 0 0 0 0 0 0 0 0 0 0 0 0 0 0 0 0 0 0 0 0 0 0 0 0 0 0 0 0 0 0 0 0 0 0 0 0 0 0 0 0 0 0 0 0 0 0 0
0 0 0 0 0 0 0 0 0 0 0 0 0 0 0 0 0 0 0 0 0 0 0 0 0 0 0 0 0 0 0 0 0 0 0 0 0 0 0 0 0 0 0 0 0 0 0 0
0 0 0 0 0 0 0 0 0 0 0 0 0 0 0 0 0 0 0 0 0 0 0 0 0 0 0 0 0 0 0 0 0 0 0 0 0 0 0 0 0 0 0 0 0 0 0 0
0 0 0 0 0 0 0 0 0 0 0 0 0 0 0 0 0 0 0 0 0 0 0 0 0 0 0 0 0 0 0 0 0 0 0 0 0 0 0 0 0 0 0 0 0 0 0 0
0 0 0 0 0 0 0 0 0 0 0 0 0 0 0 0 0 0 0 0 0 0 0 0 0 0 0 0 0 0 0 0 0 0 0 0 0 0 0 0 0 0 0 0 0 0 0 0
0 0 0 0 0 0 0 0 0 0 0 0 0 0 0 0 0 0 0 0 0 0 0 0 0 0 0 0 0 0 0 0 0 0 0 0 0 0 0 0 0 0 0 0 0 0 0 0
0 0 0 0 0 0 0 0 0 0 0 0 0 0 0 0 0 0 0 0 0 0 0 0 0 0 0 0 0 0 0 0 0 0 0 0 0 0 0 0 0 0 0 0 0 0 0 0
0 0 0 0 0 0 0 0 0 0 0 0 0 0 0 0 0 0 0 0 0 0 0 0 0 0 0 0 0 0 0 0 0 0 0 0 0 0 0 0 0 0 0 0 0 0 0 0
0 0 0 0 0 0 0 0 0 0 0 0 0 0 0 0 0 0 0 0 0 0 0 0 0 0 0 0 0 0 0 0 0 0 0 0 0 0 0 0 0 0 0 0 0 0 0 0
0 0 0 0 0 0 0 0 0 0 0 0 0 0 0 0 0 0 0 0 0 0 0 0 0 0 0 0 0 0 0 0 0 0 0 0 0 0 0 0 0 0 0 0 0 0 0 0
0 0 0 0 0 0 0 0 0 0 0 0 0 0 0 0 0 0 0 0 0 0 0 0 0 0 0 0 0 0 0 0 0 0 0 0 0 0 0 0 0 0 0 0 0 0 0 0
0 0 0 0 0 0 0 0 0 0 0 0 0 0 0 0 0 0 0 0 0 0 0 0 0 0 0 0 0 0 0 0 0 0 0 0 0 0 0 0 0 0 0 0 0 0 0 0
0 0 0 0 0 0 0 0 0 0 0 0 0 0 0 0 0 0 0 0 0 0 0 0 0 0 0 0 0 0 0 0 0 0 0 0 0 0 0 0 0 0 0 0 0 0 0 0
0 0 0 0 0 0 0 0 0 0 0 0 0 0 0 0 0 0 0 0 0 0 0 0 0 0 0 0 0 0 0 0 0 0 0 0 0 0 0 0 0 0 0 0 0 0 0 0
0 0 0 0 0 0 0 0 0 0 0 0 0 0 0 0 0 0 0 0 0 0 0 0 0 0 0 0 0 0 0 0 0 0 0 0 0 0 0 0 0 0 0 0 0 0 0 0
0 0 0 0 0 0 0 0 0 0 0 0 0 0 0 0 0 0 0 0 0 0 0 0 0 0 0 0 0 0 0 0 0 0 0 0 0 0 0 0 0 0 0 0 0 0 0 0
0 0 0 0 0 0 0 0 0 0 0 0 0 0 0 0 0 0 0 0 0 0 0 0 0 0 0 0 0 0 0 0 0 0 0 0 0 0 0 0 0 0 0 0 0 0 0 0
0 0 0 0 0 0 0 0 0 0 0 0 0 0 0 0 0 0 0 0 0 0 0 0 0 0 0 0 0 0 0 0 0 0 0 0 0 0 0 0 0 0 0 0 0 0 0 0
0 0 0 0 0 0 0 0 0 0 0 0 0 0 0 0 0 0 0 0 0 0 0 0 0 0 0 0 0 0 0 0 0 0 0 0 0 0 0 0 0 0 0 0 0 0 0 0
0 0 0 0 0 0 0 0 0 0 0 0 0 0 0 0 0 0 0 0 0 0 0 0 0 0 0 0 0 0 0 0 0 0 0 0 0 0 0 0 0 0 0 0 0 0 0 0
0 0 0 0 0 0 0 0 0 0 0 0 0 0 0 0 0 0 0 0 0 0 0 0 0 0 0 0 0 0 0 0 0 0 0 0 0 0 0 0 0 0 0 0 0 0 0 0
0 0 0 0 0 0 0 0 0 0 0 0 0 0 0 0 0 0 0 0 0 0 0 0 0 0 0 0 0 0 0 0 0 0 0 0 0 0 0 0 0 0 0 0 0 0 0 0
0 0 0 0 0 0 0 0 0 0 0 0 0 0 0 0 0 0 0 0 0 0 0 0 0 0 0 0 0 0 0 0 0 0 0 0 0 0 0 0 0 0 0 0 0 0 0 0
0 0 0 0 0 0 0 0 0 0 0 0 0 0 0 0 0 0 0 0 0 0 0 0 0 0 0 0 0 0 0 0 0 0 0 0 0 0 0 0 0 0 0 0 0 0 0 0
0 0 0 0 0 0 0 0 0 0 0 0 0 0 0 0 0 0 0 0 0 0 0 0 0 0 0 0 0 0 0 0 0 0 0 0 0 0 0 0 0 0 0 0 0 0 0 0
0 0 0 0 0 0 0 0 0 0 0 0 0 0 0 0 0 0 0 0 0 0 0 0 0 0 0 0 0 0 0 0 0 0 0 0 0 0 0 0 0 0 0 0 0 0 0 0
0 0 0 0 0 0 0 0 0 0 0 0 0 0 0 0 0 0 0 0 0 0 0 0 0 0 0 0 0 0 0 0 0 0 0 0 0 0 0 0 0 0 0 0 0 0 0 0
0 0 0 0 0 0 0 0 0 0 0 0 0 0 0 0 0 0 0 0 0 0 0 0 0 0 0 0 0 0 0 0 0 0 0 0 0 0 0 0 0 0 0 0 0 0 0 0
0 0 0 0 0 0 0 0 0 0 0 0 0 0 0 0 0 0 0 0 0 0 0 0 0 0 0 0 0 0 0 0 0 0 0 0 0 0 0 0 0 0 0 0 0 0 0 0
0 0 0 0 0 0 0 0 0 0 0 0 0 0 0 0 0 0 0 0 0 0 0 0 0 0 0 0 0 0 0 0 0 0 0 0 0 0 0 0 0 0 0 0 0 0 0 0
0 0 0 0 0 0 0 0 0 0 0 0 0 0 0 0 0 0 0 0 0 0 0 0 0 0 0 0 0 0 0 0 0 0 0 0 0 0 0 0 0 0 0 0 0 0 0 0
0 0 0 0 0 0 0 0 0 0 0 0 0 0 0 0 0 0 0 0 0 0 0 0 0 0 0 0 0 0 0 0 0 0 0 0 0 0 0 0 0 0 0 0 0 0 0 0
0 0 0 0 0 0 0 0 0 0 0 0 0 0 0 0 0 0 0 0 0 0 0 0 0 0 0 0 0 0 0 0 0 0 0 0 0 0 0 0 0 0 0 0 0 0 0 0
0 0 0 0 0 0 0 0 0 0 0 0 0 0 0 0 0 0 0 0 0 0 0 0 0 0 0 0 0 0 0 0 0 0 0 0 0 0 0 0 0 0 0 0 0 0 0 0
0 0 0 0 0 0 0 0 0 0 0 0 0 0 0 0 0 0 0 0 0 0 0 0 0 0 0 0 0 0 0 0 0 0 0 0 0 0 0 0 0 0 0 0 0 0 0 0
0 0 0 0 0 0 0 0 0 0 0 0 0 0 0 0 0 0 0 0 0 0 0 0 0 0 0 0 0 0 0 0 0 0 0 0 0 0 0 0 0 0 0 0 0 0 0 0
0 0 0 0 0 0 0 0 0 0 0 0 0 0 0 0 0 0 0 0 0 0 0 0 0 0 0 0 0 0 0 0 0 0 0 0 0 0 0 0 0 0 0 0 0 0 0 0
0 0 0 0 0 0 0 0 0 0 0 0 0 0 0 0 0 0 0 0 0 0 0 0 0 0 0 0 0 0 0 0 0 0 0 0 0 0 0 0 0 0 0 0 0 0 0 0
1 30 2 30
1 10 2 10
1 46 2 46
1 42 2 42
3 30 4 30
3 42 4 42
3 46 4 46
1 6 2 6
3 6 4 6
1 18 2 18
5 42 6 42
3 18 4 18
1 14 2 14
1 34 2 34
3 10 4 10
5 46 6 46
1 38 2 38
5 18 6 18
5 6 6 6
3 34 4 34
3 38 4 38
7 42 8 42
7 6 8 6
9 42 10 42
5 30 6 30
1 2 2 2
3 2 4 2
7 46 8 46
5 2 6 2
5 10 6 10
5 38 6 38
11 42 12 42
3 14 4 14
7 10 8 10
9 6 10 6
7 18 8 18
5 34 6 34
7 38 8 38
9 38 10 38
5 14 6 14
9 46 10 46
7 14 8 14
11 6 12 6
9 14 10 14
11 38 12 38
9 10 10 10
1 26 2 26
3 26 4 26
1 22 2 22
7 2 8 2
11 46 12 46
9 18 10 18
11 14 12 14
9 2 10 2
7 30 8 30
13 46 14 46
13 14 14 14
13 6 14 6
13 38 14 38
7 34 8 34
15 46 16 46
17 46 18 46
9 34 10 34
15 14 16 14
11 2 12 2
15 6 16 6
19 46 20 46
11 34 12 34
9 30 10 30
11 10 12 10
17 6 18 6
13 42 14 42
5 26 6 26
13 34 14 34
7 26 8 26
17 14 18 14
3 22 4 22
15 42 16 42
15 38 16 38
19 14 20 14
17 42 18 42
11 30 12 30
13 30 14 30
15 30 16 30
13 2 14 2
17 30 18 30
13 10 14 10
19 30 20 30
15 10 16 10
15 2 16 2
21 14 22 14
11 18 12 18
13 18 14 18
19 6 20 6
21 6 22 6
23 6 24 6
15 18 16 18
21 46 22 46
23 46 24 46
17 10 18 10
17 38 18 38
15 34 16 34
17 2 18 2
19 38 20 38
19 42 20 42
21 30 22 30
5 22 6 22
23 30 24 30
21 38 22 38
25 30 26 30
17 18 18 18
27 30 28 30
19 18 20 18
7 22 8 22
9 26 10 26
23 14 24 14
29 30 30 30
19 10 20 10
21 10 22 10
23 38 24 38
25 38 26 38
27 38 28 38
17 34 18 34
11 26 12 26
13 26 14 26
31 30 32 30
19 34 20 34
25 46 26 46
21 18 22 18
21 34 22 34
19 2 20 2
9 22 10 22
29 38 30 38
25 14 26 14
27 14 28 14
31 38 32 38
33 30 34 30
25 6 26 6
27 6 28 6
35 30 36 30
29 6 30 6
21 42 22 42
11 22 12 22
21 2 22 2
23 18 24 18
31 6 32 6
33 38 34 38
23 2 24 2
35 38 36 38
25 18 26 18
27 46 28 46
29 14 30 14
13 22 14 22
25 2 26 2
27 2 28 2
31 14 32 14
37 30 38 30
15 26 16 26
29 46 30 46
39 30 40 30
33 6 34 6
15 22 16 22
35 6 36 6
23 10 24 10
23 42 24 42
25 10 26 10
37 38 38 38
41 30 42 30
23 34 24 34
39 38 40 38
33 14 34 14
31 46 32 46
27 10 28 10
29 2 30 2
27 18 28 18
17 26 18 26
41 38 42 38
29 10 30 10
31 10 32 10
35 14 36 14
37 6 38 6
43 38 44 38
31 2 32 2
45 38 46 38
39 6 40 6
47 38 48 38
33 2 34 2
43 30 44 30
33 46 34 46
35 2 36 2
19 26 20 26
33 10 34 10
35 10 36 10
35 46 36 46
45 30 46 30
37 10 38 10
49 38 50 38
17 22 18 22
19 22 20 22
21 26 22 26
29 18 30 18
37 14 38 14
47 30 48 30
25 42 26 42
27 42 28 42
41 6 42 6
23 26 24 26
49 30 50 30
25 34 26 34
29 42 30 42
27 34 28 34
37 46 38 46
39 46 40 46
39 14 40 14
31 18 32 18
25 26 26 26
29 34 30 34
41 46 42 46
31 34 32 34
43 46 44 46
33 18 34 18
27 26 28 26
41 14 42 14
33 34 34 34
21 22 22 22
39 10 40 10
31 42 32 42
23 22 24 22
25 22 26 22
43 14 44 14
37 2 38 2
45 14 46 14
47 14 48 14
41 10 42 10
35 34 36 34
43 10 44 10
33 42 34 42
49 14 50 14
35 18 36 18
35 42 36 42
45 10 46 10
37 42 38 42
39 42 40 42
41 42 42 42
43 6 44 6
45 46 46 46
45 6 46 6
39 2 40 2
37 18 38 18
47 6 48 6
39 18 40 18
47 10 48 10
49 6 50 6
41 18 42 18
43 42 44 42
41 2 42 2
43 2 44 2
49 10 50 10
37 34 38 34
45 2 46 2
45 42 46 42
43 18 44 18
47 2 48 2
47 46 48 46
29 26 30 26
27 22 28 22
29 22 30 22
47 42 48 42
49 2 50 2
31 26 32 26
31 22 32 22
39 34 40 34
49 46 50 46
41 34 42 34
45 18 46 18
33 26 34 26
33 22 34 22
35 22 36 22
37 22 38 22
35 26 36 26
39 22 40 22
43 34 44 34
41 22 42 22
49 42 50 42
45 34 46 34
47 34 48 34
49 34 50 34
37 26 38 26
47 18 48 18
43 22 44 22
45 22 46 22
47 22 48 22
49 18 50 18
39 26 40 26
41 26 42 26
49 22 50 22
43 26 44 26
45 26 46 26
47 26 48 26
49 26 50 26
