50 48 8 300
1 4 1 7 3 1 3 7 5 6 5 7 2 4 2 7 6 5 6 7 2 6 2 7 4 3 4 7 2 3 2 7 1 2 1 7 6 5 6 7 6 4 6 7 3 5 3 7
4 1 4 8 1 3 1 8 6 5 6 8 4 2 4 8 5 6 5 8 6 2 6 8 3 4 3 8 3 2 3 8 2 1 2 8 5 6 5 8 4 6 4 8 5 3 5 8
3 4 3 7 1 6 1 7 2 5 2 7 1 4 1 7 4 3 4 7 1 3 1 7 4 1 4 7 4 2 4 7 6 2 6 7 4 2 4 7 2 6 2 7 1 2 1 7
4 3 4 8 6 1 6 8 5 2 5 8 4 1 4 8 3 4 3 8 3 1 3 8 1 4 1 8 2 4 2 8 2 6 2 8 2 4 2 8 6 2 6 8 2 1 2 8
2 3 2 7 6 5 6 7 2 1 2 7 5 2 5 7 6 2 6 7 6 5 6 7 6 4 6 7 6 1 6 7 3 6 3 7 3 4 3 7 3 5 3 7 2 6 2 7
3 2 3 8 5 6 5 8 1 2 1 8 2 5 2 8 2 6 2 8 5 6 5 8 4 6 4 8 1 6 1 8 6 3 6 8 4 3 4 8 5 3 5 8 6 2 6 8
5 4 5 7 5 3 5 7 3 6 3 7 6 3 6 7 3 4 3 7 1 3 1 7 5 6 5 7 3 2 3 7 3 2 3 7 3 1 3 7 2 5 2 7 6 5 6 7
4 5 4 8 3 5 3 8 6 3 6 8 3 6 3 8 4 3 4 8 3 1 3 8 6 5 6 8 2 3 2 8 2 3 2 8 1 3 1 8 5 2 5 8 5 6 5 8
1 3 1 7 3 4 3 7 4 5 4 7 2 3 2 7 6 5 6 7 6 2 6 7 1 6 1 7 3 2 3 7 5 3 5 7 2 4 2 7 1 2 1 7 3 2 3 7
3 1 3 8 4 3 4 8 5 4 5 8 3 2 3 8 5 6 5 8 2 6 2 8 6 1 6 8 2 3 2 8 3 5 3 8 4 2 4 8 2 1 2 8 2 3 2 8
3 6 3 7 2 4 2 7 5 3 5 7 6 1 6 7 5 3 5 7 1 5 1 7 6 1 6 7 1 5 1 7 3 2 3 7 4 6 4 7 3 1 3 7 6 3 6 7
6 3 6 8 4 2 4 8 3 5 3 8 1 6 1 8 3 5 3 8 5 1 5 8 1 6 1 8 5 1 5 8 2 3 2 8 6 4 6 8 1 3 1 8 3 6 3 8
4 6 4 7 4 5 4 7 1 3 1 7 6 3 6 7 1 6 1 7 4 3 4 7 3 4 3 7 4 6 4 7 3 5 3 7 2 1 2 7 5 3 5 7 6 2 6 7
6 4 6 8 5 4 5 8 3 1 3 8 3 6 3 8 6 1 6 8 3 4 3 8 4 3 4 8 6 4 6 8 5 3 5 8 1 2 1 8 3 5 3 8 2 6 2 8
3 6 3 7 5 6 5 7 4 3 4 7 1 2 1 7 6 3 6 7 1 4 1 7 5 4 5 7 1 5 1 7 4 6 4 7 5 6 5 7 4 2 4 7 1 2 1 7
6 3 6 8 6 5 6 8 3 4 3 8 2 1 2 8 3 6 3 8 4 1 4 8 4 5 4 8 5 1 5 8 6 4 6 8 6 5 6 8 2 4 2 8 2 1 2 8
3 6 3 7 1 6 1 7 5 6 5 7 4 5 4 7 6 1 6 7 1 3 1 7 2 1 2 7 4 1 4 7 3 1 3 7 1 2 1 7 2 5 2 7 1 5 1 7
6 3 6 8 6 1 6 8 6 5 6 8 5 4 5 8 1 6 1 8 3 1 3 8 1 2 1 8 1 4 1 8 1 3 1 8 2 1 2 8 5 2 5 8 5 1 5 8
4 6 4 7 3 2 3 7 2 3 2 7 6 2 6 7 4 1 4 7 3 4 3 7 6 5 6 7 4 5 4 7 3 6 3 7 4 3 4 7 2 5 2 7 2 3 2 7
6 4 6 8 2 3 2 8 3 2 3 8 2 6 2 8 1 4 1 8 4 3 4 8 5 6 5 8 5 4 5 8 6 3 6 8 3 4 3 8 5 2 5 8 3 2 3 8
2 6 2 7 2 3 2 7 3 5 3 7 5 6 5 7 2 5 2 7 3 6 3 7 1 2 1 7 4 6 4 7 5 3 5 7 3 2 3 7 1 6 1 7 5 2 5 7
6 2 6 8 3 2 3 8 5 3 5 8 6 5 6 8 5 2 5 8 6 3 6 8 2 1 2 8 6 4 6 8 3 5 3 8 2 3 2 8 6 1 6 8 2 5 2 8
1 5 1 7 5 6 5 7 1 6 1 7 3 5 3 7 2 6 2 7 2 1 2 7 3 5 3 7 5 6 5 7 4 5 4 7 3 1 3 7 5 1 5 7 2 4 2 7
5 1 5 8 6 5 6 8 6 1 6 8 5 3 5 8 6 2 6 8 1 2 1 8 5 3 5 8 6 5 6 8 5 4 5 8 1 3 1 8 1 5 1 8 4 2 4 8
2 1 2 7 2 6 2 7 2 3 2 7 5 6 5 7 3 6 3 7 5 3 5 7 5 6 5 7 5 3 5 7 2 4 2 7 1 6 1 7 3 6 3 7 3 2 3 7
1 2 1 8 6 2 6 8 3 2 3 8 6 5 6 8 6 3 6 8 3 5 3 8 6 5 6 8 3 5 3 8 4 2 4 8 6 1 6 8 6 3 6 8 2 3 2 8
5 4 5 7 6 5 6 7 4 1 4 7 3 4 3 7 1 2 1 7 3 5 3 7 2 6 2 7 3 2 3 7 4 2 4 7 5 3 5 7 6 3 6 7 1 5 1 7
4 5 4 8 5 6 5 8 1 4 1 8 4 3 4 8 2 1 2 8 5 3 5 8 6 2 6 8 2 3 2 8 2 4 2 8 3 5 3 8 3 6 3 8 5 1 5 8
3 2 3 7 3 1 3 7 6 5 6 7 4 1 4 7 5 6 5 7 6 4 6 7 2 4 2 7 3 1 3 7 5 4 5 7 1 3 1 7 3 4 3 7 1 3 1 7
2 3 2 8 1 3 1 8 5 6 5 8 1 4 1 8 6 5 6 8 4 6 4 8 4 2 4 8 1 3 1 8 4 5 4 8 3 1 3 8 4 3 4 8 3 1 3 8
6 3 6 7 3 5 3 7 6 4 6 7 5 3 5 7 1 3 1 7 6 4 6 7 2 1 2 7 2 5 2 7 6 2 6 7 6 4 6 7 4 5 4 7 6 5 6 7
3 6 3 8 5 3 5 8 4 6 4 8 3 5 3 8 3 1 3 8 4 6 4 8 1 2 1 8 5 2 5 8 2 6 2 8 4 6 4 8 5 4 5 8 5 6 5 8
1 6 1 7 4 3 4 7 1 5 1 7 5 1 5 7 2 3 2 7 5 3 5 7 6 4 6 7 4 5 4 7 2 1 2 7 4 2 4 7 6 4 6 7 4 1 4 7
6 1 6 8 3 4 3 8 5 1 5 8 1 5 1 8 3 2 3 8 3 5 3 8 4 6 4 8 5 4 5 8 1 2 1 8 2 4 2 8 4 6 4 8 1 4 1 8
4 5 4 7 1 4 1 7 6 3 6 7 3 4 3 7 2 5 2 7 4 3 4 7 2 5 2 7 1 2 1 7 2 4 2 7 1 5 1 7 3 2 3 7 6 4 6 7
5 4 5 8 4 1 4 8 3 6 3 8 4 3 4 8 5 2 5 8 3 4 3 8 5 2 5 8 2 1 2 8 4 2 4 8 5 1 5 8 2 3 2 8 4 6 4 8
5 6 5 7 4 3 4 7 6 4 6 7 4 2 4 7 2 3 2 7 5 3 5 7 5 2 5 7 3 4 3 7 5 6 5 7 1 2 1 7 2 6 2 7 3 4 3 7
6 5 6 8 3 4 3 8 4 6 4 8 2 4 2 8 3 2 3 8 3 5 3 8 2 5 2 8 4 3 4 8 6 5 6 8 2 1 2 8 6 2 6 8 4 3 4 8
1 2 1 7 3 2 3 7 6 3 6 7 4 5 4 7 6 3 6 7 3 5 3 7 3 5 3 7 6 3 6 7 3 4 3 7 2 6 2 7 2 4 2 7 6 4 6 7
2 1 2 8 2 3 2 8 3 6 3 8 5 4 5 8 3 6 3 8 5 3 5 8 5 3 5 8 3 6 3 8 4 3 4 8 6 2 6 8 4 2 4 8 4 6 4 8
2 6 2 7 1 2 1 7 1 2 1 7 2 6 2 7 4 3 4 7 1 4 1 7 4 1 4 7 1 3 1 7 3 1 3 7 4 5 4 7 5 1 5 7 1 5 1 7
6 2 6 8 2 1 2 8 2 1 2 8 6 2 6 8 3 4 3 8 4 1 4 8 1 4 1 8 3 1 3 8 1 3 1 8 5 4 5 8 1 5 1 8 5 1 5 8
2 4 2 7 6 3 6 7 4 1 4 7 3 1 3 7 5 2 5 7 5 4 5 7 5 1 5 7 1 3 1 7 4 5 4 7 1 2 1 7 2 4 2 7 3 5 3 7
4 2 4 8 3 6 3 8 1 4 1 8 1 3 1 8 2 5 2 8 4 5 4 8 1 5 1 8 3 1 3 8 5 4 5 8 2 1 2 8 4 2 4 8 5 3 5 8
4 2 4 7 2 4 2 7 2 1 2 7 1 6 1 7 3 6 3 7 1 5 1 7 5 1 5 7 3 4 3 7 3 4 3 7 3 6 3 7 1 4 1 7 5 3 5 7
2 4 2 8 4 2 4 8 1 2 1 8 6 1 6 8 6 3 6 8 5 1 5 8 1 5 1 8 4 3 4 8 4 3 4 8 6 3 6 8 4 1 4 8 3 5 3 8
1 6 1 7 5 3 5 7 4 5 4 7 2 3 2 7 1 4 1 7 5 3 5 7 5 1 5 7 5 3 5 7 1 2 1 7 2 5 2 7 4 5 4 7 5 2 5 7
6 1 6 8 3 5 3 8 5 4 5 8 3 2 3 8 4 1 4 8 3 5 3 8 1 5 1 8 3 5 3 8 2 1 2 8 5 2 5 8 5 4 5 8 2 5 2 8
2 1 2 7 1 5 1 7 3 5 3 7 3 1 3 7 5 2 5 7 5 6 5 7 4 1 4 7 2 5 2 7 4 5 4 7 1 6 1 7 2 4 2 7 1 4 1 7
1 2 1 8 5 1 5 8 5 3 5 8 1 3 1 8 2 5 2 8 6 5 6 8 1 4 1 8 5 2 5 8 5 4 5 8 6 1 6 8 4 2 4 8 4 1 4 8
0 0 0 0 0 0 0 0 0 0 0 0 0 0 0 0 0 0 0 0 0 0 0 0 0 0 0 0 0 0 0 0 0 0 0 0 0 0 0 0 0 0 0 0 0 0 0 0
0 0 0 0 0 0 0 0 0 0 0 0 0 0 0 0 0 0 0 0 0 0 0 0 0 0 0 0 0 0 0 0 0 0 0 0 0 0 0 0 0 0 0 0 0 0 0 0
0 0 0 0 0 0 0 0 0 0 0 0 0 0 0 0 0 0 0 0 0 0 0 0 0 0 0 0 0 0 0 0 0 0 0 0 0 0 0 0 0 0 0 0 0 0 0 0
0 0 0 0 0 0 0 0 0 0 0 0 0 0 0 0 0 0 0 0 0 0 0 0 0 0 0 0 0 0 0 0 0 0 0 0 0 0 0 0 0 0 0 0 0 0 0 0
0 0 0 0 0 0 0 0 0 0 0 0 0 0 0 0 0 0 0 0 0 0 0 0 0 0 0 0 0 0 0 0 0 0 0 0 0 0 0 0 0 0 0 0 0 0 0 0
0 0 0 0 0 0 0 0 0 0 0 0 0 0 0 0 0 0 0 0 0 0 0 0 0 0 0 0 0 0 0 0 0 0 0 0 0 0 0 0 0 0 0 0 0 0 0 0
0 0 0 0 0 0 0 0 0 0 0 0 0 0 0 0 0 0 0 0 0 0 0 0 0 0 0 0 0 0 0 0 0 0 0 0 0 0 0 0 0 0 0 0 0 0 0 0
0 0 0 0 0 0 0 0 0 0 0 0 0 0 0 0 0 0 0 0 0 0 0 0 0 0 0 0 0 0 0 0 0 0 0 0 0 0 0 0 0 0 0 0 0 0 0 0
0 0 0 0 0 0 0 0 0 0 0 0 0 0 0 0 0 0 0 0 0 0 0 0 0 0 0 0 0 0 0 0 0 0 0 0 0 0 0 0 0 0 0 0 0 0 0 0
0 0 0 0 0 0 0 0 0 0 0 0 0 0 0 0 0 0 0 0 0 0 0 0 0 0 0 0 0 0 0 0 0 0 0 0 0 0 0 0 0 0 0 0 0 0 0 0
0 0 0 0 0 0 0 0 0 0 0 0 0 0 0 0 0 0 0 0 0 0 0 0 0 0 0 0 0 0 0 0 0 0 0 0 0 0 0 0 0 0 0 0 0 0 0 0
0 0 0 0 0 0 0 0 0 0 0 0 0 0 0 0 0 0 0 0 0 0 0 0 0 0 0 0 0 0 0 0 0 0 0 0 0 0 0 0 0 0 0 0 0 0 0 0
0 0 0 0 0 0 0 0 0 0 0 0 0 0 0 0 0 0 0 0 0 0 0 0 0 0 0 0 0 0 0 0 0 0 0 0 0 0 0 0 0 0 0 0 0 0 0 0
0 0 0 0 0 0 0 0 0 0 0 0 0 0 0 0 0 0 0 0 0 0 0 0 0 0 0 0 0 0 0 0 0 0 0 0 0 0 0 0 0 0 0 0 0 0 0 0
0 0 0 0 0 0 0 0 0 0 0 0 0 0 0 0 0 0 0 0 0 0 0 0 0 0 0 0 0 0 0 0 0 0 0 0 0 0 0 0 0 0 0 0 0 0 0 0
0 0 0 0 0 0 0 0 0 0 0 0 0 0 0 0 0 0 0 0 0 0 0 0 0 0 0 0 0 0 0 0 0 0 0 0 0 0 0 0 0 0 0 0 0 0 0 0
0 0 0 0 0 0 0 0 0 0 0 0 0 0 0 0 0 0 0 0 0 0 0 0 0 0 0 0 0 0 0 0 0 0 0 0 0 0 0 0 0 0 0 0 0 0 0 0
0 0 0 0 0 0 0 0 0 0 0 0 0 0 0 0 0 0 0 0 0 0 0 0 0 0 0 0 0 0 0 0 0 0 0 0 0 0 0 0 0 0 0 0 0 0 0 0
0 0 0 0 0 0 0 0 0 0 0 0 0 0 0 0 0 0 0 0 0 0 0 0 0 0 0 0 0 0 0 0 0 0 0 0 0 0 0 0 0 0 0 0 0 0 0 0
0 0 0 0 0 0 0 0 0 0 0 0 0 0 0 0 0 0 0 0 0 0 0 0 0 0 0 0 0 0 0 0 0 0 0 0 0 0 0 0 0 0 0 0 0 0 0 0
0 0 0 0 0 0 0 0 0 0 0 0 0 0 0 0 0 0 0 0 0 0 0 0 0 0 0 0 0 0 0 0 0 0 0 0 0 0 0 0 0 0 0 0 0 0 0 0
0 0 0 0 0 0 0 0 0 0 0 0 0 0 0 0 0 0 0 0 0 0 0 0 0 0 0 0 0 0 0 0 0 0 0 0 0 0 0 0 0 0 0 0 0 0 0 0
0 0 0 0 0 0 0 0 0 0 0 0 0 0 0 0 0 0 0 0 0 0 0 0 0 0 0 0 0 0 0 0 0 0 0 0 0 0 0 0 0 0 0 0 0 0 0 0
0 0 0 0 0 0 0 0 0 0 0 0 0 0 0 0 0 0 0 0 0 0 0 0 0 0 0 0 0 0 0 0 0 0 0 0 0 0 0 0 0 0 0 0 0 0 0 0
0 0 0 0 0 0 0 0 0 0 0 0 0 0 0 0 0 0 0 0 0 0 0 0 0 0 0 0 0 0 0 0 0 0 0 0 0 0 0 0 0 0 0 0 0 0 0 0
0 0 0 0 0 0 0 0 0 0 0 0 0 0 0 0 0 0 0 0 0 0 0 0 0 0 0 0 0 0 0 0 0 0 0 0 0 0 0 0 0 0 0 0 0 0 0 0
0 0 0 0 0 0 0 0 0 0 0 0 0 0 0 0 0 0 0 0 0 0 0 0 0 0 0 0 0 0 0 0 0 0 0 0 0 0 0 0 0 0 0 0 0 0 0 0
0 0 0 0 0 0 0 0 0 0 0 0 0 0 0 0 0 0 0 0 0 0 0 0 0 0 0 0 0 0 0 0 0 0 0 0 0 0 0 0 0 0 0 0 0 0 0 0
0 0 0 0 0 0 0 0 0 0 0 0 0 0 0 0 0 0 0 0 0 0 0 0 0 0 0 0 0 0 0 0 0 0 0 0 0 0 0 0 0 0 0 0 0 0 0 0
0 0 0 0 0 0 0 0 0 0 0 0 0 0 0 0 0 0 0 0 0 0 0 0 0 0 0 0 0 0 0 0 0 0 0 0 0 0 0 0 0 0 0 0 0 0 0 0
0 0 0 0 0 0 0 0 0 0 0 0 0 0 0 0 0 0 0 0 0 0 0 0 0 0 0 0 0 0 0 0 0 0 0 0 0 0 0 0 0 0 0 0 0 0 0 0
0 0 0 0 0 0 0 0 0 0 0 0 0 0 0 0 0 0 0 0 0 0 0 0 0 0 0 0 0 0 0 0 0 0 0 0 0 0 0 0 0 0 0 0 0 0 0 0
0 0 0 0 0 0 0 0 0 0 0 0 0 0 0 0 0 0 0 0 0 0 0 0 0 0 0 0 0 0 0 0 0 0 0 0 0 0 0 0 0 0 0 0 0 0 0 0
0 0 0 0 0 0 0 0 0 0 0 0 0 0 0 0 0 0 0 0 0 0 0 0 0 0 0 0 0 0 0 0 0 0 0 0 0 0 0 0 0 0 0 0 0 0 0 0
0 0 0 0 0 0 0 0 0 0 0 0 0 0 0 0 0 0 0 0 0 0 0 0 0 0 0 0 0 0 0 0 0 0 0 0 0 0 0 0 0 0 0 0 0 0 0 0
0 0 0 0 0 0 0 0 0 0 0 0 0 0 0 0 0 0 0 0 0 0 0 0 0 0 0 0 0 0 0 0 0 0 0 0 0 0 0 0 0 0 0 0 0 0 0 0
0 0 0 0 0 0 0 0 0 0 0 0 0 0 0 0 0 0 0 0 0 0 0 0 0 0 0 0 0 0 0 0 0 0 0 0 0 0 0 0 0 0 0 0 0 0 0 0
0 0 0 0 0 0 0 0 0 0 0 0 0 0 0 0 0 0 0 0 0 0 0 0 0 0 0 0 0 0 0 0 0 0 0 0 0 0 0 0 0 0 0 0 0 0 0 0
0 0 0 0 0 0 0 0 0 0 0 0 0 0 0 0 0 0 0 0 0 0 0 0 0 0 0 0 0 0 0 0 0 0 0 0 0 0 0 0 0 0 0 0 0 0 0 0
0 0 0 0 0 0 0 0 0 0 0 0 0 0 0 0 0 0 0 0 0 0 0 0 0 0 0 0 0 0 0 0 0 0 0 0 0 0 0 0 0 0 0 0 0 0 0 0
0 0 0 0 0 0 0 0 0 0 0 0 0 0 0 0 0 0 0 0 0 0 0 0 0 0 0 0 0 0 0 0 0 0 0 0 0 0 0 0 0 0 0 0 0 0 0 0
0 0 0 0 0 0 0 0 0 0 0 0 0 0 0 0 0 0 0 0 0 0 0 0 0 0 0 0 0 0 0 0 0 0 0 0 0 0 0 0 0 0 0 0 0 0 0 0
0 0 0 0 0 0 0 0 0 0 0 0 0 0 0 0 0 0 0 0 0 0 0 0 0 0 0 0 0 0 0 0 0 0 0 0 0 0 0 0 0 0 0 0 0 0 0 0
0 0 0 0 0 0 0 0 0 0 0 0 0 0 0 0 0 0 0 0 0 0 0 0 0 0 0 0 0 0 0 0 0 0 0 0 0 0 0 0 0 0 0 0 0 0 0 0
0 0 0 0 0 0 0 0 0 0 0 0 0 0 0 0 0 0 0 0 0 0 0 0 0 0 0 0 0 0 0 0 0 0 0 0 0 0 0 0 0 0 0 0 0 0 0 0
0 0 0 0 0 0 0 0 0 0 0 0 0 0 0 0 0 0 0 0 0 0 0 0 0 0 0 0 0 0 0 0 0 0 0 0 0 0 0 0 0 0 0 0 0 0 0 0
0 0 0 0 0 0 0 0 0 0 0 0 0 0 0 0 0 0 0 0 0 0 0 0 0 0 0 0 0 0 0 0 0 0 0 0 0 0 0 0 0 0 0 0 0 0 0 0
0 0 0 0 0 0 0 0 0 0 0 0 0 0 0 0 0 0 0 0 0 0 0 0 0 0 0 0 0 0 0 0 0 0 0 0 0 0 0 0 0 0 0 0 0 0 0 0
0 0 0 0 0 0 0 0 0 0 0 0 0 0 0 0 0 0 0 0 0 0 0 0 0 0 0 0 0 0 0 0 0 0 0 0 0 0 0 0 0 0 0 0 0 0 0 0
0 0 0 0 0 0 0 0 0 0 0 0 0 0 0 0 0 0 0 0 0 0 0 0 0 0 0 0 0 0 0 0 0 0 0 0 0 0 0 0 0 0 0 0 0 0 0 0
1 18 2 18
1 10 2 10
1 6 2 6
3 18 4 18
1 46 2 46
1 2 2 2
5 18 6 18
3 6 4 6
7 18 8 18
1 38 2 38
1 14 2 14
1 42 2 42
1 30 2 30
3 42 4 42
1 26 2 26
1 22 2 22
3 2 4 2
1 34 2 34
3 22 4 22
5 6 6 6
3 46 4 46
3 38 4 38
5 38 6 38
5 22 6 22
5 42 6 42
7 38 8 38
9 38 10 38
3 34 4 34
5 2 6 2
7 42 8 42
3 10 4 10
9 18 10 18
11 38 12 38
7 2 8 2
5 34 6 34
7 22 8 22
9 42 10 42
7 6 8 6
9 6 10 6
11 42 12 42
3 14 4 14
3 26 4 26
5 10 6 10
7 10 8 10
13 42 14 42
5 14 6 14
13 38 14 38
9 22 10 22
5 46 6 46
9 2 10 2
3 30 4 30
15 42 16 42
17 42 18 42
9 10 10 10
7 14 8 14
9 14 10 14
11 6 12 6
15 38 16 38
5 30 6 30
11 2 12 2
11 18 12 18
11 14 12 14
11 10 12 10
13 14 14 14
13 2 14 2
7 30 8 30
19 42 20 42
13 6 14 6
7 46 8 46
13 10 14 10
5 26 6 26
7 34 8 34
15 6 16 6
15 10 16 10
7 26 8 26
9 26 10 26
13 18 14 18
9 34 10 34
15 14 16 14
15 18 16 18
17 6 18 6
11 26 12 26
17 38 18 38
13 26 14 26
9 46 10 46
21 42 22 42
11 34 12 34
17 10 18 10
19 6 20 6
17 14 18 14
19 10 20 10
15 2 16 2
23 42 24 42
9 30 10 30
21 6 22 6
13 34 14 34
19 14 20 14
15 34 16 34
11 22 12 22
11 30 12 30
17 18 18 18
21 10 22 10
13 30 14 30
17 34 18 34
17 2 18 2
25 42 26 42
21 14 22 14
11 46 12 46
23 6 24 6
23 10 24 10
13 46 14 46
23 14 24 14
25 14 26 14
13 22 14 22
19 2 20 2
15 22 16 22
19 34 20 34
15 26 16 26
21 34 22 34
21 2 22 2
25 10 26 10
19 18 20 18
15 46 16 46
15 30 16 30
23 34 24 34
17 30 18 30
19 38 20 38
25 34 26 34
27 34 28 34
17 46 18 46
23 2 24 2
17 22 18 22
29 34 30 34
27 14 28 14
27 42 28 42
19 22 20 22
29 42 30 42
21 22 22 22
23 22 24 22
21 18 22 18
31 34 32 34
29 14 30 14
17 26 18 26
25 22 26 22
19 46 20 46
31 14 32 14
25 2 26 2
21 46 22 46
27 22 28 22
23 18 24 18
27 2 28 2
29 22 30 22
31 22 32 22
25 18 26 18
33 14 34 14
21 38 22 38
19 30 20 30
33 22 34 22
27 18 28 18
29 18 30 18
27 10 28 10
25 6 26 6
31 42 32 42
35 14 36 14
31 18 32 18
27 6 28 6
19 26 20 26
33 18 34 18
37 14 38 14
21 26 22 26
29 10 30 10
35 22 36 22
31 10 32 10
29 2 30 2
33 34 34 34
39 14 40 14
37 22 38 22
33 10 34 10
29 6 30 6
35 34 36 34
37 34 38 34
35 18 36 18
23 46 24 46
35 10 36 10
41 14 42 14
31 2 32 2
37 18 38 18
39 34 40 34
21 30 22 30
33 2 34 2
33 42 34 42
35 42 36 42
37 42 38 42
23 26 24 26
23 38 24 38
41 34 42 34
25 26 26 26
27 26 28 26
25 46 26 46
23 30 24 30
37 10 38 10
39 18 40 18
25 38 26 38
39 22 40 22
39 42 40 42
41 42 42 42
41 22 42 22
35 2 36 2
27 46 28 46
29 46 30 46
37 2 38 2
31 6 32 6
25 30 26 30
39 2 40 2
43 34 44 34
31 46 32 46
33 46 34 46
43 14 44 14
39 10 40 10
45 14 46 14
27 30 28 30
29 30 30 30
31 30 32 30
41 10 42 10
33 30 34 30
45 34 46 34
35 46 36 46
27 38 28 38
43 10 44 10
47 14 48 14
49 14 50 14
47 34 48 34
43 42 44 42
29 38 30 38
37 46 38 46
35 30 36 30
45 10 46 10
45 42 46 42
47 10 48 10
39 46 40 46
43 22 44 22
37 30 38 30
41 18 42 18
43 18 44 18
49 10 50 10
33 6 34 6
29 26 30 26
31 26 32 26
45 22 46 22
33 26 34 26
41 2 42 2
43 2 44 2
41 46 42 46
39 30 40 30
45 2 46 2
35 26 36 26
37 26 38 26
47 2 48 2
49 2 50 2
41 30 42 30
47 42 48 42
43 46 44 46
49 34 50 34
47 22 48 22
45 18 46 18
43 30 44 30
49 22 50 22
35 6 36 6
47 18 48 18
37 6 38 6
45 30 46 30
49 42 50 42
39 6 40 6
47 30 48 30
49 18 50 18
41 6 42 6
43 6 44 6
45 46 46 46
39 26 40 26
49 30 50 30
41 26 42 26
47 46 48 46
31 38 32 38
43 26 44 26
49 46 50 46
33 38 34 38
35 38 36 38
45 6 46 6
37 38 38 38
39 38 40 38
47 6 48 6
41 38 42 38
45 26 46 26
47 26 48 26
49 6 50 6
43 38 44 38
49 26 50 26
45 38 46 38
47 38 48 38
49 38 50 38
