50 50 5 1000
2 4 5 4 5 1 3 4 4 5 2 3 5 4 1 2 3 4 4 5 5 1 5 4 1 4 3 3 5 2 1 4 4 2 4 1 3 5 5 3 5 4 1 4 4 2 1 5 5 3
2 2 1 2 3 3 1 4 5 1 5 5 4 3 5 5 4 3 4 2 3 5 4 4 5 1 5 2 5 5 2 5 3 2 1 3 3 2 5 3 4 4 5 5 2 3 3 1 5 5
4 3 4 5 4 5 5 2 2 4 5 1 4 1 4 1 3 2 5 4 2 1 5 5 4 1 1 2 2 5 1 5 3 4 4 5 5 4 4 5 1 3 3 5 1 2 1 1 4 5
5 2 2 3 5 3 2 2 5 1 4 5 3 1 2 3 1 2 3 4 2 3 3 1 4 5 5 3 2 2 3 2 5 1 3 4 4 1 4 3 2 3 5 3 1 5 4 3 4 2
1 2 2 4 2 4 5 5 1 3 1 3 3 2 5 5 3 1 2 1 1 5 3 2 1 1 3 3 5 5 2 3 1 1 5 4 3 4 1 1 3 2 1 1 2 1 5 4 2 2
2 4 5 1 3 1 2 5 1 4 3 5 5 2 1 4 4 2 1 1 2 1 2 1 5 2 1 5 1 3 4 4 2 4 1 3 2 3 3 4 4 5 5 4 1 3 1 4 5 1
4 5 1 3 2 2 1 3 4 3 1 4 1 1 2 1 2 2 5 4 5 1 2 4 5 1 1 4 5 1 2 3 1 4 3 1 5 4 1 1 5 1 4 4 2 5 3 2 2 4
1 1 5 4 1 3 3 5 5 4 5 2 2 4 2 1 5 3 5 3 2 3 3 2 4 3 3 2 5 5 4 5 3 2 1 4 2 5 4 4 3 3 4 3 3 2 3 1 3 4
1 1 2 3 3 1 5 4 4 1 3 1 2 3 1 2 5 2 1 5 2 4 4 5 4 2 2 3 4 1 4 4 2 4 3 4 1 5 3 4 1 4 3 4 1 4 4 3 3 5
2 5 2 1 2 5 3 2 5 5 4 2 5 4 3 4 2 3 1 3 3 5 1 5 2 4 3 2 4 5 1 3 5 5 2 5 1 1 4 3 1 5 3 4 4 1 3 4 1 1
5 2 5 1 4 4 1 4 1 1 2 1 4 5 5 4 2 1 3 5 1 2 4 2 4 3 3 4 2 1 3 2 4 2 5 4 5 1 3 2 5 1 1 5 4 4 5 3 2 1
4 2 1 2 2 5 5 2 5 3 5 5 4 2 4 5 4 5 4 1 5 5 3 5 4 4 1 5 1 3 3 1 3 2 3 4 1 5 3 4 3 3 2 1 5 1 5 5 2 2
2 4 5 4 5 1 2 5 3 1 1 5 1 1 4 4 5 2 2 1 4 4 1 5 3 5 2 3 5 1 5 2 1 1 3 5 1 4 4 2 5 1 3 2 4 2 1 4 4 3
2 2 4 5 1 4 5 5 2 5 3 4 3 5 2 2 3 1 5 2 1 3 2 2 5 5 2 1 1 5 2 5 1 2 4 2 4 5 1 4 4 5 2 5 3 1 5 5 1 2
4 3 1 3 3 1 2 3 5 3 1 1 2 1 4 1 5 3 3 5 3 3 1 2 2 1 4 4 5 2 3 4 2 3 1 3 4 5 1 1 3 4 5 4 5 5 4 2 4 4
5 1 4 5 4 2 2 4 1 1 3 1 5 2 5 4 1 5 2 3 1 2 3 3 4 2 5 1 2 5 5 1 4 2 2 1 2 1 4 3 5 2 1 5 3 3 4 3 3 5
1 2 1 1 5 1 1 5 3 5 2 4 1 4 2 1 3 2 2 4 2 2 5 5 2 4 1 2 1 2 3 2 5 5 3 1 2 5 4 4 5 3 3 2 2 5 1 3 4 1
1 5 1 5 2 3 5 2 3 5 3 5 1 2 5 2 4 2 3 1 5 5 4 1 3 4 1 3 3 4 4 1 5 5 1 5 3 5 5 4 1 4 5 2 4 2 5 4 2 2
3 1 4 3 1 4 4 5 1 1 4 5 2 4 4 2 2 4 5 5 3 2 2 5 5 2 3 4 3 4 1 5 2 2 3 2 2 3 3 5 5 2 5 5 1 3 1 2 2 5
4 2 4 4 5 4 2 2 3 5 1 3 5 1 2 3 2 1 4 5 4 5 1 3 4 3 1 3 4 2 3 4 4 3 1 1 2 1 1 5 4 3 4 3 5 2 2 3 4 3
3 3 2 2 4 2 1 3 4 5 5 2 3 1 1 2 4 1 2 2 5 4 1 2 3 4 2 4 1 5 2 3 1 1 5 4 1 3 5 4 5 5 2 1 5 1 5 1 4 4
1 2 3 1 2 5 2 1 3 4 3 3 2 2 3 1 4 2 2 5 4 4 2 3 2 1 3 3 2 4 5 4 1 5 4 2 4 3 3 4 3 2 2 5 2 3 3 5 5 3
3 4 5 5 3 3 5 5 3 2 4 3 4 3 3 4 3 3 5 4 1 5 3 3 4 5 5 3 1 4 2 4 3 3 4 3 1 5 2 2 5 3 5 2 5 3 1 2 1 3
2 3 1 2 1 3 4 1 2 5 3 5 3 2 4 3 1 1 2 5 2 2 4 5 4 4 2 5 3 1 1 2 5 2 3 2 4 2 5 4 1 5 5 3 4 5 5 1 2 2
2 5 5 3 1 5 4 5 1 5 1 2 1 5 3 4 4 1 1 4 5 3 4 1 3 1 3 4 5 1 5 1 2 5 1 1 3 4 2 4 5 5 2 3 5 4 5 2 5 2
3 3 5 3 4 2 5 2 5 2 5 4 4 2 4 5 1 5 3 3 2 5 3 5 2 5 4 4 5 5 4 5 1 5 1 2 1 2 3 1 1 4 3 5 3 4 1 2 1 3
2 1 3 4 3 4 5 3 2 2 5 2 3 1 5 1 5 2 2 3 1 4 2 4 1 1 5 1 2 5 3 1 4 3 3 5 3 5 2 2 4 3 4 4 5 3 5 3 4 2
1 2 2 1 5 5 3 2 5 3 2 4 1 4 5 1 1 2 2 4 3 3 4 5 2 4 1 4 4 3 5 5 1 1 3 1 3 2 5 4 3 3 1 2 2 1 2 3 2 3
1 2 1 5 5 2 1 5 2 2 3 4 5 2 1 5 3 5 1 2 1 3 3 1 5 3 1 4 1 2 1 5 1 2 1 4 1 2 5 5 3 2 3 3 4 3 1 5 2 1
2 1 4 4 3 4 5 2 2 4 5 5 3 2 3 4 2 1 5 4 3 1 5 5 2 3 2 3 2 4 1 4 2 4 4 3 5 4 4 5 1 3 1 5 1 5 2 4 4 1
1 1 2 1 5 3 4 4 5 3 2 5 1 1 4 1 1 5 2 5 2 4 1 3 2 2 3 1 3 3 4 4 5 5 1 5 3 2 3 3 4 4 3 4 4 2 4 5 1 5
5 2 2 5 2 4 5 1 4 5 4 4 3 2 1 4 4 1 4 2 5 1 2 5 1 1 4 4 5 5 1 3 3 4 5 2 5 1 2 4 5 1 1 3 4 3 3 2 4 4
4 5 5 1 3 5 4 4 2 5 2 5 4 4 2 3 4 1 5 4 4 3 2 3 2 5 5 1 5 2 5 3 2 5 1 3 5 2 3 2 5 2 4 2 5 4 1 2 3 2
3 3 5 4 5 3 3 2 3 3 1 4 4 3 1 4 1 4 1 2 1 3 1 3 4 5 3 2 2 5 5 1 3 4 4 2 2 1 3 3 1 4 2 4 1 3 3 5 1 5
1 5 2 1 2 3 1 4 2 2 1 2 5 4 5 1 3 4 1 1 5 1 1 5 1 2 5 3 1 1 3 1 4 5 5 2 4 3 5 4 4 3 3 2 1 3 5 3 2 4
1 4 1 2 5 2 3 1 1 2 4 2 1 2 3 4 3 2 4 2 1 4 2 2 4 2 5 4 5 3 5 4 2 5 4 1 5 1 2 1 2 4 2 4 3 1 5 1 3 5
3 2 2 1 5 1 3 1 3 1 2 1 2 2 1 5 2 1 4 5 2 5 4 2 3 3 2 2 4 5 5 4 2 1 5 2 5 2 4 1 2 1 1 4 4 3 2 3 1 1
4 2 1 4 3 1 4 4 2 1 5 4 4 1 3 4 1 2 5 2 4 3 2 3 3 1 2 4 3 5 1 2 3 5 5 1 3 5 2 2 4 2 4 5 3 3 2 1 2 5
2 1 4 4 1 5 3 5 3 3 4 5 4 3 4 3 1 2 2 4 4 2 5 2 5 4 4 1 5 4 2 1 2 4 1 4 1 3 2 4 1 1 5 1 5 4 1 2 4 5
4 5 2 1 3 1 1 4 2 2 4 2 2 3 3 5 4 5 3 1 3 2 5 5 2 5 3 4 2 5 5 4 5 3 2 1 2 3 5 3 3 4 2 3 5 3 2 2 1 4
2 2 5 2 1 1 2 4 1 3 1 2 3 1 3 3 2 4 5 5 4 5 4 2 5 5 1 2 5 1 1 4 2 1 1 3 4 2 2 4 1 4 4 3 1 5 1 4 4 1
1 2 1 5 3 3 1 2 3 1 4 1 2 2 1 5 1 5 2 1 4 1 2 5 1 2 1 5 3 4 3 3 1 1 4 2 1 5 3 3 1 5 3 5 5 4 1 2 2 3
2 1 3 5 5 2 5 1 2 5 1 1 3 3 4 5 3 4 3 3 2 2 3 4 4 2 5 2 3 3 2 5 5 2 1 3 3 2 2 3 2 2 1 2 1 3 2 3 5 2
3 4 3 3 4 5 3 5 1 1 5 5 2 5 4 4 2 3 5 4 4 2 2 1 1 4 1 4 5 2 1 4 5 3 4 3 2 4 1 5 4 3 5 2 5 5 3 3 4 3
4 1 5 1 2 5 2 5 4 5 4 1 1 3 5 4 4 2 3 2 2 1 3 1 2 3 3 5 5 4 1 1 3 3 5 4 2 5 5 2 1 3 3 4 5 3 5 1 3 5
1 4 2 4 4 3 1 1 2 5 4 2 5 2 5 3 5 4 3 2 3 3 1 4 3 4 3 1 2 3 5 5 1 5 1 5 1 3 2 1 5 1 5 4 2 2 1 2 1 2
3 5 1 3 5 5 1 2 4 2 5 5 3 5 2 1 2 1 4 4 5 1 3 1 2 4 1 1 2 4 5 3 3 4 3 1 4 3 4 1 2 1 1 2 4 4 5 4 4 2
1 2 3 2 3 1 5 3 5 2 3 5 5 3 2 1 3 2 4 5 4 1 5 5 3 3 4 2 4 3 2 3 2 4 5 2 1 5 3 5 3 3 1 2 5 3 5 5 4 4
3 1 2 5 2 4 2 2 3 5 3 3 1 2 4 3 3 2 2 3 5 2 4 5 3 2 4 4 2 1 5 1 4 5 5 1 5 5 1 2 4 5 3 4 1 3 3 1 5 5
2 2 3 2 5 1 1 3 4 5 4 1 1 3 5 3 2 1 3 1 3 3 5 2 4 3 3 4 5 1 4 1 5 5 4 1 1 4 1 3 4 3 4 3 1 1 5 1 3 5
0 0 0 0 0 0 0 0 0 0 0 0 0 0 0 0 0 0 0 0 0 0 0 0 0 0 0 0 0 0 0 0 0 0 0 0 0 0 0 0 0 0 0 0 0 0 0 0 0 0
0 0 0 0 0 0 0 0 0 0 0 0 0 0 0 0 0 0 0 0 0 0 0 0 0 0 0 0 0 0 0 0 0 0 0 0 0 0 0 0 0 0 0 0 0 0 0 0 0 0
0 0 0 0 0 0 0 0 0 0 4 0 0 0 0 0 0 0 0 0 0 0 0 0 0 0 0 0 0 0 0 0 0 0 0 0 0 0 0 0 0 0 0 0 0 0 0 0 0 0
0 0 0 0 0 0 0 0 0 0 0 0 0 0 0 0 0 0 0 0 0 0 0 0 0 0 0 0 0 0 0 0 0 0 0 0 0 0 0 0 0 0 0 0 0 0 0 0 0 0
0 0 0 0 0 0 0 0 0 0 0 0 0 0 0 0 0 0 0 0 0 4 0 0 0 0 0 0 0 0 0 0 0 0 0 0 0 0 0 0 0 0 0 0 0 0 0 0 0 0
0 0 0 0 0 0 0 0 0 0 0 0 0 0 0 0 0 0 0 0 0 0 0 0 0 0 0 0 0 0 0 0 0 0 0 0 0 0 0 0 0 0 0 0 0 0 0 0 0 0
0 0 0 0 0 0 0 0 0 0 0 0 0 0 0 0 0 0 0 0 0 0 0 0 0 0 0 0 0 0 0 0 0 0 0 0 0 0 0 0 0 0 0 0 0 0 0 0 0 0
0 0 0 0 0 0 0 0 0 0 0 0 0 0 0 0 0 0 0 0 0 0 0 0 0 0 0 0 0 0 0 0 0 0 0 0 0 0 0 0 0 0 0 0 0 0 0 0 0 0
0 0 0 0 0 0 0 0 0 0 0 0 0 0 0 0 4 0 0 0 0 0 0 0 0 0 0 0 0 0 0 0 0 0 0 0 0 0 0 0 0 0 0 0 0 0 0 0 0 0
0 0 0 0 0 0 0 0 0 0 0 0 0 0 0 0 0 0 0 0 0 0 0 0 0 0 0 0 0 0 0 0 0 0 0 0 0 0 0 0 0 0 0 0 0 0 0 0 0 0
0 0 0 0 0 0 0 0 0 0 0 0 0 0 0 0 0 0 0 0 0 0 0 0 0 0 0 0 0 0 0 0 0 0 0 0 0 0 0 0 0 0 0 0 0 0 0 0 0 0
0 0 0 0 0 0 0 0 0 0 0 0 0 0 0 0 0 0 0 0 0 0 0 0 0 0 0 0 0 0 0 0 0 0 0 0 0 0 0 0 0 0 0 0 0 0 0 0 0 0
0 0 0 0 0 0 0 0 0 0 0 0 0 0 0 0 0 0 0 0 0 0 0 0 0 0 0 0 0 0 0 0 0 0 0 0 0 0 0 0 0 0 0 0 0 0 0 0 0 0
0 0 0 0 0 5 0 0 0 0 0 0 0 0 0 0 0 0 0 0 0 0 0 0 0 0 0 0 0 0 0 0 0 0 0 0 0 0 0 0 0 0 0 0 0 0 0 0 0 0
0 0 0 0 0 0 0 0 0 0 0 0 0 0 0 0 0 0 0 0 0 0 0 0 0 0 0 0 0 0 0 0 0 0 1 0 0 0 0 0 0 0 0 0 0 0 0 0 0 0
0 0 0 0 0 0 0 0 0 0 0 0 0 0 0 0 0 0 0 0 0 0 0 0 0 0 0 0 0 0 3 0 0 0 0 0 0 0 0 0 0 0 0 0 0 0 0 0 0 0
0 0 0 0 0 0 0 0 0 0 0 0 0 0 0 0 0 5 0 0 0 0 0 0 0 0 0 0 0 0 0 0 0 0 0 0 0 5 0 0 0 0 0 0 0 0 0 0 0 0
0 0 0 0 0 0 0 0 0 0 0 0 0 0 0 0 0 0 0 0 0 0 0 0 0 0 0 0 0 0 0 0 0 0 0 0 0 0 0 0 0 0 0 0 0 0 0 0 0 0
0 0 0 0 0 0 0 0 0 0 0 0 0 0 0 0 0 0 0 0 0 0 0 0 0 0 0 0 0 0 0 0 0 0 0 0 0 0 0 0 0 0 0 0 0 0 0 0 0 0
0 0 0 0 0 0 0 0 0 0 0 0 0 0 0 0 0 0 0 0 0 0 0 0 0 0 0 0 0 0 0 0 0 0 0 0 0 0 0 0 0 0 0 0 0 0 0 0 0 0
0 0 0 0 0 1 0 0 0 0 0 0 0 0 0 0 0 0 0 0 0 0 0 0 0 0 0 0 0 0 0 0 0 0 0 0 0 0 0 0 0 0 0 0 0 0 0 0 3 0
0 0 0 0 0 0 0 0 0 0 0 0 0 0 0 0 0 0 0 0 0 0 0 0 0 0 0 0 0 0 0 0 0 0 0 0 0 0 0 0 0 0 0 0 0 0 0 0 0 0
0 0 0 0 0 0 0 0 0 0 0 0 0 0 0 0 0 0 0 0 0 0 0 0 0 0 0 0 0 0 0 0 0 0 0 4 0 0 0 0 0 0 0 0 0 0 0 0 0 0
0 0 0 0 0 0 0 0 0 0 0 0 0 0 0 0 0 0 0 0 0 0 0 0 0 0 0 0 0 0 0 0 0 0 0 0 0 0 0 0 0 0 0 0 0 0 0 0 0 0
0 0 0 0 0 0 0 0 0 0 0 0 0 0 0 0 0 0 0 0 0 0 0 0 0 0 0 0 0 0 0 0 0 0 0 0 0 0 0 0 0 0 0 0 0 0 0 0 0 0
0 0 0 0 0 0 0 0 0 0 0 0 0 0 0 0 0 0 0 0 0 0 0 0 0 0 0 0 0 0 0 0 0 0 0 0 0 0 0 0 0 0 0 0 0 0 0 0 0 0
0 0 0 0 0 0 0 0 0 0 0 0 0 0 0 0 0 0 0 0 0 0 0 0 0 0 0 0 0 0 0 0 0 0 0 0 0 0 0 0 0 0 0 0 0 0 0 0 0 0
0 0 0 0 0 0 0 0 0 0 0 0 0 0 0 0 0 0 0 0 0 0 0 0 0 0 0 0 0 0 0 0 0 0 0 0 0 0 0 0 0 0 0 0 0 0 0 0 0 0
0 0 0 0 0 0 0 0 0 0 0 0 0 0 0 0 0 0 0 0 0 0 0 0 0 0 0 0 0 0 0 0 0 0 0 0 0 0 0 0 0 0 0 0 0 0 0 0 0 0
0 0 0 0 0 0 0 0 0 0 0 0 0 0 0 0 0 0 0 0 0 0 0 0 0 0 0 0 0 0 0 0 0 0 0 0 0 0 0 0 0 0 0 0 0 0 0 0 0 0
0 0 0 0 0 0 0 0 0 0 0 0 0 0 0 0 0 0 0 0 0 0 0 0 0 0 0 0 0 0 0 0 0 0 0 0 0 0 0 0 0 0 0 0 0 0 0 0 0 0
0 0 0 0 0 0 0 0 0 0 0 0 0 0 0 0 0 0 0 0 0 0 0 0 0 0 0 0 0 0 0 0 0 0 0 0 0 0 0 0 0 0 0 0 0 0 0 0 0 0
0 0 0 0 0 0 0 0 0 0 0 0 0 0 0 0 0 0 0 0 0 0 0 0 0 0 0 0 0 0 0 0 0 0 0 0 0 0 0 0 0 0 0 0 0 0 0 0 0 0
0 0 0 0 0 0 0 0 0 0 0 0 0 0 0 0 0 0 0 0 0 0 0 0 0 0 0 0 0 0 0 0 0 0 0 0 0 0 0 0 0 0 0 0 0 0 0 0 0 0
0 0 0 0 0 0 0 0 0 0 0 0 1 0 0 0 0 0 0 0 0 0 0 0 0 0 0 0 0 0 0 0 0 0 0 0 0 0 0 0 0 0 0 0 0 0 0 0 0 0
0 0 0 0 0 0 0 0 0 0 0 0 0 0 0 0 0 0 0 0 0 0 0 0 0 0 0 0 0 0 0 0 0 0 0 0 0 0 0 0 0 0 0 0 0 0 0 0 0 0
0 0 0 0 0 0 0 0 0 0 0 0 0 0 0 0 0 0 0 0 0 0 0 0 0 0 0 0 0 0 0 0 0 0 0 0 0 0 0 0 0 0 0 0 0 0 0 0 0 0
0 0 0 0 0 0 0 0 0 0 0 0 0 0 0 0 0 0 0 0 3 0 0 0 0 0 0 0 0 0 0 0 0 0 0 0 0 0 0 0 0 0 0 0 0 0 0 0 0 0
0 0 0 0 0 0 0 0 0 0 0 0 0 0 0 0 0 0 0 0 0 0 0 0 0 0 0 0 0 0 0 0 0 0 0 1 0 0 0 0 0 0 0 0 0 0 0 0 0 0
0 0 0 0 0 0 0 0 0 0 0 0 0 0 0 0 0 0 0 0 0 0 0 0 0 0 0 0 0 0 0 0 0 0 0 0 0 0 0 0 0 0 0 0 0 0 0 0 0 0
0 0 0 0 0 0 0 0 0 0 0 0 0 0 0 0 0 0 0 0 0 0 0 0 0 0 0 0 0 0 0 0 0 0 0 0 0 0 0 0 0 0 0 0 0 0 0 0 0 0
0 0 0 0 0 0 0 0 0 0 0 0 0 0 0 0 0 0 0 0 0 0 0 0 0 0 0 5 0 0 0 0 0 0 0 0 0 0 0 0 0 0 0 0 0 0 0 0 0 0
0 0 0 0 0 0 0 0 0 0 0 0 0 0 0 0 0 0 0 0 0 0 0 0 0 0 0 0 0 0 0 0 0 0 0 0 0 0 0 0 0 0 0 0 0 0 0 0 0 0
0 0 0 0 0 0 0 0 0 0 0 0 0 0 0 0 2 0 0 0 0 0 0 0 0 0 0 0 0 0 0 0 0 0 0 0 0 0 0 0 0 0 0 0 0 0 0 0 0 0
0 0 0 6 0 0 0 0 0 0 0 0 0 0 0 0 0 0 0 0 2 0 0 0 0 0 0 0 0 0 0 0 0 0 0 0 0 0 0 0 0 0 0 0 0 0 0 0 0 0
0 0 0 0 0 0 2 0 0 0 0 0 0 0 0 0 0 0 0 0 0 4 0 0 0 0 0 0 0 0 0 0 0 0 0 2 0 0 0 0 0 0 0 0 0 0 0 0 0 0
0 0 0 0 0 0 0 0 0 0 0 0 0 0 0 0 0 0 0 0 0 0 0 0 0 0 0 0 0 0 0 0 0 0 0 0 0 0 0 0 0 0 0 0 0 0 0 0 0 0
0 0 4 0 0 0 0 0 0 0 0 0 0 0 0 0 0 0 0 0 0 0 0 0 0 0 0 0 0 0 0 0 0 0 0 0 0 0 0 0 0 0 0 0 0 0 0 0 0 0
0 0 0 0 0 0 0 0 0 0 0 0 0 0 0 0 0 0 0 0 0 0 0 0 0 0 0 0 1 0 0 0 0 0 0 0 0 0 0 0 0 0 0 0 0 0 0 0 0 0
0 0 0 0 0 0 0 0 0 0 0 0 0 0 0 0 0 0 0 0 0 0 0 0 0 0 2 0 0 0 0 0 0 0 0 0 0 0 0 0 0 0 0 0 0 0 0 0 0 0
34 27 33 27
46 23 45 23
37 23 37 22
9 40 9 39
6 29 6 28
6 37 6 36
44 9 43 9
6 27 6 26
49 2 50 2
31 39 31 38
47 33 47 32
12 22 12 21
8 32 7 32
18 27 17 27
41 42 40 42
46 32 46 31
33 25 32 25
4 17 4 16
8 23 8 22
50 27 49 27
38 4 38 3
47 12 47 11
30 47 29 47
23 14 23 13
43 45 42 45
43 40 42 40
12 21 12 20
50 12 49 12
23 4 22 4
4 15 4 14
48 30 48 29
16 8 15 8
21 6 20 6
9 18 8 18
14 43 13 43
43 22 42 22
45 1 44 1
15 29 14 29
14 15 13 15
14 18 13 18
38 24 38 23
44 25 43 25
21 23 20 23
13 48 13 47
49 4 50 4
31 43 31 42
43 30 43 29
16 38 15 38
19 46 18 46
14 10 14 9
18 25 18 24
46 20 45 20
2 12 1 12
34 45 34 44
49 5 49 4
7 19 6 19
37 24 37 23
13 27 12 27
24 39 24 38
35 26 35 25
24 4 23 4
47 24 47 23
19 14 19 13
44 37 43 37
18 1 17 1
21 18 20 18
24 39 23 39
32 50 32 49
30 9 30 8
31 15 31 14
41 37 41 36
31 19 31 18
34 24 33 24
41 22 40 22
14 18 14 17
41 47 40 47
6 23 6 22
5 18 4 18
42 27 41 27
6 33 6 32
27 39 26 39
49 31 48 31
14 2 13 2
30 7 30 6
48 46 48 45
23 17 23 16
20 50 19 50
36 23 35 23
24 19 23 19
47 21 46 21
10 45 9 45
7 22 6 22
13 27 12 27
9 31 8 31
17 2 17 1
16 32 16 31
33 36 33 35
7 8 6 8
13 34 13 33
19 35 18 35
3 46 3 45
50 14 50 13
13 39 12 39
46 3 46 2
6 7 6 6
3 2 3 1
49 42 48 42
49 35 49 34
37 23 37 22
46 33 45 33
15 47 15 46
31 15 30 15
18 43 18 42
33 21 33 20
50 35 49 35
4 33 3 33
43 28 42 28
47 48 47 47
45 20 45 19
7 14 7 13
46 21 45 21
33 49 32 49
7 47 6 47
22 43 22 42
23 23 23 22
29 49 29 50
18 37 18 36
24 24 24 23
29 23 29 22
36 21 35 21
18 36 18 35
10 15 10 14
33 12 33 11
27 36 26 36
26 34 26 33
26 18 26 17
21 11 21 10
17 45 16 45
43 44 42 44
20 36 20 35
12 42 11 42
15 37 15 36
43 34 42 34
49 36 50 36
25 12 24 12
43 6 42 6
37 21 36 21
13 38 13 37
4 5 4 4
46 23 46 22
23 32 23 31
32 7 32 6
4 50 3 50
43 23 43 22
4 11 3 11
15 43 15 42
7 31 6 31
43 2 43 1
12 30 11 30
42 7 41 7
13 20 13 19
49 15 48 15
7 29 7 28
38 21 38 20
11 33 10 33
10 7 9 7
11 25 11 24
41 34 40 34
27 30 27 29
23 12 23 11
34 5 33 5
47 21 47 20
50 17 49 17
8 42 8 41
2 46 2 45
40 41 39 41
12 18 12 17
47 17 46 17
14 16 14 15
36 33 36 32
2 34 2 33
4 19 3 19
20 16 20 15
35 20 35 19
25 11 25 10
9 11 8 11
34 9 34 8
38 34 38 33
38 36 37 36
3 2 2 2
2 40 2 39
39 5 39 4
37 24 37 23
45 43 44 43
17 29 17 28
2 23 1 23
30 33 30 32
50 3 49 3
49 19 48 19
2 26 2 25
40 26 39 26
47 47 46 47
40 21 40 20
11 28 11 27
49 38 49 37
17 23 17 22
23 5 22 5
39 9 39 8
10 15 9 15
48 11 47 11
21 39 20 39
11 30 11 29
48 18 48 17
35 42 34 42
41 27 40 27
1 36 1 35
50 7 49 7
19 17 18 17
37 3 37 2
11 41 10 41
38 11 38 10
35 33 35 32
11 45 11 44
16 3 15 3
37 15 36 15
6 8 6 7
28 11 28 10
34 12 34 11
9 8 9 7
9 46 9 45
15 36 14 36
20 42 19 42
36 48 35 48
49 43 48 43
32 25 31 25
46 35 45 35
47 22 46 22
3 5 2 5
27 41 27 40
14 10 14 9
30 28 30 27
17 25 17 24
49 32 49 31
25 19 24 19
3 45 2 45
41 22 40 22
44 50 43 50
38 44 38 43
13 3 13 2
25 18 24 18
15 31 15 30
18 41 18 40
7 21 6 21
19 25 18 25
33 2 33 1
41 19 41 18
49 27 50 27
30 3 30 2
33 1 32 1
13 4 12 4
3 5 2 5
33 45 32 45
26 29 26 28
48 37 47 37
40 13 39 13
45 36 45 35
45 27 44 27
42 47 42 46
45 41 44 41
2 40 2 39
45 49 45 48
7 15 7 14
13 33 12 33
18 32 18 31
20 26 19 26
43 32 42 32
25 45 24 45
17 32 16 32
34 16 34 15
5 7 5 6
24 47 23 47
18 36 18 35
46 17 46 16
29 42 29 41
31 29 30 29
48 19 47 19
35 40 35 39
22 10 22 9
44 42 44 41
33 3 33 2
39 45 39 44
29 15 29 14
4 12 3 12
49 17 50 17
39 2 39 1
28 38 28 37
15 28 15 27
15 11 15 10
45 26 45 25
28 12 28 11
44 43 43 43
27 19 26 19
49 16 50 16
27 8 27 7
36 43 36 42
34 36 33 36
47 48 47 47
35 37 35 36
45 15 45 14
16 29 16 28
2 21 2 20
21 32 20 32
36 17 36 16
20 36 20 35
4 6 3 6
47 42 46 42
37 26 37 25
50 32 49 32
2 36 1 36
42 18 42 17
41 36 40 36
30 25 29 25
45 39 44 39
26 10 25 10
34 34 34 33
27 7 27 6
13 18 13 17
18 45 17 45
9 12 8 12
50 11 49 11
27 29 26 29
32 40 31 40
27 37 26 37
3 11 3 10
26 49 26 50
47 38 46 38
24 18 23 18
46 21 46 20
43 5 42 5
31 21 30 21
26 17 25 17
33 43 32 43
11 27 10 27
9 14 9 13
6 50 6 49
2 40 1 40
42 39 41 39
3 25 2 25
36 32 36 31
2 9 1 9
41 4 41 3
8 12 7 12
8 35 8 34
7 40 7 39
30 39 29 39
40 34 39 34
26 30 25 30
18 40 17 40
18 41 17 41
36 48 36 47
30 15 30 14
23 39 22 39
9 24 8 24
32 24 32 23
29 48 29 47
27 16 27 15
31 4 31 3
9 3 9 2
2 48 2 47
14 4 13 4
3 21 3 20
21 4 21 3
39 31 39 30
31 18 31 17
12 26 12 25
20 38 19 38
49 6 49 5
36 18 35 18
11 17 10 17
5 7 4 7
50 49 50 50
28 31 28 30
11 5 11 4
42 42 42 41
1 31 1 30
47 16 46 16
27 3 27 2
2 50 1 50
3 28 3 27
7 8 7 7
5 40 5 39
49 49 49 50
19 13 18 13
19 6 18 6
50 18 49 18
14 36 13 36
25 40 25 39
17 24 16 24
38 27 38 26
26 27 26 26
35 40 34 40
27 2 27 1
34 35 34 34
7 28 6 28
2 34 2 33
2 41 2 40
48 36 48 35
42 32 42 31
29 47 28 47
46 31 46 30
34 49 34 50
5 48 4 48
6 6 5 6
49 36 48 36
27 32 26 32
1 31 1 30
29 3 29 2
32 32 32 31
36 24 35 24
19 43 18 43
33 23 33 22
24 13 24 12
23 26 23 25
28 20 27 20
48 19 48 18
20 6 19 6
9 3 9 2
22 29 21 29
14 15 13 15
21 39 20 39
26 12 26 11
10 26 9 26
45 17 44 17
14 45 13 45
24 49 24 50
2 20 2 19
27 22 26 22
31 42 30 42
49 23 48 23
37 25 36 25
25 16 24 16
8 38 8 37
38 23 37 23
1 20 1 19
41 27 40 27
33 44 33 43
9 26 8 26
47 11 46 11
37 25 37 24
20 33 19 33
8 24 7 24
36 20 35 20
29 5 29 4
30 23 30 22
18 44 18 43
32 9 31 9
16 26 15 26
3 18 3 17
48 8 48 7
34 21 33 21
25 31 24 31
28 27 28 26
39 38 38 38
49 9 50 9
21 7 20 7
43 36 43 35
50 3 49 3
32 44 32 43
15 43 14 43
7 28 7 27
41 20 41 19
11 24 10 24
2 22 1 22
23 37 23 36
48 6 48 5
32 24 31 24
13 10 13 9
50 24 49 24
23 34 23 33
13 2 12 2
15 6 14 6
31 15 31 14
22 49 21 49
22 36 21 36
45 31 44 31
36 26 35 26
4 48 4 47
25 35 24 35
19 40 18 40
36 49 36 48
45 2 44 2
26 34 25 34
5 33 5 32
31 1 30 1
6 26 5 26
4 4 4 3
15 32 15 31
16 5 15 5
7 8 7 7
17 37 16 37
11 30 10 30
40 40 40 39
31 37 30 37
5 7 5 6
36 23 35 23
27 45 27 44
23 12 22 12
38 33 37 33
2 24 1 24
14 11 13 11
32 24 31 24
31 12 31 11
41 38 41 37
10 20 10 19
1 6 1 5
18 19 17 19
31 15 31 14
28 27 27 27
14 46 13 46
20 38 19 38
20 27 20 26
6 11 6 10
38 42 38 41
12 2 12 1
29 44 28 44
39 12 39 11
44 41 44 40
47 39 47 38
31 7 31 6
2 24 2 23
9 2 8 2
18 5 18 4
45 4 44 4
35 30 35 29
23 25 23 24
33 2 32 2
49 34 49 33
34 30 34 29
46 38 46 37
30 12 29 12
12 17 11 17
32 24 31 24
39 11 39 10
15 32 14 32
28 15 27 15
30 41 29 41
12 7 11 7
30 11 29 11
12 49 11 49
25 18 24 18
24 26 23 26
37 32 37 31
16 43 15 43
8 21 8 20
30 47 29 47
28 33 27 33
17 29 17 28
27 36 26 36
9 11 8 11
9 47 9 46
15 49 15 50
36 42 36 41
49 37 48 37
43 47 42 47
27 3 27 2
17 9 17 8
18 30 17 30
22 8 21 8
16 4 15 4
11 11 11 10
24 10 23 10
14 16 13 16
47 42 46 42
50 7 49 7
4 19 4 18
49 23 48 23
27 9 26 9
42 11 41 11
32 26 32 25
41 18 40 18
24 24 23 24
44 22 43 22
27 30 26 30
36 25 35 25
41 36 40 36
3 26 3 25
30 43 30 42
46 24 45 24
10 34 9 34
16 28 15 28
3 45 3 44
32 32 32 31
40 42 40 41
2 17 2 16
31 38 30 38
43 26 43 25
26 29 26 28
34 4 33 4
34 27 34 26
13 6 12 6
23 35 23 34
42 34 41 34
22 21 21 21
43 36 42 36
49 34 50 34
2 50 1 50
11 4 10 4
17 21 17 20
11 3 11 2
1 40 1 39
11 12 11 11
32 42 31 42
4 5 4 4
3 15 2 15
31 7 30 7
8 35 7 35
24 48 23 48
26 43 26 42
3 27 2 27
20 20 20 19
29 9 29 8
28 18 28 17
14 47 14 46
9 2 9 1
11 3 11 2
49 41 49 40
48 6 47 6
34 49 34 50
10 49 10 50
49 36 50 36
20 40 20 39
3 18 3 17
29 32 28 32
9 15 9 14
36 15 35 15
44 41 43 41
24 46 24 45
15 11 15 10
10 49 9 49
21 23 21 22
12 26 12 25
17 48 17 47
49 1 50 1
18 8 18 7
25 24 25 23
12 20 11 20
9 28 8 28
3 26 3 25
20 43 20 42
11 39 11 38
2 16 2 15
12 30 11 30
32 50 32 49
30 37 29 37
30 5 29 5
23 25 22 25
32 5 32 4
47 34 46 34
37 9 37 8
38 32 37 32
44 15 44 14
39 49 39 50
7 19 7 18
12 39 12 38
44 42 44 41
20 4 19 4
4 49 4 50
21 2 21 1
6 45 6 44
4 46 3 46
16 27 15 27
43 50 42 50
18 31 18 30
14 27 13 27
50 7 50 6
49 11 48 11
27 33 27 32
17 35 17 34
47 24 47 23
20 16 19 16
45 28 45 27
6 12 6 11
9 20 8 20
49 20 48 20
49 15 50 15
21 31 20 31
37 33 37 32
7 6 6 6
20 4 19 4
44 16 44 15
25 30 24 30
27 4 27 3
31 14 31 13
4 33 3 33
29 43 29 42
43 32 43 31
36 19 35 19
6 25 5 25
35 35 34 35
4 24 3 24
1 49 1 50
34 23 34 22
49 23 49 22
32 19 32 18
48 45 48 44
4 4 4 3
37 44 37 43
32 26 31 26
44 30 43 30
29 12 29 11
31 1 30 1
12 32 11 32
14 47 13 47
24 3 23 3
22 42 21 42
42 39 41 39
23 41 23 40
25 48 25 47
37 46 36 46
12 31 11 31
11 45 11 44
46 39 46 38
45 36 45 35
8 24 8 23
11 18 10 18
13 14 13 13
27 36 27 35
13 3 12 3
48 20 47 20
49 37 49 36
14 49 14 50
14 20 13 20
29 49 28 49
29 49 28 49
6 23 5 23
42 11 41 11
40 20 39 20
39 3 39 2
16 48 16 47
40 27 40 26
8 40 7 40
20 31 19 31
45 44 44 44
33 18 32 18
44 8 44 7
14 1 13 1
29 14 29 13
47 44 47 43
25 46 24 46
24 8 24 7
22 45 22 44
3 16 2 16
22 27 21 27
12 21 11 21
2 29 1 29
10 4 10 3
1 7 1 6
6 39 6 38
43 22 42 22
1 48 1 47
10 16 10 15
14 11 14 10
45 8 44 8
23 34 23 33
35 35 34 35
12 29 12 28
13 18 13 17
40 38 39 38
8 50 7 50
10 13 9 13
23 17 22 17
27 49 27 48
40 33 39 33
27 41 26 41
44 11 43 11
37 12 37 11
2 32 1 32
5 36 4 36
7 44 7 43
31 7 30 7
26 45 26 44
10 35 10 34
3 18 3 17
2 26 1 26
7 3 6 3
31 15 31 14
6 3 6 2
37 4 37 3
9 4 9 3
36 10 36 9
4 49 3 49
40 39 40 38
21 13 21 12
17 30 16 30
29 38 29 37
33 28 32 28
47 7 47 6
39 37 39 36
16 46 16 45
46 2 45 2
25 21 25 20
26 29 25 29
28 6 27 6
39 32 39 31
13 11 13 10
25 42 24 42
50 34 49 34
36 14 36 13
5 24 4 24
16 2 16 1
10 3 9 3
3 8 2 8
43 34 43 33
23 8 23 7
49 29 50 29
46 15 45 15
20 50 20 49
27 44 26 44
6 18 5 18
22 50 22 49
30 5 29 5
23 49 22 49
10 5 10 4
49 39 50 39
40 18 39 18
29 17 29 16
18 49 18 50
46 12 46 11
31 25 31 24
15 11 15 10
24 49 23 49
31 6 30 6
38 34 37 34
41 7 40 7
38 22 37 22
6 23 6 22
38 1 37 1
44 16 43 16
21 44 21 43
12 41 12 40
40 8 39 8
29 27 29 26
14 38 14 37
2 48 1 48
15 42 15 41
7 27 7 26
13 43 13 42
26 13 26 12
12 19 11 19
47 25 47 24
49 18 49 17
49 7 48 7
19 8 18 8
25 45 24 45
25 25 24 25
18 39 17 39
13 37 13 36
29 26 28 26
5 3 4 3
31 21 31 20
9 30 9 29
11 11 10 11
21 48 21 47
45 11 44 11
27 23 27 22
35 7 35 6
41 30 40 30
31 16 31 15
17 29 17 28
34 23 33 23
16 2 16 1
36 14 36 13
27 35 26 35
9 40 9 39
22 33 21 33
18 14 18 13
3 50 3 49
30 17 30 16
9 34 9 33
33 43 32 43
46 12 46 11
32 14 32 13
16 30 15 30
18 12 17 12
25 23 25 22
37 8 36 8
42 44 42 43
11 5 10 5
1 38 1 37
44 47 44 46
15 1 14 1
6 16 5 16
8 13 8 12
48 40 48 39
45 19 44 19
48 39 47 39
25 5 25 4
33 12 32 12
42 49 42 50
11 19 10 19
32 36 32 35
45 45 44 45
26 3 25 3
9 20 8 20
31 14 31 13
21 13 21 12
14 27 14 26
6 47 5 47
16 13 15 13
40 13 40 12
34 27 34 26
28 14 28 13
11 11 11 10
33 45 32 45
32 4 31 4
15 40 15 39
18 29 17 29
9 38 9 37
49 12 50 12
49 7 50 7
43 19 42 19
37 49 36 49
5 9 5 8
20 43 19 43
30 20 29 20
28 49 28 48
10 30 9 30
33 48 33 47
8 50 8 49
25 46 24 46
46 9 46 8
8 44 8 43
26 8 26 7
24 26 23 26
37 39 36 39
34 19 33 19
31 32 31 31
17 38 16 38
19 7 18 7
19 33 18 33
29 6 29 5
39 33 39 32
35 9 34 9
4 19 4 18
5 41 5 40
49 21 48 21
27 49 27 50
2 38 2 37
24 28 23 28
42 37 41 37
42 19 42 18
45 22 44 22
25 17 24 17
11 16 10 16
48 34 48 33
43 15 42 15
16 29 16 28
23 26 22 26
3 15 3 14
4 23 4 22
20 23 20 22
12 48 11 48
23 42 22 42
33 1 32 1
22 16 21 16
2 3 1 3
17 20 17 19
13 26 12 26
5 3 4 3
28 20 27 20
15 5 15 4
17 2 16 2
29 13 29 12
31 8 30 8
30 14 29 14
48 43 47 43
34 29 34 28
18 19 18 18
39 13 39 12
2 33 1 33
39 50 38 50
18 8 18 7
10 18 10 17
40 39 40 38
9 46 8 46
31 41 30 41
45 47 45 46
20 41 20 40
13 20 13 19
38 49 38 50
34 19 33 19
36 37 35 37
30 48 30 47
9 25 9 24
29 5 29 4
50 40 50 39
27 45 26 45
42 20 42 19
49 17 48 17
18 40 18 39
