50 50 5 1000
5 4 1 1 4 2 1 3 2 3 4 2 4 3 1 5 4 5 1 5 5 2 5 1 3 4 2 2 1 2 4 5 5 2 5 2 5 1 2 3 5 4 2 3 2 4 2 5 3 3
5 4 5 1 1 2 4 1 4 2 4 2 1 3 3 4 4 3 3 5 3 2 5 4 1 5 4 1 4 1 2 3 1 2 5 1 1 3 2 2 5 3 4 1 5 1 5 1 5 1
4 1 5 5 2 5 3 2 4 3 1 3 5 1 2 1 1 2 4 2 4 3 1 1 5 4 4 2 1 4 4 2 1 4 1 4 1 5 5 3 1 3 3 5 2 4 3 1 2 5
2 3 3 2 2 4 3 5 1 2 2 3 4 3 4 2 5 1 2 3 3 1 2 1 5 5 3 3 1 2 5 3 4 1 2 3 5 3 1 2 4 4 2 1 5 1 1 4 3 5
4 4 3 4 5 2 5 5 3 4 1 4 1 5 3 5 3 5 1 5 2 1 1 5 4 1 1 2 3 5 1 1 5 5 2 3 3 5 1 3 5 5 1 3 2 5 2 1 1 2
3 4 1 1 4 3 4 2 4 5 3 5 1 1 4 1 4 3 2 4 1 4 3 3 1 4 1 2 5 4 1 3 4 4 1 5 1 2 3 1 3 1 4 4 3 1 3 4 5 3
5 5 1 1 2 3 4 5 1 2 1 1 3 5 4 2 2 4 4 2 1 1 3 2 5 3 5 4 4 3 3 1 3 5 1 5 1 1 3 1 4 3 3 4 3 4 1 5 2 1
4 2 3 3 4 4 1 3 4 2 4 5 5 2 3 2 3 4 3 3 5 1 4 5 3 5 3 3 1 5 2 1 3 5 3 3 2 1 1 3 3 5 5 3 4 1 4 3 5 2
5 5 3 4 5 3 5 2 5 3 5 4 1 2 3 5 2 2 5 5 3 4 4 1 2 2 1 5 5 4 3 4 2 4 5 4 5 2 1 1 3 2 1 4 3 1 1 3 5 1
1 1 5 3 1 5 2 2 5 3 1 2 2 4 1 2 4 4 5 5 1 5 2 1 4 1 2 2 1 1 3 5 5 3 5 4 5 5 4 2 4 2 4 1 5 2 5 4 4 3
5 2 5 3 5 3 5 1 2 2 3 2 2 1 2 2 5 4 4 1 1 4 2 5 4 5 5 2 5 2 5 3 3 5 2 3 1 1 4 5 5 1 5 3 5 5 1 1 3 2
3 2 1 4 4 3 4 4 1 2 1 5 4 3 5 1 5 5 2 5 2 4 4 3 3 2 1 4 4 5 2 2 4 1 3 5 2 1 1 3 4 3 2 3 1 3 5 2 4 4
2 1 1 5 3 5 3 2 4 5 4 5 2 2 1 4 2 1 5 4 4 3 1 5 5 4 5 3 2 3 2 5 2 5 4 4 2 4 3 3 5 1 4 4 5 1 4 2 2 5
4 4 3 3 1 1 4 3 4 4 3 3 5 5 3 3 1 3 4 5 5 3 4 4 2 2 1 5 1 4 5 3 5 3 4 3 4 3 1 2 2 5 4 1 4 5 3 3 4 1
5 3 4 5 1 2 2 4 2 3 4 1 5 1 4 5 1 3 4 1 5 4 4 2 4 3 5 1 3 1 5 5 4 2 1 1 4 1 1 4 3 1 5 5 4 1 1 4 1 2
1 4 1 5 5 2 2 5 5 2 5 2 3 5 2 1 5 1 3 5 4 2 2 1 4 3 3 1 4 1 4 5 5 3 4 4 1 1 3 5 1 5 2 2 1 5 1 5 4 2
3 1 5 3 5 1 4 1 4 3 3 4 2 1 1 2 5 2 3 5 4 3 4 4 5 1 1 2 4 4 2 4 1 3 2 4 1 2 1 3 1 4 4 3 3 4 4 2 5 4
3 3 2 3 3 5 3 4 3 2 3 2 3 3 5 4 1 2 1 4 5 1 3 5 5 4 1 3 3 5 4 5 1 2 2 3 4 1 4 3 5 1 5 3 5 1 5 5 3 4
4 3 3 1 5 5 1 5 1 3 1 1 4 5 3 4 5 3 5 5 4 1 5 4 2 4 5 4 4 3 3 1 4 4 5 1 3 4 1 1 2 3 4 1 2 5 3 5 2 1
2 1 2 4 5 4 5 3 4 2 1 5 2 5 3 3 5 2 2 4 3 2 4 3 5 3 5 5 3 3 1 3 4 5 2 4 5 1 5 1 3 2 2 1 2 5 5 3 1 4
2 2 3 2 2 4 5 2 4 5 3 3 2 4 4 1 4 2 1 5 3 1 1 2 3 4 1 4 1 5 1 5 1 2 2 1 5 4 3 2 5 4 2 4 4 3 4 4 5 5
1 1 3 4 2 3 1 1 3 2 5 4 3 4 2 4 5 5 3 5 1 1 4 1 4 5 5 1 3 4 5 5 3 5 3 4 2 1 5 3 4 1 1 5 5 1 3 5 4 2
3 5 2 3 1 1 3 2 2 3 2 5 2 5 2 5 5 3 1 2 2 3 3 5 1 2 2 5 1 5 5 2 1 5 1 3 4 1 3 1 3 4 4 3 1 2 1 2 4 4
1 5 5 1 2 1 1 3 2 4 5 3 2 2 3 3 1 5 3 4 2 1 5 1 4 1 2 4 1 5 2 2 3 4 3 4 5 3 3 1 3 3 2 2 4 3 1 2 2 1
5 3 1 4 5 2 1 5 1 5 5 1 4 2 3 4 1 4 3 5 5 2 2 5 2 2 3 1 2 4 5 4 2 1 2 1 2 4 5 2 5 2 5 4 5 4 5 4 4 5
1 5 5 2 1 1 4 5 3 3 4 3 3 5 2 2 5 2 5 2 5 5 2 1 5 3 1 3 2 4 3 3 1 5 1 5 2 5 4 4 1 2 4 5 5 1 4 3 5 5
3 4 3 4 2 1 3 3 1 4 5 5 1 4 5 3 3 5 1 3 3 5 5 1 5 3 3 4 1 2 4 5 4 1 5 1 3 2 4 5 5 3 4 2 1 4 1 3 4 2
4 2 2 3 1 3 5 3 4 2 4 1 1 5 4 5 3 2 1 5 1 2 5 5 2 5 1 3 4 5 5 1 3 2 2 4 2 5 3 4 2 5 1 1 4 5 5 2 3 1
2 5 2 4 3 5 2 4 1 2 4 3 3 2 5 3 1 1 5 4 1 2 2 3 1 1 4 3 3 2 2 3 1 3 2 2 5 2 3 4 1 4 2 2 3 5 4 5 5 2
1 4 1 2 5 3 4 2 2 5 1 3 1 1 4 2 3 1 4 2 5 4 3 4 1 5 4 4 2 1 4 5 2 5 3 2 3 5 4 1 5 2 3 3 4 2 5 3 4 5
5 4 1 3 3 4 4 3 1 2 4 5 4 3 4 5 5 2 2 4 4 5 3 5 4 5 2 1 4 1 5 2 5 2 3 1 1 2 2 1 2 1 2 5 4 1 5 3 2 5
3 5 4 3 4 4 3 4 4 1 4 2 2 3 1 3 1 3 3 2 3 4 4 1 1 3 5 1 3 3 5 5 3 1 5 3 1 2 3 3 5 4 4 1 3 1 2 1 3 4
4 5 4 2 4 5 4 2 5 4 1 5 3 4 2 5 2 1 1 2 3 1 4 3 1 5 4 3 3 4 2 5 3 4 3 2 2 1 5 3 4 2 1 1 3 3 1 5 2 3
4 2 3 2 3 5 3 1 3 2 4 2 1 2 2 1 4 2 3 1 4 3 3 2 5 3 5 3 1 2 2 4 2 4 5 1 3 1 1 4 4 5 3 3 1 4 2 1 5 5
2 2 4 4 2 1 5 5 4 2 1 5 3 3 5 1 1 2 5 5 4 3 1 2 2 5 3 2 3 5 5 4 1 2 5 5 4 5 2 3 1 5 1 4 5 2 1 4 3 3
4 3 1 1 2 2 4 2 5 3 3 1 2 4 3 2 4 4 5 3 2 1 4 1 2 4 1 4 4 3 4 5 3 1 3 2 1 2 5 3 5 1 1 2 3 3 1 2 2 4
5 2 1 3 5 4 2 1 3 5 4 1 5 2 4 3 2 2 3 3 4 2 1 5 1 5 5 2 4 4 1 3 4 5 2 5 4 2 3 2 3 2 2 1 3 4 2 4 4 2
5 5 3 1 4 5 5 4 4 3 3 4 2 4 4 3 3 4 3 4 5 3 1 5 2 3 5 5 2 3 4 2 5 5 2 3 1 3 3 5 4 2 5 2 5 1 5 4 1 2
3 5 2 4 4 2 5 2 5 5 3 2 4 2 2 4 3 2 2 1 1 3 4 2 3 3 1 5 1 3 4 1 2 1 4 4 2 1 2 5 3 3 1 1 2 4 3 1 3 1
4 2 3 5 2 4 4 1 2 5 2 5 5 4 1 5 4 4 3 2 5 1 1 5 4 5 1 4 3 2 5 5 3 3 1 4 5 1 5 3 2 3 1 1 5 3 3 4 2 2
4 2 2 5 2 5 1 3 3 4 2 3 3 2 4 4 1 5 3 5 4 3 1 3 1 5 4 1 1 2 2 5 5 3 2 3 3 2 1 3 3 5 4 4 2 2 1 1 3 5
1 5 4 1 3 2 1 4 2 1 3 5 3 4 2 3 1 3 4 1 3 1 5 4 2 3 2 2 3 5 1 3 2 5 1 2 5 3 2 4 4 1 5 2 3 3 5 5 2 2
3 1 5 3 2 3 5 5 2 5 5 4 1 3 2 2 4 5 5 4 3 3 2 4 3 4 2 4 4 3 3 4 1 5 1 5 2 4 2 2 4 2 4 5 2 3 3 2 1 2
4 4 2 3 3 2 5 5 3 1 1 3 5 5 3 4 1 2 2 5 2 2 4 2 3 4 3 4 2 4 2 4 3 2 5 4 3 2 1 2 1 5 1 3 5 5 2 5 5 4
2 4 5 5 2 2 1 4 2 5 1 5 4 2 3 2 5 1 3 1 2 5 4 4 2 3 4 5 5 1 3 3 1 3 3 1 1 4 4 1 1 3 4 2 1 4 2 3 4 3
4 3 2 4 3 5 3 3 4 2 4 1 3 5 5 2 5 5 3 3 4 5 3 2 4 2 4 2 3 3 4 3 5 2 2 4 4 5 2 1 4 2 5 2 4 1 4 2 4 2
3 3 2 2 5 2 3 2 2 5 1 3 1 4 4 1 4 3 1 3 2 1 2 4 1 4 5 2 1 5 4 5 4 1 2 5 3 4 3 3 4 4 3 5 4 5 1 1 3 3
5 2 4 1 2 4 5 2 5 2 3 1 1 4 2 4 4 1 2 2 1 2 3 2 4 1 2 4 2 1 2 2 5 4 5 5 1 3 4 4 5 5 4 1 2 3 1 4 2 5
3 3 4 4 2 5 2 4 5 2 4 4 2 2 5 4 1 3 1 1 3 2 4 5 5 1 4 3 2 3 5 1 3 3 4 2 2 4 2 3 3 4 1 5 3 1 4 4 2 3
4 5 1 2 4 3 3 4 3 5 1 5 4 2 2 3 1 2 3 3 2 3 5 4 1 3 3 4 3 2 4 1 1 2 3 1 2 4 2 5 5 1 1 2 1 3 5 1 3 3
0 0 0 0 0 0 0 0 0 0 0 0 0 0 0 0 0 0 0 0 0 0 0 0 0 0 0 0 0 0 0 0 0 0 0 0 0 0 0 0 0 0 0 0 0 0 0 0 0 0
0 0 0 0 0 0 0 0 0 0 0 0 0 0 0 0 0 0 0 0 0 0 0 0 0 0 0 0 0 0 0 0 0 0 0 0 0 0 0 0 0 0 0 0 0 0 0 0 0 0
0 0 0 0 0 0 0 0 0 0 0 0 0 0 0 0 0 0 0 0 0 0 0 0 0 0 0 0 0 0 0 0 0 0 0 0 0 0 0 0 0 0 0 0 0 0 0 0 0 0
0 0 0 0 0 0 0 0 0 0 0 0 0 0 0 0 0 0 0 0 0 0 0 0 0 0 0 0 0 0 0 0 0 0 0 0 0 0 0 0 0 0 0 0 0 0 0 0 0 0
0 0 0 0 0 0 0 0 0 0 0 0 0 0 0 0 0 0 0 0 0 0 0 0 0 0 0 0 0 0 0 0 0 0 0 0 0 0 0 0 0 0 0 0 0 0 0 0 0 0
0 0 0 0 0 0 0 0 0 0 0 0 0 0 0 0 0 0 0 0 0 0 0 0 0 0 0 0 0 0 0 0 0 0 0 0 0 0 0 0 0 0 0 0 0 0 0 0 0 0
0 0 0 0 0 0 0 0 0 0 0 0 0 0 0 0 0 0 0 0 0 0 0 0 0 0 0 0 0 0 0 0 0 0 0 0 0 0 0 0 0 0 0 0 0 0 0 0 0 0
0 0 0 0 0 0 0 0 0 0 0 0 0 0 0 0 0 0 0 0 0 0 0 0 0 0 0 0 0 0 0 0 0 0 0 0 0 0 0 0 0 0 0 0 0 0 0 0 0 0
0 0 0 0 0 0 0 0 0 0 0 0 0 0 0 0 0 0 0 0 0 0 0 0 0 1 0 0 0 0 0 0 0 0 0 0 0 0 0 0 0 0 0 0 0 0 0 0 0 0
0 0 0 0 0 0 0 0 0 0 0 0 0 0 0 0 0 0 0 0 0 0 0 0 0 0 0 0 0 0 0 0 0 0 0 0 0 0 0 0 0 0 0 0 0 0 0 0 0 0
0 0 0 0 0 0 0 0 0 0 0 0 0 0 0 0 0 0 0 0 0 0 0 0 0 0 0 0 0 0 0 0 0 0 0 0 0 0 0 0 0 0 0 0 0 0 0 0 0 0
0 0 0 0 0 0 0 0 0 0 0 0 0 0 0 0 0 0 0 0 0 0 0 0 0 0 0 0 0 0 0 0 0 0 0 0 0 0 0 0 0 0 0 0 0 0 0 0 0 0
0 0 0 0 0 0 0 0 0 0 0 0 0 0 0 0 0 0 0 0 0 0 0 0 0 0 0 0 0 0 0 0 0 0 0 0 0 0 0 0 0 0 0 0 0 0 0 0 0 0
0 0 0 0 0 0 0 0 0 2 0 0 0 0 0 0 0 0 0 0 0 0 0 0 0 0 0 0 0 0 0 0 0 0 0 0 0 0 0 0 0 0 0 0 0 0 0 0 0 0
0 0 0 0 0 0 0 0 0 0 0 0 0 0 0 0 0 0 0 0 0 0 0 0 0 0 0 0 0 0 0 0 0 0 0 0 0 0 0 0 0 0 0 0 0 0 0 0 0 0
0 0 0 0 0 0 0 0 0 0 0 0 0 0 0 0 0 0 0 0 0 0 0 0 0 0 0 0 0 0 0 0 0 0 0 0 0 0 0 0 0 0 0 0 0 0 0 0 0 0
0 0 0 0 0 0 0 0 0 0 0 0 0 0 0 0 0 0 0 0 0 0 0 0 0 0 0 0 0 0 0 0 0 0 0 0 0 0 0 0 0 0 0 0 0 0 0 0 0 0
0 0 0 0 0 0 0 0 0 0 0 0 0 0 0 0 0 0 0 0 0 0 0 0 0 0 0 0 0 0 0 0 0 0 0 0 0 0 0 0 0 0 0 0 0 0 0 0 0 0
0 0 0 0 0 0 0 0 0 0 0 0 0 0 0 0 0 0 0 0 0 0 0 0 0 0 0 0 0 0 0 0 0 0 0 0 0 0 0 0 0 0 0 0 0 0 0 0 0 0
0 0 0 0 0 0 0 0 0 0 0 0 0 2 0 0 0 0 0 0 0 0 0 0 0 0 0 0 0 0 0 0 0 0 0 0 0 0 0 0 0 0 0 0 0 0 0 0 0 0
0 0 0 0 0 0 0 0 0 0 0 0 0 0 0 0 0 0 0 0 0 0 0 0 0 0 0 0 0 0 0 0 0 0 0 0 0 0 0 0 0 0 0 0 0 0 0 0 0 0
0 0 0 0 0 0 0 0 0 0 0 0 0 0 0 0 0 0 0 0 0 0 0 0 0 0 0 0 0 0 0 0 0 0 0 0 0 0 0 0 0 0 0 0 0 0 0 0 0 0
0 0 0 0 0 0 0 0 3 0 0 0 0 0 0 0 0 0 0 0 0 0 0 0 0 0 0 0 0 0 0 0 0 0 0 0 0 0 0 0 0 0 0 0 0 0 0 0 0 0
0 0 0 0 0 0 0 0 0 0 0 0 0 0 0 1 0 0 0 0 0 0 0 0 0 0 0 0 0 0 0 0 0 0 0 0 0 0 0 0 0 0 0 0 0 0 0 0 0 0
0 0 0 0 0 0 0 0 0 0 0 0 0 0 0 0 0 0 0 0 0 0 0 0 0 0 0 0 0 0 0 0 0 0 0 0 0 0 0 0 0 0 0 0 0 0 0 0 0 0
0 0 0 0 0 0 0 0 0 0 0 0 0 0 0 0 0 0 0 0 0 0 0 0 0 0 0 0 0 0 0 0 0 0 0 0 0 0 0 0 0 0 0 0 0 0 0 0 0 0
0 0 0 0 0 0 0 0 0 0 0 0 0 0 0 0 0 0 0 0 0 1 0 0 0 0 0 0 0 0 0 0 0 0 0 0 0 0 0 0 0 0 0 0 0 0 0 0 0 0
0 0 0 0 0 0 0 0 0 0 0 0 0 0 0 0 0 0 0 0 0 0 0 0 0 0 0 0 0 0 0 0 0 0 0 0 0 0 0 0 0 0 0 0 0 0 0 0 0 0
0 0 0 0 0 0 0 0 0 0 0 0 0 0 0 0 0 0 0 0 0 0 0 0 0 0 0 0 0 0 0 0 0 0 0 0 0 0 0 0 0 0 0 0 0 0 0 0 0 0
0 0 0 0 0 0 0 0 0 0 0 0 0 0 0 0 0 0 0 0 0 0 0 0 0 0 0 0 0 0 0 0 0 0 0 0 0 0 0 0 0 0 0 0 0 0 0 0 0 0
0 0 0 0 0 0 0 0 0 0 0 0 0 0 0 0 0 0 0 0 0 0 0 0 0 0 0 0 0 0 0 0 0 0 0 0 0 0 0 0 0 0 0 0 0 0 0 0 0 0
0 0 0 0 0 0 0 0 0 0 0 0 0 0 0 0 0 0 0 0 0 0 0 0 0 0 0 0 0 0 0 0 0 0 0 0 0 0 0 0 0 0 0 0 0 0 0 0 0 0
0 0 0 0 0 0 0 0 0 0 0 0 0 0 0 0 0 0 0 0 0 0 0 0 0 0 0 0 0 0 0 0 0 0 0 0 0 0 0 0 0 0 0 0 0 0 0 0 0 0
0 0 0 0 0 0 0 0 0 0 0 0 0 0 0 0 0 0 0 0 0 0 0 0 0 0 0 0 0 0 0 0 0 0 0 0 0 0 0 0 0 0 0 0 0 0 0 0 0 0
0 0 0 0 0 0 0 0 0 0 0 0 0 0 0 0 0 0 0 0 0 0 0 0 0 0 0 0 0 0 0 0 3 0 0 0 0 0 0 0 0 0 0 0 0 0 0 0 0 0
6 0 0 0 0 0 0 0 0 0 0 0 0 0 0 0 0 0 0 0 0 0 0 0 0 0 0 0 0 0 0 0 0 0 0 0 0 0 0 0 0 0 0 0 0 0 0 0 0 0
0 0 0 0 0 0 0 0 0 0 0 0 0 0 0 0 0 0 0 0 0 0 0 0 0 0 0 0 0 0 0 0 0 0 0 0 0 0 0 0 0 0 0 0 0 0 0 0 0 0
0 0 0 0 0 0 0 0 0 0 0 0 0 0 0 0 0 0 0 0 0 0 0 0 0 0 0 0 0 0 0 0 0 0 0 0 0 0 0 0 0 0 0 0 0 0 0 0 0 0
0 0 0 0 0 0 0 0 0 0 0 0 0 0 0 0 0 0 0 0 0 0 0 0 0 0 0 0 0 0 0 0 0 0 0 0 0 0 0 0 0 0 0 0 0 0 0 0 0 0
0 0 0 0 0 0 0 0 0 0 0 0 0 0 0 0 0 0 0 0 0 0 0 0 0 0 0 0 0 0 0 0 0 0 0 0 0 0 0 0 0 0 0 0 0 0 0 0 0 0
0 0 0 0 0 0 0 0 0 0 0 0 0 0 0 0 0 0 4 0 0 0 0 0 0 0 0 0 0 0 0 0 0 0 0 2 0 0 0 0 0 0 0 0 0 0 0 0 0 0
0 0 0 0 0 0 0 0 0 0 0 0 0 0 0 0 0 0 0 0 0 0 0 0 0 0 0 0 0 0 0 0 0 0 0 0 0 0 0 0 0 0 0 0 0 0 0 0 0 0
0 0 0 0 0 0 0 0 0 0 0 0 0 0 0 0 0 0 0 0 0 0 0 0 0 0 0 0 0 0 0 0 0 0 0 0 0 0 0 0 0 0 0 0 0 0 0 0 0 0
0 0 0 0 0 0 0 0 0 0 0 0 0 0 0 0 0 0 0 0 0 0 0 0 0 0 0 0 0 0 0 0 0 0 0 4 0 0 0 0 0 0 0 0 0 0 0 0 0 0
0 0 0 0 0 0 0 0 0 0 0 0 0 0 0 0 0 0 0 0 0 0 0 0 0 0 0 0 0 0 0 0 0 0 0 0 0 0 0 0 0 0 0 0 0 0 0 0 0 0
0 0 0 0 0 0 0 0 0 0 0 0 0 0 0 0 0 0 0 0 0 0 0 0 0 0 0 0 0 0 0 0 0 0 0 0 0 0 0 0 0 0 0 0 0 0 0 0 0 0
0 0 0 0 0 0 0 0 0 0 0 0 0 0 0 0 0 0 0 0 0 0 0 0 0 0 0 0 0 0 0 0 0 0 0 0 0 4 0 0 0 0 0 0 0 0 0 0 0 0
0 0 0 0 0 0 0 6 0 0 0 0 0 0 0 0 0 0 0 0 0 0 0 0 0 0 0 0 0 0 0 0 0 0 0 0 0 0 0 0 0 0 0 0 0 0 0 0 0 0
0 0 0 2 0 0 0 0 0 0 0 0 0 0 0 0 0 0 0 0 0 0 0 0 0 0 0 0 0 0 0 0 0 0 0 0 0 0 0 0 0 0 0 0 0 0 0 0 0 0
0 0 0 0 0 0 0 0 0 0 0 0 0 0 0 0 0 0 0 0 0 0 0 0 0 0 0 0 0 0 0 0 0 0 0 0 0 0 0 0 0 0 0 0 0 0 0 0 0 0
7 28 6 28
13 43 13 42
3 32 2 32
16 2 15 2
10 27 10 26
5 27 4 27
3 15 3 14
40 19 39 19
43 29 43 28
34 42 34 41
17 34 17 33
3 9 2 9
45 12 45 11
43 24 43 23
41 3 40 3
8 26 7 26
31 20 31 19
19 43 19 42
24 27 23 27
7 45 6 45
13 22 12 22
47 28 46 28
20 41 20 40
19 31 18 31
8 11 8 10
4 9 4 8
46 3 46 2
21 11 21 10
25 38 25 37
49 22 48 22
36 34 35 34
43 10 42 10
10 37 9 37
8 50 7 50
28 27 28 26
47 36 46 36
39 49 39 48
44 12 43 12
48 4 48 3
40 36 39 36
44 17 43 17
33 36 32 36
9 18 8 18
47 16 47 15
42 31 42 30
10 26 10 25
37 35 36 35
41 43 41 42
9 42 8 42
30 32 30 31
34 45 34 44
33 8 33 7
39 34 39 33
49 11 49 10
46 27 46 26
38 6 37 6
36 27 35 27
40 14 40 13
5 18 4 18
49 48 49 47
24 35 23 35
38 48 38 47
49 7 49 6
8 47 8 46
25 9 25 8
30 6 30 5
25 50 25 49
9 29 9 28
44 2 43 2
34 29 34 28
44 23 44 22
41 50 41 49
10 15 10 14
32 19 32 18
13 47 12 47
19 9 18 9
45 4 44 4
10 4 9 4
47 45 46 45
34 35 34 34
36 16 36 15
32 39 32 38
47 41 46 41
33 2 32 2
1 41 1 40
40 44 40 43
6 24 6 23
11 6 10 6
12 46 11 46
39 42 38 42
39 13 39 12
12 37 12 36
25 26 25 25
37 10 37 9
43 9 43 8
17 40 17 39
17 7 16 7
21 3 20 3
35 28 35 27
3 45 2 45
20 32 19 32
37 32 36 32
50 7 50 6
21 44 20 44
17 15 16 15
38 37 37 37
46 13 45 13
14 3 13 3
18 11 17 11
22 43 21 43
17 46 17 45
35 40 35 39
8 6 8 5
44 22 44 21
18 16 17 16
41 17 40 17
19 23 18 23
33 38 33 37
46 24 46 23
4 40 3 40
12 31 11 31
28 17 27 17
43 10 43 9
34 49 33 49
6 7 5 7
13 34 12 34
15 4 15 3
24 26 24 25
28 49 27 49
31 17 31 16
49 49 49 50
5 17 4 17
21 50 21 49
17 24 17 23
9 8 8 8
31 19 31 18
31 49 30 49
29 50 28 50
39 37 38 37
22 47 21 47
22 3 21 3
40 34 40 33
44 46 44 45
10 1 9 1
41 44 41 43
44 48 44 47
22 35 22 34
14 44 14 43
9 16 8 16
5 21 4 21
14 38 14 37
31 21 31 20
24 22 23 22
7 45 6 45
22 2 22 1
37 41 37 40
19 43 18 43
26 27 26 26
7 46 7 45
49 1 50 1
44 22 44 21
47 39 46 39
25 13 24 13
20 35 19 35
33 4 32 4
21 32 20 32
50 49 50 50
4 11 4 10
20 30 20 29
41 24 41 23
34 44 34 43
39 28 38 28
18 37 18 36
49 4 48 4
32 12 31 12
22 31 22 30
4 48 3 48
21 47 21 46
38 36 38 35
30 20 30 19
46 48 45 48
39 38 38 38
21 13 21 12
33 20 32 20
23 40 23 39
45 46 44 46
12 11 11 11
39 48 39 47
34 47 33 47
50 28 50 27
2 18 2 17
38 3 38 2
40 14 40 13
38 42 38 41
10 37 10 36
9 9 9 8
16 37 16 36
38 17 37 17
27 48 26 48
32 21 32 20
21 30 20 30
45 13 44 13
14 35 13 35
42 43 42 42
16 35 15 35
49 20 48 20
46 25 45 25
38 46 37 46
9 3 8 3
36 18 36 17
21 26 21 25
28 10 28 9
21 25 21 24
2 10 2 9
29 22 29 21
4 15 3 15
34 43 33 43
48 35 47 35
14 32 14 31
2 37 2 36
45 4 44 4
14 29 13 29
32 24 32 23
32 42 31 42
14 12 14 11
16 5 16 4
28 3 28 2
32 44 32 43
5 47 4 47
19 17 18 17
16 34 16 33
37 34 37 33
16 8 16 7
37 33 37 32
22 2 22 1
10 27 9 27
17 3 16 3
6 47 5 47
14 21 13 21
49 14 49 13
5 8 4 8
22 35 21 35
44 5 44 4
46 35 45 35
24 42 23 42
4 31 4 30
22 31 22 30
42 13 42 12
50 3 49 3
39 46 38 46
8 27 7 27
43 21 43 20
11 2 11 1
36 15 35 15
11 19 11 18
30 35 30 34
8 49 8 48
15 25 15 24
15 1 14 1
26 7 26 6
46 41 45 41
23 18 23 17
11 19 11 18
39 27 39 26
33 26 32 26
35 9 35 8
9 15 9 14
29 48 28 48
4 33 4 32
3 33 2 33
38 30 37 30
23 8 22 8
28 23 27 23
23 38 22 38
4 39 3 39
49 18 48 18
23 38 22 38
18 37 18 36
42 5 42 4
2 35 2 34
32 35 32 34
11 28 10 28
15 45 14 45
25 18 24 18
25 9 25 8
19 47 19 46
15 37 14 37
50 22 49 22
38 38 38 37
15 8 15 7
6 42 6 41
3 16 2 16
34 16 33 16
15 10 15 9
44 26 43 26
12 29 11 29
41 15 41 14
28 49 27 49
29 4 28 4
11 4 11 3
25 44 25 43
30 41 29 41
48 25 48 24
6 30 6 29
30 45 29 45
9 40 9 39
11 36 10 36
12 18 12 17
46 29 46 28
42 14 41 14
36 45 36 44
5 32 5 31
25 21 24 21
13 41 12 41
12 50 12 49
8 21 8 20
22 47 21 47
2 32 2 31
27 42 26 42
42 13 41 13
50 49 49 49
46 50 45 50
24 43 23 43
8 5 7 5
22 39 21 39
47 15 47 14
3 36 2 36
4 38 4 37
33 20 32 20
44 33 43 33
10 16 9 16
42 49 42 50
33 25 32 25
4 22 4 21
27 39 26 39
17 15 16 15
46 35 46 34
27 33 26 33
20 50 20 49
31 12 30 12
42 7 42 6
47 10 46 10
46 3 46 2
5 36 4 36
32 35 32 34
40 40 40 39
9 6 8 6
29 29 29 28
45 14 45 13
50 10 49 10
13 38 13 37
47 40 46 40
39 21 39 20
29 20 28 20
49 7 48 7
4 4 4 3
36 30 35 30
21 30 21 29
46 9 46 8
16 17 15 17
25 14 24 14
36 21 36 20
39 44 39 43
14 28 14 27
3 32 2 32
16 8 16 7
47 28 46 28
10 32 10 31
23 28 22 28
42 3 41 3
8 21 7 21
36 12 35 12
2 29 1 29
33 40 33 39
5 17 4 17
17 13 17 12
47 4 46 4
46 21 45 21
8 47 7 47
36 48 36 47
8 40 7 40
8 50 8 49
31 24 31 23
15 10 14 10
37 36 37 35
9 23 9 22
8 38 7 38
41 49 40 49
41 44 40 44
33 49 33 48
15 11 15 10
12 18 12 17
41 29 41 28
27 22 26 22
49 25 49 24
49 9 50 9
32 48 32 47
35 9 35 8
45 47 44 47
41 35 41 34
39 24 39 23
45 7 45 6
15 42 14 42
16 34 16 33
20 14 20 13
12 19 11 19
45 15 44 15
21 33 21 32
25 31 24 31
37 48 37 47
35 42 35 41
10 34 10 33
31 39 30 39
41 50 41 49
33 22 33 21
40 14 40 13
1 18 1 17
12 20 12 19
32 42 31 42
49 35 49 34
29 19 28 19
25 16 25 15
27 49 27 50
41 50 41 49
30 41 29 41
27 29 26 29
28 22 27 22
34 37 34 36
16 28 15 28
40 8 40 7
36 3 35 3
22 31 21 31
42 37 42 36
4 36 3 36
38 12 37 12
6 37 6 36
9 47 8 47
31 50 31 49
23 48 22 48
2 31 1 31
13 11 13 10
28 35 28 34
9 7 8 7
43 37 42 37
9 42 8 42
34 7 34 6
11 14 11 13
13 41 13 40
44 17 44 16
50 17 50 16
41 38 41 37
49 26 49 25
45 10 44 10
12 27 11 27
1 16 1 15
17 21 17 20
8 3 7 3
23 30 22 30
28 49 28 50
35 36 35 35
43 29 42 29
33 44 32 44
18 47 17 47
5 39 4 39
23 22 23 21
31 28 31 27
50 7 50 6
2 27 1 27
12 12 12 11
38 15 38 14
13 2 13 1
21 46 20 46
16 33 16 32
45 34 44 34
6 40 5 40
40 5 39 5
36 36 36 35
13 31 13 30
19 7 19 6
28 8 27 8
43 41 43 40
23 42 22 42
21 6 21 5
8 46 8 45
28 22 27 22
10 49 10 50
29 5 28 5
32 23 31 23
39 15 38 15
43 19 42 19
49 26 49 25
27 10 26 10
5 24 4 24
27 13 27 12
14 36 14 35
35 30 34 30
3 47 2 47
49 36 49 35
22 45 21 45
6 6 5 6
24 38 24 37
1 38 1 37
30 44 29 44
27 26 26 26
2 36 2 35
8 1 7 1
31 6 30 6
21 11 20 11
43 8 43 7
39 30 39 29
21 32 21 31
45 38 44 38
44 45 44 44
27 33 27 32
23 21 22 21
43 29 42 29
11 1 10 1
41 31 41 30
49 39 50 39
37 13 36 13
30 27 29 27
41 38 41 37
33 15 33 14
12 13 12 12
4 7 3 7
18 26 18 25
4 3 3 3
24 43 23 43
46 44 45 44
49 36 50 36
39 15 39 14
23 13 23 12
2 48 2 47
49 1 48 1
9 28 8 28
9 13 8 13
22 35 22 34
5 18 5 17
22 41 22 40
25 15 25 14
33 20 32 20
1 4 1 3
13 41 12 41
33 25 32 25
23 24 22 24
14 23 13 23
11 5 10 5
6 25 6 24
10 9 10 8
26 24 25 24
40 11 39 11
36 9 36 8
12 4 12 3
7 24 6 24
13 45 12 45
7 40 6 40
19 39 19 38
10 49 10 50
36 8 36 7
39 14 38 14
17 32 16 32
36 29 35 29
24 18 23 18
38 8 38 7
48 2 47 2
50 48 50 47
9 11 9 10
39 44 39 43
24 7 24 6
27 4 27 3
43 48 42 48
8 46 8 45
13 40 13 39
14 25 13 25
37 43 37 42
33 5 33 4
28 48 27 48
35 32 34 32
43 7 42 7
48 5 47 5
39 39 38 39
42 43 41 43
2 27 2 26
39 30 39 29
36 49 36 50
44 9 43 9
9 27 8 27
19 16 18 16
15 38 15 37
36 19 35 19
18 21 18 20
5 18 4 18
50 44 49 44
49 8 50 8
29 44 29 43
32 32 31 32
43 45 42 45
15 14 14 14
31 27 31 26
7 35 7 34
48 33 48 32
26 43 25 43
25 2 25 1
9 10 9 9
4 22 4 21
36 38 35 38
19 49 19 50
16 31 15 31
15 8 15 7
41 17 40 17
42 1 41 1
43 33 42 33
2 47 2 46
30 45 29 45
3 49 2 49
27 26 26 26
11 14 11 13
32 11 31 11
2 14 2 13
12 2 12 1
44 6 44 5
30 34 29 34
28 50 28 49
16 30 15 30
14 20 13 20
47 13 47 12
6 9 6 8
46 10 45 10
15 20 15 19
31 2 30 2
7 25 6 25
19 39 18 39
11 36 11 35
49 35 50 35
33 13 32 13
12 40 12 39
50 43 50 42
17 35 17 34
30 14 29 14
23 20 22 20
36 32 36 31
21 34 20 34
18 20 17 20
42 29 42 28
28 20 28 19
16 39 16 38
9 6 8 6
26 25 25 25
39 9 39 8
36 31 35 31
36 28 35 28
27 49 26 49
50 50 49 50
37 42 36 42
20 3 19 3
34 5 34 4
16 50 16 49
15 45 14 45
12 19 12 18
24 26 23 26
44 25 44 24
15 17 15 16
6 24 6 23
38 14 37 14
45 5 45 4
25 42 24 42
9 33 8 33
31 41 31 40
38 2 37 2
41 39 41 38
35 13 34 13
49 26 49 25
20 11 20 10
44 50 43 50
17 22 16 22
7 16 7 15
19 39 19 38
15 32 14 32
45 50 44 50
39 35 39 34
49 46 49 45
34 47 33 47
6 8 5 8
15 31 14 31
21 29 20 29
33 20 33 19
2 14 2 13
23 22 22 22
40 17 40 16
15 22 14 22
44 13 43 13
29 32 29 31
36 14 35 14
7 47 7 46
6 44 5 44
37 1 36 1
24 49 23 49
24 20 23 20
6 2 5 2
48 34 48 33
38 20 37 20
34 25 33 25
13 31 12 31
49 30 48 30
4 36 4 35
28 46 27 46
23 21 22 21
30 25 30 24
29 22 29 21
11 50 10 50
3 31 3 30
6 21 5 21
29 7 28 7
36 16 36 15
32 35 32 34
42 37 41 37
27 23 26 23
31 10 30 10
4 48 3 48
25 14 24 14
19 43 18 43
7 49 7 50
16 50 15 50
20 7 19 7
12 5 11 5
25 20 25 19
16 21 15 21
50 32 50 31
35 26 35 25
11 2 11 1
50 43 50 42
9 13 8 13
14 5 14 4
14 6 13 6
47 13 46 13
47 9 47 8
46 4 45 4
16 11 16 10
34 16 34 15
1 37 1 36
46 25 46 24
21 10 21 9
18 25 18 24
15 50 14 50
25 14 24 14
34 39 33 39
44 44 44 43
41 16 40 16
22 5 22 4
49 25 49 24
23 36 23 35
39 18 39 17
36 32 36 31
19 34 18 34
21 49 21 50
13 16 13 15
49 38 50 38
38 34 38 33
49 5 50 5
50 43 50 42
22 37 22 36
27 35 27 34
49 8 48 8
14 15 14 14
45 21 44 21
20 40 20 39
40 35 39 35
43 7 43 6
27 43 27 42
40 34 39 34
14 31 14 30
3 37 2 37
12 26 12 25
3 43 3 42
20 6 19 6
29 3 28 3
49 43 49 42
29 29 29 28
34 48 33 48
48 32 47 32
1 30 1 29
42 36 42 35
2 33 1 33
28 19 27 19
21 3 21 2
24 35 24 34
2 9 1 9
50 23 49 23
36 36 35 36
3 48 3 47
7 39 6 39
26 4 26 3
41 23 41 22
11 34 10 34
41 45 40 45
23 23 22 23
37 11 37 10
35 19 34 19
5 23 5 22
1 15 1 14
18 49 18 48
39 37 39 36
15 12 14 12
46 22 46 21
49 48 49 47
32 47 31 47
6 32 6 31
43 17 43 16
25 25 24 25
2 14 2 13
28 18 28 17
16 45 15 45
26 38 25 38
44 17 43 17
45 20 44 20
46 40 46 39
11 27 10 27
50 36 49 36
37 44 36 44
5 16 5 15
28 45 27 45
6 36 5 36
6 11 6 10
9 29 8 29
31 40 30 40
21 35 21 34
24 44 23 44
48 10 47 10
3 25 2 25
27 42 26 42
37 28 36 28
40 3 39 3
20 9 20 8
23 10 22 10
2 8 1 8
11 43 10 43
48 11 47 11
6 7 6 6
24 12 23 12
30 17 30 16
34 18 34 17
23 22 23 21
16 42 16 41
25 31 24 31
11 21 10 21
15 40 15 39
18 16 17 16
31 35 30 35
47 5 46 5
7 46 7 45
33 26 33 25
25 27 25 26
15 50 15 49
14 47 14 46
47 23 47 22
13 36 12 36
17 28 16 28
2 48 2 47
6 16 6 15
25 4 25 3
39 38 39 37
34 15 33 15
43 21 42 21
28 45 27 45
38 22 38 21
46 19 46 18
41 14 40 14
14 26 14 25
46 38 45 38
3 41 2 41
10 13 10 12
37 4 36 4
31 4 30 4
15 10 15 9
28 13 28 12
11 46 11 45
15 30 14 30
42 33 42 32
23 11 23 10
38 16 38 15
41 24 41 23
31 14 31 13
32 14 32 13
28 37 28 36
12 49 11 49
14 2 13 2
13 20 12 20
39 50 39 49
45 14 44 14
12 42 12 41
2 12 1 12
39 12 39 11
27 20 26 20
35 24 34 24
21 9 21 8
17 10 17 9
29 6 28 6
18 45 18 44
34 20 33 20
50 45 50 44
41 25 41 24
15 4 15 3
24 16 24 15
22 27 22 26
23 24 23 23
2 14 1 14
14 29 14 28
4 19 3 19
25 47 24 47
2 17 2 16
22 14 22 13
25 28 25 27
25 39 25 38
15 42 15 41
43 7 43 6
42 10 42 9
13 47 12 47
48 38 48 37
16 36 16 35
50 29 49 29
9 48 9 47
38 47 37 47
2 16 1 16
40 5 39 5
44 49 44 50
23 49 22 49
43 41 43 40
50 50 49 50
1 5 1 4
25 45 25 44
25 13 24 13
47 24 47 23
14 6 14 5
4 43 4 42
48 7 48 6
8 44 8 43
44 40 44 39
41 6 40 6
39 50 39 49
14 9 14 8
46 18 45 18
28 13 27 13
8 8 7 8
31 30 31 29
2 7 2 6
3 40 3 39
38 39 38 38
18 35 17 35
46 10 46 9
27 12 27 11
18 6 17 6
42 31 42 30
49 50 49 49
15 19 15 18
40 36 40 35
29 6 29 5
48 2 48 1
40 27 39 27
13 39 13 38
40 34 39 34
19 7 19 6
18 22 17 22
12 19 12 18
47 43 47 42
34 12 33 12
17 19 16 19
4 27 4 26
14 25 14 24
31 5 31 4
38 48 38 47
26 20 25 20
26 13 25 13
27 43 27 42
42 2 42 1
20 13 20 12
37 10 36 10
48 22 47 22
44 34 43 34
37 49 36 49
12 22 11 22
21 25 21 24
15 41 14 41
48 8 47 8
39 6 38 6
11 10 10 10
23 17 22 17
6 7 5 7
17 12 17 11
48 4 47 4
36 7 36 6
34 10 33 10
33 20 33 19
17 6 17 5
4 47 4 46
25 15 25 14
29 30 29 29
8 32 8 31
30 28 29 28
11 37 11 36
31 20 31 19
