50 50 5 1000
1 5 4 2 5 4 4 3 1 1 3 3 2 2 5 3 1 5 1 5 5 1 2 5 1 3 1 5 2 2 5 3 2 5 1 5 2 5 1 5 5 4 5 1 5 1 3 1 4 5
1 5 5 3 3 4 5 1 3 1 1 4 4 2 2 1 3 4 2 5 4 5 1 4 4 2 3 2 3 1 1 4 2 2 3 1 2 1 2 3 4 2 4 5 4 3 3 5 3 5
2 4 2 1 4 2 1 2 1 2 2 4 4 5 4 4 2 2 4 1 5 3 2 5 1 4 3 5 3 2 2 3 1 5 5 1 3 5 3 5 5 4 3 3 1 2 5 4 4 2
3 1 4 1 3 4 2 5 3 4 1 2 1 5 3 5 2 3 4 4 3 3 1 1 4 4 1 4 4 5 5 4 2 3 4 2 5 4 5 5 3 3 2 3 5 5 4 2 5 3
1 1 2 4 4 1 2 1 1 3 2 4 5 3 5 1 3 5 2 5 1 5 3 1 3 3 5 5 3 5 3 3 4 1 2 1 4 2 1 1 3 3 4 5 1 2 4 2 2 3
5 3 4 5 1 4 1 1 4 4 1 2 1 3 1 1 2 2 4 4 2 4 5 5 2 4 4 3 2 2 3 5 3 2 4 2 4 1 2 2 4 2 3 3 1 4 5 3 1 2
2 1 5 5 3 5 2 5 3 1 4 5 2 4 5 5 2 4 5 2 1 2 3 1 3 1 1 3 4 4 1 1 2 5 3 2 3 2 2 4 5 2 4 4 2 5 5 4 1 4
5 2 3 2 1 4 1 4 4 1 1 3 3 1 5 5 1 2 1 2 4 2 3 1 5 5 2 1 4 2 5 5 4 1 3 4 3 1 1 2 3 5 1 3 2 3 1 2 5 1
2 1 4 5 3 3 2 2 3 3 4 3 5 4 4 3 4 5 1 5 1 5 1 4 2 3 4 4 2 1 1 3 3 2 4 1 2 2 3 1 3 4 1 5 4 2 5 5 1 5
1 1 4 2 3 1 3 4 2 3 5 2 2 1 1 3 2 4 2 5 1 4 3 3 2 2 4 2 5 5 4 2 5 5 4 2 1 4 1 2 2 1 5 2 3 4 3 4 4 5
5 2 2 1 5 1 3 5 5 2 1 1 5 1 2 1 3 2 2 1 5 5 3 2 4 2 5 4 4 2 4 3 1 2 3 5 4 1 2 3 1 2 1 3 3 4 2 3 4 3
5 5 3 2 3 4 5 2 4 1 3 4 3 2 3 3 2 2 4 2 1 1 2 2 3 3 1 3 1 2 2 1 4 4 2 3 5 2 2 5 2 3 4 1 4 3 3 4 2 5
4 4 2 4 3 1 1 3 4 5 4 2 4 2 1 4 5 3 2 3 1 1 3 5 1 2 2 4 1 1 4 2 5 5 2 3 5 5 3 2 4 3 3 5 4 4 1 2 5 4
5 4 5 1 1 2 2 5 5 4 2 3 5 1 5 5 2 4 3 3 4 4 1 1 3 5 5 1 2 1 2 1 2 1 3 1 4 3 3 1 4 2 3 2 3 5 5 3 2 3
1 2 4 4 3 2 4 3 1 2 2 5 4 3 2 5 4 4 1 4 4 3 1 5 3 2 4 3 2 3 5 4 3 2 5 2 1 5 1 2 1 4 4 1 3 1 1 3 4 1
2 2 4 4 2 1 2 1 3 5 1 2 1 5 4 2 3 3 5 2 2 4 4 5 2 4 3 2 1 4 2 3 2 4 1 3 1 2 2 4 4 3 1 1 4 1 1 2 5 4
2 4 3 3 4 2 5 3 5 1 2 2 1 2 3 2 5 4 5 2 4 5 2 1 4 2 1 5 4 5 4 2 4 4 2 3 4 4 2 2 1 4 1 3 4 3 4 5 1 3
5 1 1 3 1 5 5 1 3 3 5 4 5 5 3 1 3 3 4 3 2 5 3 2 1 5 1 5 1 4 4 3 5 1 5 5 1 4 4 3 4 3 5 4 1 5 5 2 4 1
5 1 3 2 2 1 3 3 1 3 5 2 2 4 4 1 5 5 4 1 3 1 2 4 3 5 3 2 2 5 3 4 2 4 4 5 2 2 5 2 2 5 5 4 3 3 4 2 4 2
1 4 3 5 2 3 5 1 5 5 2 3 5 5 3 4 1 2 3 2 5 2 4 1 2 4 2 5 5 2 2 3 3 1 4 3 5 4 4 1 2 3 4 3 1 1 3 4 3 3
4 4 1 3 1 5 2 5 5 4 4 1 5 3 5 1 3 5 1 5 2 5 4 5 3 1 4 2 1 1 4 1 4 5 3 3 4 1 5 3 4 1 5 5 3 2 1 1 3 2
3 1 2 5 4 1 1 3 4 3 4 2 1 4 1 1 2 5 3 3 4 4 5 1 4 1 1 2 5 3 4 5 5 2 3 4 1 5 3 1 4 3 1 1 4 3 1 2 4 5
5 4 3 3 5 2 5 1 4 2 5 4 5 1 2 4 2 1 3 5 3 5 3 5 1 5 2 1 2 4 1 1 3 3 5 3 1 5 4 4 3 5 2 3 2 5 2 3 2 5
2 3 3 2 4 1 5 2 5 5 2 1 2 2 4 5 4 4 2 5 2 1 4 1 4 1 2 5 2 3 4 2 2 3 3 2 3 1 5 1 3 3 4 4 5 5 4 1 3 1
3 5 2 2 1 2 3 1 2 5 4 4 2 4 2 1 2 3 1 3 2 3 4 3 4 5 5 4 5 2 5 5 4 1 3 5 5 3 3 5 2 2 3 5 5 4 1 4 3 2
5 5 2 4 4 2 1 1 5 3 4 4 5 3 2 4 1 1 3 3 5 5 1 5 5 4 3 4 2 5 3 3 5 4 5 4 3 1 1 5 4 5 3 3 2 5 4 2 1 5
1 2 3 5 5 1 1 5 2 5 3 3 1 4 1 2 4 4 3 5 1 5 3 2 1 3 5 2 1 5 5 4 1 4 5 4 1 2 1 3 1 1 4 5 3 1 5 1 1 2
1 2 1 5 3 2 5 3 1 2 3 5 2 4 1 1 3 2 4 2 5 2 3 2 3 5 2 1 3 1 3 3 5 3 2 3 1 1 4 1 5 4 4 2 5 4 2 3 4 5
3 4 3 2 2 5 4 1 4 2 1 2 1 3 4 1 3 3 1 3 3 4 4 3 3 5 4 2 5 5 4 1 2 3 1 4 5 3 5 4 4 3 2 2 1 1 5 4 5 2
1 3 2 3 1 4 5 5 4 1 3 3 5 4 3 2 1 3 2 1 3 3 1 4 1 1 4 5 5 4 1 2 5 2 2 1 1 5 4 4 2 2 4 5 3 2 2 3 1 3
1 2 3 4 2 1 5 4 3 1 4 2 1 2 3 4 3 4 3 3 2 3 4 5 4 2 2 5 2 1 5 3 4 1 3 3 5 5 3 1 5 5 2 2 1 2 2 1 3 2
5 5 4 3 2 4 2 3 4 3 5 4 2 3 5 2 2 5 1 4 1 2 2 4 5 5 2 2 1 4 3 1 2 3 3 5 2 2 4 1 5 4 2 5 3 1 4 1 5 4
4 1 5 4 1 5 2 3 3 5 4 3 1 1 5 3 4 1 1 5 3 1 5 1 3 4 3 5 4 4 3 3 5 2 2 5 2 4 4 2 1 5 1 1 2 3 2 4 3 1
4 1 1 2 2 1 3 5 4 3 4 4 1 5 2 3 1 2 3 5 2 3 4 4 3 1 1 5 1 1 2 5 2 4 2 1 3 3 5 4 1 3 2 3 5 5 4 4 5 1
1 3 1 3 2 3 4 2 5 5 2 2 5 5 2 2 1 3 1 4 3 5 2 1 4 4 1 1 4 5 4 5 1 4 4 2 3 5 3 5 5 2 1 4 5 5 1 3 2 2
3 5 5 1 1 2 3 4 4 2 3 3 5 4 5 4 3 4 4 2 2 1 4 1 3 3 5 3 4 5 1 3 2 2 3 4 5 2 4 5 2 4 2 4 2 1 4 2 1 5
5 1 1 3 5 4 1 3 4 3 2 1 4 4 2 1 4 1 4 2 1 5 4 3 5 2 3 4 5 2 3 3 4 5 2 3 4 1 4 4 3 1 2 3 4 3 4 3 5 3
5 5 4 2 3 3 5 5 1 2 2 1 2 3 1 1 2 5 2 1 3 5 5 4 4 1 3 3 2 5 1 4 1 1 2 3 4 3 2 1 5 4 3 5 4 3 2 2 1 3
2 1 4 5 1 3 5 1 2 5 5 3 3 4 3 3 4 1 1 3 1 1 5 3 5 2 1 2 1 4 4 1 4 4 5 5 3 2 3 2 5 3 4 3 5 4 2 1 2 2
1 2 1 2 4 4 1 4 3 1 5 4 1 3 5 1 5 2 5 2 1 3 3 4 2 5 1 4 3 1 3 3 2 3 4 2 4 3 3 1 3 5 2 4 2 4 1 5 5 4
1 1 2 4 4 5 2 1 4 2 3 2 4 5 1 2 2 1 1 2 2 1 1 3 5 4 5 4 5 3 4 1 4 5 1 4 2 3 5 1 3 4 1 2 3 5 2 2 5 2
2 4 5 2 1 4 2 3 4 3 2 5 2 4 1 4 5 2 1 1 3 3 2 3 1 3 3 1 2 1 1 5 2 1 4 5 1 5 5 3 1 4 4 5 4 2 2 5 3 4
5 3 1 4 1 1 4 3 1 2 5 3 1 2 2 5 1 2 2 3 5 3 4 5 2 4 3 2 3 2 4 2 3 4 3 3 5 1 4 3 5 3 4 1 2 3 5 1 2 5
5 1 3 3 4 1 3 1 1 5 2 5 2 5 4 5 2 1 5 3 3 4 3 5 3 4 5 4 2 3 4 2 5 1 1 5 5 2 5 2 1 1 3 5 2 2 3 2 5 1
4 4 3 5 3 2 1 1 4 3 2 4 3 1 5 2 1 5 4 2 4 2 3 2 4 1 1 5 3 5 3 3 4 4 1 4 2 4 3 1 4 3 5 1 1 3 4 1 5 2
2 5 1 5 4 5 5 4 1 1 4 5 3 1 3 2 4 4 5 1 4 5 1 2 1 2 2 4 4 1 2 4 5 5 4 3 3 5 2 4 1 2 3 4 2 4 1 1 4 4
2 1 5 3 2 2 3 4 1 2 4 1 2 4 4 5 2 5 4 5 3 4 1 3 3 1 3 2 1 1 4 3 5 1 1 2 2 3 2 4 5 2 3 5 3 2 4 2 2 5
3 1 2 1 2 2 5 5 3 5 3 5 2 5 5 2 2 1 3 3 1 4 2 4 1 3 4 4 1 2 5 5 2 4 2 2 5 4 1 2 5 1 2 4 5 2 2 5 1 3
4 2 2 3 5 4 5 5 3 2 1 2 5 5 4 1 5 1 4 4 5 2 2 1 1 4 4 2 4 4 5 5 3 5 4 5 5 4 3 3 4 4 5 4 5 3 4 3 1 1
4 5 1 3 2 3 2 2 1 5 1 2 2 1 3 4 4 2 3 4 1 2 4 2 5 3 5 2 2 1 4 1 1 3 5 4 4 5 3 4 5 5 2 3 3 1 3 2 2 5
0 0 0 0 0 0 0 0 0 0 0 0 0 0 0 0 0 0 0 0 0 0 0 0 0 0 0 0 0 0 0 0 0 0 0 0 0 0 0 0 0 0 0 0 0 0 0 0 0 0
0 0 0 0 0 0 0 0 0 0 0 0 0 0 0 0 0 0 0 0 0 0 0 0 0 0 0 0 0 0 0 0 0 0 0 0 0 0 0 0 0 0 0 0 0 0 0 0 0 0
0 0 0 0 0 0 0 0 0 0 0 0 0 0 0 0 0 0 0 0 0 0 0 0 0 0 0 0 0 0 0 0 0 0 0 0 0 0 0 0 0 0 0 0 0 0 0 0 0 0
0 0 0 0 0 0 0 0 0 0 0 0 0 0 0 0 0 0 0 0 0 0 0 0 0 0 0 0 0 0 0 0 0 0 0 0 0 0 0 0 0 0 0 0 0 0 0 0 0 0
0 0 0 0 0 0 0 0 0 0 0 0 0 0 0 0 0 0 0 0 0 0 0 0 0 0 0 0 0 0 0 0 0 0 0 0 0 0 0 0 0 0 0 0 0 0 0 0 0 0
0 0 0 0 0 0 0 0 0 0 0 0 0 0 0 0 0 0 0 5 0 0 0 0 0 0 0 0 0 0 0 0 0 0 0 0 0 0 0 0 0 0 0 0 0 0 0 0 0 0
0 0 0 0 0 0 0 0 0 0 0 0 0 0 0 0 0 0 0 0 0 0 0 0 0 0 0 0 0 0 0 0 0 0 0 0 0 0 0 0 6 0 0 0 0 0 0 0 0 0
0 0 0 0 0 0 0 0 0 0 0 0 0 0 0 0 0 0 0 0 0 0 0 0 0 0 0 0 0 0 0 0 0 0 0 0 0 0 0 0 0 0 0 0 0 0 0 0 0 0
0 0 0 0 0 0 0 0 0 0 0 0 0 0 0 0 0 0 0 0 0 0 0 0 0 0 0 0 0 0 0 0 0 0 0 0 0 0 0 0 0 0 0 0 0 0 0 0 0 0
0 0 0 0 0 0 0 0 0 0 0 0 0 0 0 0 0 0 0 0 0 0 0 0 0 0 0 0 0 0 0 0 0 0 0 0 0 0 0 0 0 0 0 0 0 0 0 0 0 0
0 0 0 0 0 0 0 0 0 0 0 0 0 0 0 0 0 0 0 0 0 0 0 0 0 4 0 0 0 0 0 0 0 0 0 0 0 0 0 0 0 0 0 0 0 0 0 0 0 0
0 0 0 0 0 0 0 0 0 0 0 0 0 0 0 0 0 0 0 0 0 0 0 0 0 0 0 0 0 0 0 0 0 0 0 0 0 0 0 0 0 0 0 0 0 0 0 0 0 0
0 0 0 0 0 0 0 0 0 0 0 0 0 0 0 0 0 0 0 0 0 0 0 0 0 0 0 0 0 0 0 0 0 0 0 0 0 0 0 0 0 0 0 0 0 0 0 0 0 0
0 0 0 0 0 0 0 0 0 0 0 0 0 0 0 0 0 0 0 0 0 0 0 0 0 0 0 0 0 0 0 0 0 0 0 0 0 0 0 0 0 0 0 0 0 0 0 0 0 0
0 0 0 0 0 0 0 0 0 0 0 0 0 0 1 0 0 0 2 0 0 0 0 0 0 0 0 0 0 0 0 0 0 0 0 0 0 0 0 0 0 0 0 0 0 0 0 0 5 0
0 0 0 0 0 0 0 0 0 0 0 0 0 0 0 0 0 0 0 0 0 0 0 0 0 0 0 0 0 0 0 0 0 0 0 0 0 0 0 0 0 0 0 0 0 0 0 0 0 0
0 0 0 0 0 0 0 0 0 0 0 0 0 0 0 0 0 0 0 0 0 0 0 0 0 0 0 0 0 0 0 0 0 0 0 0 0 0 0 0 0 0 0 0 0 0 0 0 0 0
0 0 0 0 0 0 0 0 0 0 0 0 0 0 0 0 0 0 0 0 0 0 0 0 0 0 0 0 0 0 0 0 0 0 0 0 0 0 0 0 0 0 0 0 0 0 0 0 0 0
0 0 0 0 0 0 0 0 0 0 0 0 0 0 0 0 0 0 0 0 0 0 0 0 0 0 0 0 0 0 0 0 0 0 0 0 0 0 0 0 0 0 0 0 0 0 0 0 0 0
0 0 0 0 0 0 0 0 0 0 0 0 0 0 0 0 0 0 0 0 0 0 0 0 0 0 0 0 0 0 0 0 0 0 0 0 0 0 0 0 0 0 0 0 0 0 0 0 0 0
0 0 0 0 0 0 0 0 0 0 0 0 0 0 0 0 0 0 0 0 0 0 0 0 0 0 0 0 0 0 0 0 0 0 0 0 0 0 0 0 0 0 0 0 0 0 0 0 0 0
0 0 0 0 0 0 0 0 0 0 0 0 0 0 0 0 0 0 0 0 0 0 0 0 0 0 0 0 0 0 0 0 0 0 0 0 0 0 0 0 0 0 0 0 0 0 0 0 0 0
0 0 0 0 0 0 0 0 0 0 0 0 0 0 0 0 0 0 0 0 0 0 0 0 0 0 0 0 0 0 0 0 0 0 0 0 0 0 0 0 0 0 0 0 0 0 0 0 0 0
0 0 0 0 0 0 0 0 0 0 0 0 0 0 0 0 0 0 0 0 0 0 0 0 0 0 0 0 0 0 0 0 0 0 0 0 0 0 0 0 0 0 0 0 0 0 0 0 0 0
0 0 0 0 0 0 0 0 0 0 0 0 0 0 0 0 0 0 0 0 0 0 0 0 0 0 0 0 3 0 0 0 0 0 0 0 0 0 0 0 0 0 0 0 0 0 0 0 0 0
0 0 0 0 0 0 0 0 0 0 0 0 0 0 0 0 0 0 0 0 0 0 0 0 0 0 0 0 0 0 0 0 0 0 0 0 0 0 0 0 0 0 0 0 0 0 0 0 0 0
0 0 0 0 0 0 2 0 0 0 0 0 0 0 0 0 0 0 0 0 0 0 0 0 0 0 0 0 0 0 0 0 0 0 0 0 0 0 0 0 0 0 0 0 0 0 0 0 0 0
0 0 0 0 0 0 0 0 0 0 0 0 0 0 0 0 0 0 0 0 0 0 0 0 0 0 0 0 0 4 0 0 0 0 0 0 0 0 0 0 0 0 0 0 0 0 0 0 0 0
0 0 0 0 0 0 0 0 0 0 0 0 0 0 0 0 0 0 0 0 0 0 0 0 0 0 0 0 0 0 0 0 0 0 0 0 0 0 0 0 0 0 0 0 0 0 0 0 0 0
0 0 0 0 0 0 0 0 0 0 0 0 0 0 0 0 0 0 0 0 0 0 0 0 0 0 0 0 0 0 0 0 0 0 0 0 0 0 0 0 0 0 0 0 0 0 0 0 0 0
0 0 0 0 0 0 0 0 0 0 0 0 0 0 0 0 0 0 0 0 0 0 0 0 0 0 0 0 0 0 0 0 0 0 0 0 0 0 0 0 0 0 0 0 0 0 0 0 0 0
0 0 0 0 0 0 0 0 0 0 0 0 0 0 0 0 0 0 0 0 0 0 0 0 0 0 0 0 0 0 0 0 0 0 0 0 0 0 0 0 0 0 0 0 0 0 0 0 0 0
0 0 0 0 0 0 0 0 0 0 0 0 0 0 0 0 0 0 0 0 0 0 0 0 0 0 0 0 0 0 0 0 0 0 0 0 0 0 0 0 0 0 0 0 0 0 0 0 0 0
0 0 0 0 0 0 0 0 0 0 0 0 3 0 0 0 0 0 0 0 0 0 0 0 0 0 0 0 0 0 0 0 0 0 0 0 0 0 0 0 0 0 0 0 0 0 0 0 0 0
0 0 0 0 0 0 0 0 0 0 0 0 0 0 0 0 0 0 0 0 0 0 0 0 0 0 0 0 0 0 0 0 0 0 0 0 0 0 0 0 0 0 0 0 0 0 0 0 0 0
0 0 0 0 0 0 0 0 0 0 0 0 0 0 0 0 0 0 0 0 0 0 0 0 0 0 0 0 0 0 0 0 0 0 0 0 0 0 0 0 0 0 0 0 0 0 0 0 0 0
0 0 0 0 0 0 0 0 0 0 0 0 0 0 0 0 0 0 0 0 0 0 0 0 0 0 0 0 0 0 0 0 0 0 0 0 0 0 0 0 0 0 0 0 0 0 0 0 0 0
0 0 0 0 0 0 0 0 0 0 0 0 0 0 0 0 0 0 0 0 0 0 0 0 0 0 0 0 0 0 0 0 0 0 0 0 0 0 0 0 0 0 0 0 0 0 0 0 0 0
0 0 0 0 0 0 0 0 0 0 0 0 0 0 0 0 0 0 0 0 0 0 0 0 0 0 0 0 0 0 0 0 0 0 0 0 0 0 0 0 0 0 0 0 0 0 0 0 0 0
0 0 0 0 0 0 0 0 0 0 0 0 0 0 0 0 6 0 0 0 0 0 0 0 0 0 0 0 0 0 0 0 0 0 0 0 0 0 0 0 0 0 0 0 0 0 0 0 0 0
0 0 0 0 0 0 0 0 0 0 0 0 0 0 0 0 0 0 0 0 0 0 0 0 0 0 0 0 0 0 0 0 0 0 0 0 0 0 0 0 0 0 0 0 0 0 0 0 0 0
0 0 0 0 0 0 0 0 0 0 0 0 0 0 0 0 0 0 5 0 0 0 0 0 0 0 0 0 0 0 0 0 0 0 0 0 0 0 0 0 0 0 0 0 0 0 0 0 0 0
0 0 0 0 0 0 0 0 0 0 0 0 0 0 0 0 0 0 0 0 0 0 0 0 0 0 0 0 0 0 0 0 0 0 0 0 0 0 0 0 0 0 0 0 0 0 0 0 0 0
0 0 6 0 0 0 0 0 0 0 0 0 0 0 0 0 0 0 0 0 0 0 0 0 0 0 0 0 0 0 0 0 0 0 0 0 0 0 0 0 0 0 0 0 0 0 0 0 0 0
0 0 0 0 0 0 0 0 0 0 0 0 0 0 0 0 0 0 0 0 0 0 0 0 0 0 0 0 0 0 0 0 0 0 0 0 0 0 0 0 0 0 0 0 0 0 0 0 0 0
0 0 0 0 0 0 0 0 0 0 0 0 0 0 0 0 0 0 0 0 0 0 0 0 0 0 0 0 0 0 0 0 0 0 0 0 0 0 0 0 0 0 0 0 0 0 0 0 0 0
0 0 0 0 0 0 0 0 0 0 0 0 0 0 0 0 0 0 0 0 0 0 0 0 0 0 0 0 0 0 0 0 0 0 0 0 0 0 0 0 0 0 0 0 0 0 0 0 0 0
0 0 0 0 0 0 0 0 0 0 0 0 6 0 0 0 0 0 0 0 0 0 0 0 0 0 0 0 0 0 0 0 0 0 0 0 0 0 0 0 0 0 0 0 0 0 0 0 0 0
0 0 0 0 0 0 0 0 0 0 0 0 0 0 0 0 0 0 0 0 0 0 0 0 0 0 0 0 0 0 0 0 0 0 0 0 0 0 0 0 0 0 0 0 0 0 0 0 0 0
0 0 0 0 0 0 0 0 0 0 0 0 0 0 0 0 0 0 0 0 0 0 0 0 0 0 0 0 0 0 0 0 0 0 0 0 0 0 0 0 0 0 0 0 0 0 0 0 0 0
29 45 29 44
25 44 25 43
45 36 44 36
11 30 10 30
9 17 8 17
2 3 2 2
6 3 5 3
6 49 5 49
35 10 34 10
15 19 15 18
9 44 9 43
48 28 47 28
46 28 45 28
10 26 9 26
19 1 18 1
28 15 28 14
16 24 16 23
33 33 32 33
42 17 41 17
41 8 41 7
32 37 31 37
43 24 43 23
24 38 23 38
26 18 25 18
31 21 30 21
26 5 25 5
38 50 37 50
44 43 43 43
25 43 25 42
17 23 16 23
15 35 15 34
34 46 34 45
13 21 12 21
43 49 43 48
14 31 13 31
49 7 50 7
37 20 36 20
50 31 49 31
24 15 24 14
15 27 15 26
43 9 43 8
31 24 30 24
39 38 39 37
16 49 16 50
19 16 18 16
9 6 9 5
1 26 1 25
11 25 11 24
25 43 25 42
32 26 31 26
6 8 6 7
49 8 49 7
33 24 33 23
41 49 40 49
43 4 43 3
49 23 49 22
31 31 31 30
4 30 4 29
30 19 29 19
14 3 13 3
5 10 4 10
25 11 25 10
38 47 38 46
11 32 10 32
19 33 19 32
46 34 45 34
24 1 23 1
18 24 17 24
2 22 1 22
19 35 18 35
4 46 4 45
15 35 14 35
9 50 9 49
49 6 48 6
41 43 40 43
17 20 17 19
40 5 40 4
30 41 30 40
46 14 45 14
14 12 14 11
50 25 49 25
36 22 35 22
26 3 26 2
30 1 29 1
10 25 10 24
39 25 38 25
35 30 34 30
4 32 4 31
33 22 33 21
43 20 42 20
33 4 33 3
23 16 22 16
14 4 13 4
25 17 25 16
21 9 20 9
13 6 13 5
26 46 25 46
37 7 37 6
2 49 2 48
44 25 43 25
2 9 2 8
48 16 47 16
44 24 44 23
23 4 23 3
3 25 2 25
40 43 40 42
34 21 33 21
11 35 11 34
11 43 11 42
43 32 43 31
22 34 21 34
39 18 39 17
49 23 48 23
39 30 38 30
2 46 2 45
42 38 41 38
13 1 12 1
11 40 10 40
2 31 1 31
4 46 3 46
10 47 9 47
4 9 3 9
27 22 26 22
4 22 4 21
49 38 50 38
13 11 13 10
17 27 16 27
12 20 11 20
13 1 12 1
30 37 30 36
13 43 13 42
26 35 26 34
16 31 16 30
49 40 48 40
14 36 13 36
15 21 14 21
33 16 33 15
31 8 30 8
10 25 10 24
12 46 11 46
40 44 39 44
16 7 15 7
37 10 37 9
8 27 8 26
25 36 24 36
48 36 47 36
42 37 42 36
3 47 2 47
26 48 26 47
44 23 43 23
11 37 10 37
11 8 11 7
32 35 32 34
35 27 34 27
17 6 16 6
10 43 9 43
37 35 36 35
2 38 1 38
16 10 16 9
30 39 29 39
38 28 38 27
17 48 16 48
27 40 26 40
17 14 17 13
19 8 19 7
12 19 11 19
22 39 21 39
9 23 9 22
41 40 41 39
22 33 22 32
10 17 9 17
2 31 2 30
27 11 27 10
37 38 36 38
23 20 22 20
32 28 32 27
34 21 33 21
25 44 25 43
41 17 40 17
42 50 41 50
49 23 48 23
48 18 47 18
17 19 17 18
42 13 42 12
44 15 44 14
44 44 43 44
1 14 1 13
21 31 20 31
36 1 35 1
29 1 28 1
7 45 7 44
11 32 10 32
9 25 9 24
50 23 49 23
28 5 27 5
9 25 9 24
47 31 46 31
28 28 27 28
21 49 20 49
42 19 42 18
49 15 50 15
15 45 14 45
8 42 8 41
38 40 37 40
42 37 42 36
19 12 18 12
44 15 44 14
2 42 1 42
38 30 38 29
34 3 34 2
39 12 38 12
10 31 9 31
32 49 32 50
14 45 14 44
23 25 22 25
12 46 11 46
48 47 48 46
27 31 27 30
10 28 9 28
8 27 8 26
23 6 23 5
7 45 7 44
47 46 47 45
49 37 50 37
35 16 35 15
26 13 26 12
37 29 37 28
20 5 19 5
29 15 29 14
24 7 23 7
6 20 6 19
16 37 16 36
2 27 1 27
45 2 45 1
18 8 17 8
49 45 49 44
35 48 35 47
4 39 3 39
6 2 6 1
3 29 3 28
35 26 35 25
9 8 8 8
23 36 22 36
39 3 38 3
42 40 42 39
39 19 39 18
20 24 19 24
44 18 43 18
16 17 16 16
22 46 22 45
36 20 36 19
6 7 5 7
9 26 8 26
44 38 44 37
24 43 24 42
15 37 15 36
45 20 45 19
8 6 7 6
16 14 16 13
41 1 40 1
5 44 5 43
26 7 25 7
47 4 47 3
20 34 19 34
38 31 37 31
48 27 47 27
45 24 45 23
5 25 5 24
23 3 23 2
22 29 22 28
28 43 28 42
34 32 34 31
34 5 33 5
1 18 1 17
45 23 44 23
25 44 24 44
31 17 31 16
3 49 3 50
30 15 30 14
30 16 29 16
18 19 18 18
44 6 43 6
14 35 14 34
1 14 1 13
14 39 13 39
25 45 24 45
14 42 14 41
5 4 5 3
21 19 21 18
34 10 34 9
29 25 29 24
49 24 50 24
27 9 26 9
15 33 15 32
30 47 29 47
38 33 37 33
28 13 27 13
44 31 44 30
42 31 42 30
31 31 31 30
9 18 9 17
48 48 47 48
50 23 50 22
41 24 40 24
32 2 32 1
13 50 12 50
24 7 24 6
14 22 14 21
44 10 44 9
4 26 3 26
36 26 35 26
26 40 25 40
38 43 38 42
40 13 39 13
35 12 35 11
38 49 38 48
50 43 49 43
24 10 23 10
44 4 43 4
47 29 46 29
34 45 34 44
11 34 10 34
48 41 47 41
16 12 15 12
13 38 13 37
10 25 9 25
23 24 22 24
35 46 34 46
42 33 41 33
19 6 19 5
4 6 4 5
50 13 50 12
36 1 35 1
35 15 35 14
25 4 24 4
6 45 6 44
4 26 4 25
7 26 7 25
17 30 16 30
43 50 43 49
14 47 14 46
39 39 39 38
11 22 11 21
6 45 5 45
16 12 16 11
24 12 24 11
3 30 2 30
32 2 31 2
19 9 19 8
7 7 6 7
18 15 17 15
2 17 2 16
2 13 2 12
28 28 27 28
47 9 46 9
24 22 24 21
3 7 2 7
48 3 47 3
44 41 43 41
35 9 35 8
36 47 36 46
22 17 22 16
23 8 23 7
29 13 29 12
39 12 38 12
13 16 12 16
13 10 13 9
37 11 36 11
35 46 34 46
17 42 17 41
5 35 5 34
23 35 22 35
22 47 21 47
43 13 42 13
25 30 24 30
3 10 3 9
10 50 9 50
33 41 32 41
7 27 6 27
14 49 14 48
16 32 16 31
14 36 14 35
8 44 8 43
5 39 4 39
35 30 35 29
2 7 1 7
8 8 7 8
48 33 48 32
30 41 30 40
34 27 33 27
7 44 6 44
15 21 15 20
44 20 44 19
39 35 39 34
48 46 48 45
29 20 28 20
32 28 32 27
48 31 48 30
6 38 5 38
21 22 21 21
22 22 22 21
18 29 17 29
8 12 8 11
36 12 36 11
4 49 4 50
42 8 42 7
19 36 18 36
17 10 16 10
25 45 24 45
27 44 27 43
34 49 34 48
43 34 43 33
6 12 6 11
11 18 11 17
32 14 31 14
17 35 17 34
32 45 32 44
8 4 7 4
31 18 31 17
14 34 13 34
49 46 50 46
19 35 19 34
41 32 40 32
42 7 42 6
31 28 31 27
38 21 38 20
26 32 25 32
6 36 5 36
31 2 30 2
46 18 46 17
22 20 22 19
22 14 22 13
16 21 15 21
42 18 41 18
14 33 14 32
44 45 44 44
38 42 38 41
13 48 13 47
36 41 35 41
40 48 39 48
15 37 14 37
22 20 21 20
47 14 47 13
50 19 49 19
21 24 20 24
47 27 46 27
36 22 35 22
8 50 8 49
4 28 4 27
21 41 20 41
23 37 22 37
16 31 15 31
29 14 28 14
23 20 23 19
8 41 7 41
13 27 12 27
46 50 46 49
20 20 20 19
41 42 40 42
41 20 41 19
16 39 16 38
49 17 49 16
23 21 23 20
12 21 12 20
15 49 15 48
29 37 28 37
38 23 37 23
27 49 27 50
24 19 24 18
22 49 22 50
25 25 25 24
23 7 23 6
8 8 8 7
26 39 25 39
20 20 20 19
19 4 19 3
48 45 47 45
42 5 42 4
36 2 36 1
28 17 27 17
18 12 18 11
11 34 11 33
44 20 44 19
35 26 35 25
45 11 45 10
18 21 17 21
38 15 38 14
13 16 12 16
23 26 22 26
26 23 25 23
5 12 5 11
13 6 13 5
34 32 33 32
44 18 43 18
34 49 33 49
12 12 11 12
19 7 19 6
40 35 39 35
12 31 11 31
43 39 43 38
6 37 6 36
44 20 44 19
12 49 11 49
23 7 22 7
11 48 10 48
14 12 13 12
8 50 8 49
15 33 15 32
45 17 45 16
19 12 18 12
19 9 18 9
28 40 27 40
45 43 45 42
45 44 44 44
38 24 37 24
40 6 39 6
33 36 32 36
23 49 23 50
30 30 29 30
27 33 26 33
30 50 29 50
19 38 18 38
3 24 2 24
2 19 1 19
2 23 2 22
15 15 15 14
41 14 41 13
8 18 7 18
44 20 43 20
31 17 31 16
29 30 29 29
13 9 12 9
40 46 40 45
49 45 48 45
6 19 6 18
31 10 31 9
5 34 4 34
35 19 35 18
25 2 25 1
13 27 12 27
7 42 7 41
20 39 19 39
27 32 26 32
28 16 28 15
8 24 7 24
36 48 36 47
50 26 49 26
31 44 30 44
40 25 40 24
37 36 36 36
35 6 34 6
14 43 13 43
36 10 36 9
26 33 26 32
11 26 11 25
7 12 7 11
37 39 36 39
26 33 25 33
20 43 19 43
25 40 24 40
32 3 32 2
46 32 45 32
7 34 7 33
2 41 2 40
6 50 5 50
27 11 27 10
49 37 48 37
48 26 47 26
4 37 3 37
31 26 30 26
2 29 1 29
49 49 49 50
47 5 46 5
37 15 36 15
49 46 48 46
2 43 2 42
15 47 14 47
36 20 36 19
37 19 36 19
35 43 35 42
33 21 32 21
18 25 18 24
33 39 32 39
24 37 24 36
41 33 41 32
3 3 3 2
44 12 44 11
16 33 16 32
20 24 19 24
34 34 33 34
8 12 7 12
47 40 47 39
42 7 41 7
21 13 21 12
18 14 17 14
39 46 38 46
8 8 8 7
6 31 5 31
46 9 46 8
28 27 28 26
4 22 4 21
42 49 42 50
48 41 48 40
39 19 38 19
18 25 18 24
22 8 22 7
15 23 14 23
25 16 25 15
44 17 44 16
7 11 6 11
6 50 5 50
12 19 11 19
42 13 41 13
37 20 37 19
35 33 34 33
7 32 6 32
12 13 11 13
48 38 47 38
30 40 29 40
46 43 46 42
13 38 13 37
27 6 27 5
41 28 41 27
2 12 1 12
49 50 49 49
6 4 6 3
31 11 31 10
20 5 19 5
33 5 32 5
5 15 4 15
39 6 39 5
8 27 8 26
10 23 9 23
4 17 4 16
5 44 4 44
3 24 3 23
7 23 6 23
21 40 21 39
7 9 7 8
15 23 14 23
29 42 29 41
43 42 42 42
50 44 49 44
45 33 45 32
37 49 36 49
12 34 12 33
34 5 33 5
27 39 26 39
19 45 18 45
13 7 12 7
3 28 2 28
16 14 16 13
20 36 20 35
31 30 31 29
4 31 4 30
44 37 44 36
3 44 3 43
22 13 22 12
8 43 7 43
32 3 32 2
18 47 18 46
20 8 20 7
27 15 26 15
28 21 27 21
8 29 8 28
42 45 42 44
30 3 29 3
22 16 22 15
23 4 23 3
36 36 35 36
1 37 1 36
5 44 4 44
8 15 7 15
10 7 9 7
16 31 15 31
35 12 34 12
6 13 5 13
35 12 34 12
43 38 42 38
28 32 28 31
37 49 37 48
2 48 1 48
33 49 33 50
15 17 14 17
32 40 31 40
36 35 35 35
50 3 49 3
24 29 23 29
16 46 16 45
22 9 22 8
7 21 6 21
32 29 32 28
10 45 10 44
16 10 16 9
38 14 38 13
13 29 12 29
18 36 17 36
41 42 41 41
24 5 23 5
26 22 25 22
20 30 19 30
39 38 39 37
49 4 48 4
12 12 11 12
42 24 42 23
34 36 34 35
39 5 39 4
14 13 13 13
35 13 34 13
14 14 13 14
14 37 14 36
22 38 21 38
13 9 12 9
7 5 7 4
50 4 49 4
33 43 32 43
20 18 19 18
49 25 49 24
42 18 41 18
32 25 31 25
4 41 3 41
39 30 38 30
5 42 4 42
20 17 20 16
37 50 37 49
9 9 8 9
25 25 24 25
39 19 39 18
33 16 32 16
13 49 12 49
34 39 33 39
23 19 22 19
25 22 24 22
1 37 1 36
12 25 12 24
1 17 1 16
47 17 47 16
47 50 47 49
44 37 44 36
25 48 25 47
37 25 36 25
6 34 5 34
13 35 12 35
8 4 8 3
30 35 30 34
19 44 19 43
30 15 29 15
31 15 31 14
32 16 32 15
27 39 26 39
33 17 32 17
26 16 26 15
14 3 14 2
5 19 5 18
26 34 25 34
8 23 7 23
23 47 23 46
35 22 34 22
42 2 41 2
13 19 13 18
12 25 12 24
40 38 40 37
32 31 31 31
24 19 23 19
43 39 43 38
26 44 25 44
23 25 23 24
13 11 12 11
11 22 11 21
39 20 39 19
10 12 10 11
47 9 46 9
11 19 10 19
16 20 16 19
47 20 47 19
27 21 26 21
19 31 19 30
43 4 43 3
29 7 28 7
31 9 31 8
38 22 38 21
46 5 46 4
26 40 26 39
33 9 32 9
13 17 13 16
45 18 45 17
19 37 18 37
8 40 7 40
43 49 43 50
45 4 45 3
49 48 48 48
10 22 10 21
45 2 45 1
35 5 34 5
46 18 46 17
27 41 27 40
29 47 28 47
10 6 9 6
22 6 21 6
35 31 34 31
4 22 3 22
46 49 46 48
28 2 28 1
36 49 36 48
8 25 7 25
31 31 30 31
21 45 21 44
9 45 8 45
44 10 44 9
48 12 47 12
2 35 2 34
43 5 43 4
17 12 16 12
41 25 41 24
27 19 26 19
19 34 19 33
4 46 3 46
43 4 42 4
14 35 13 35
9 13 9 12
35 50 34 50
12 32 11 32
37 10 36 10
7 8 7 7
49 14 50 14
49 23 49 22
44 9 44 8
21 39 21 38
31 7 30 7
7 9 6 9
47 12 47 11
3 4 3 3
22 45 21 45
26 29 26 28
22 18 21 18
45 27 45 26
50 13 49 13
14 19 14 18
39 50 38 50
18 47 17 47
22 35 21 35
10 21 10 20
44 28 43 28
25 32 24 32
33 36 33 35
41 19 41 18
6 11 5 11
36 1 35 1
48 11 48 10
11 28 10 28
8 25 7 25
39 6 39 5
37 35 36 35
43 10 42 10
27 18 27 17
39 12 39 11
19 2 18 2
5 32 4 32
14 47 13 47
15 9 15 8
37 12 36 12
6 44 5 44
45 5 45 4
45 38 45 37
4 20 4 19
2 16 2 15
25 22 24 22
3 31 3 30
29 2 28 2
47 25 46 25
41 3 41 2
33 17 32 17
24 5 24 4
40 43 39 43
31 24 31 23
22 37 21 37
27 42 26 42
18 28 18 27
41 9 40 9
26 36 25 36
47 22 47 21
48 44 48 43
45 22 45 21
4 45 4 44
15 5 14 5
41 15 40 15
28 12 28 11
19 42 18 42
30 1 29 1
42 49 41 49
22 20 21 20
26 27 25 27
5 23 5 22
23 9 22 9
33 50 33 49
39 33 38 33
50 38 50 37
44 33 43 33
46 18 46 17
21 11 21 10
3 39 3 38
36 23 35 23
23 33 23 32
1 31 1 30
44 17 44 16
40 39 39 39
4 45 4 44
44 37 44 36
49 10 48 10
14 38 14 37
25 38 25 37
16 22 16 21
21 28 21 27
49 8 48 8
25 23 25 22
1 44 1 43
45 35 44 35
34 46 34 45
10 42 10 41
46 6 46 5
3 11 2 11
42 2 42 1
10 34 9 34
36 18 35 18
9 39 8 39
12 36 11 36
46 13 45 13
35 18 34 18
16 50 16 49
18 30 17 30
44 32 44 31
16 47 16 46
38 18 38 17
10 20 9 20
11 9 11 8
50 32 50 31
37 38 37 37
39 8 38 8
20 19 20 18
25 36 24 36
22 6 21 6
8 7 8 6
41 7 41 6
25 23 24 23
13 22 13 21
29 7 29 6
2 18 1 18
11 8 10 8
5 42 5 41
1 23 1 22
2 19 1 19
35 34 35 33
18 19 18 18
33 16 33 15
46 46 46 45
2 13 1 13
4 29 3 29
28 38 27 38
42 35 41 35
21 11 20 11
31 9 30 9
6 24 6 23
5 23 5 22
2 5 1 5
24 17 23 17
15 10 14 10
8 20 8 19
26 49 25 49
35 12 34 12
14 30 14 29
16 21 16 20
33 11 32 11
9 24 8 24
37 32 37 31
27 23 27 22
40 47 40 46
4 8 3 8
14 48 14 47
16 25 16 24
24 49 24 48
30 47 30 46
4 3 3 3
49 27 50 27
11 9 11 8
34 8 33 8
26 45 25 45
2 27 2 26
28 32 27 32
2 19 2 18
42 27 42 26
4 47 3 47
49 18 50 18
11 18 10 18
46 36 45 36
17 1 16 1
29 12 28 12
34 21 34 20
48 34 48 33
45 33 44 33
44 4 44 3
