50 50 9 1000
7 7 6 5 3 7 7 4 8 2 4 6 8 9 6 9 7 7 2 1 4 3 1 7 9 7 7 8 4 2 2 4 3 3 2 6 2 7 8 7 7 1 9 2 2 5 6 3 4 3
5 3 1 3 9 1 6 1 3 1 2 7 5 7 4 2 2 7 4 2 9 7 7 1 9 8 1 8 7 5 5 8 5 3 5 6 2 1 4 9 8 6 4 1 3 3 6 8 1 2
9 2 7 7 6 8 8 9 3 4 3 2 7 9 2 5 6 8 9 3 9 3 5 6 5 8 7 5 1 4 8 9 3 1 7 9 9 2 9 2 6 4 1 9 9 8 5 4 1 3
2 4 2 9 7 4 9 8 6 5 4 7 8 7 9 3 9 7 2 2 4 5 7 9 7 9 5 3 5 5 6 8 4 1 9 6 4 1 6 7 1 2 1 1 8 3 1 2 2 9
8 4 9 9 5 8 3 2 6 4 2 9 8 9 1 5 3 4 9 2 3 8 3 7 8 3 1 3 8 6 8 3 8 6 8 6 2 2 1 5 6 3 7 5 5 9 4 4 5 7
7 7 6 1 7 9 5 9 8 5 5 9 4 8 3 4 1 3 7 9 2 9 1 2 3 4 5 2 8 9 2 9 4 4 2 1 5 4 6 6 9 9 3 2 6 5 3 1 2 7
1 7 3 9 9 5 2 8 2 5 9 5 6 1 3 3 1 9 5 3 5 3 3 2 6 5 2 3 9 2 6 5 9 5 6 6 7 5 8 7 9 8 8 6 2 1 4 2 3 5
1 4 2 2 8 7 6 2 6 4 6 9 7 7 4 5 5 1 8 7 2 7 2 1 6 1 6 4 8 9 8 5 5 8 2 8 2 7 7 8 6 2 5 9 1 8 9 2 3 3
6 8 2 6 5 9 4 6 2 8 4 9 6 6 1 4 9 9 4 2 1 1 6 7 5 8 4 3 4 2 3 9 3 6 2 4 1 1 7 4 8 6 3 3 4 8 5 4 9 4
9 1 4 4 8 8 6 5 9 4 4 1 6 3 5 6 5 9 2 7 7 3 9 8 9 9 1 6 5 5 7 2 1 7 4 2 4 7 1 2 6 9 7 9 3 9 3 7 7 9
1 2 8 8 9 8 4 7 1 3 6 4 5 4 7 1 9 6 3 5 8 9 2 4 6 5 4 6 7 3 4 1 2 9 1 7 2 8 7 2 9 7 8 3 1 3 1 9 5 6
6 2 9 7 1 9 1 5 9 7 1 7 6 1 1 9 1 9 4 5 7 8 6 9 1 7 9 2 3 1 5 2 3 4 8 7 9 9 6 3 2 4 7 4 9 8 9 8 9 6
9 6 9 4 3 4 5 1 2 2 5 7 3 5 2 8 3 4 8 6 4 2 8 4 3 7 2 9 9 4 8 5 6 6 2 1 7 4 7 2 2 7 6 5 7 4 9 9 4 5
4 1 8 8 2 5 4 1 8 1 2 1 2 4 5 6 5 9 6 5 8 4 1 5 1 9 3 7 2 3 6 1 1 8 7 1 6 7 2 5 5 6 6 7 8 8 2 3 3 7
4 2 8 1 5 6 7 8 3 4 6 5 5 3 1 2 1 5 9 6 5 2 9 9 5 3 3 6 5 7 1 1 4 8 4 8 6 9 5 6 2 5 7 1 9 3 1 8 6 5
1 9 7 4 9 3 7 2 2 8 6 2 6 8 6 9 9 8 6 3 4 2 8 8 3 6 1 2 2 9 2 4 7 7 1 1 9 9 3 7 3 9 3 2 6 5 4 6 8 4
8 9 1 7 1 7 2 6 1 2 1 2 4 8 7 6 5 9 2 7 2 7 2 8 8 6 7 3 3 5 3 4 9 8 8 2 3 3 1 1 9 2 5 6 7 1 9 9 5 7
6 7 9 2 7 5 5 4 1 7 9 9 3 4 7 4 2 6 5 1 3 9 4 4 2 1 3 2 3 3 9 9 2 2 4 1 6 7 1 6 7 1 2 4 1 4 6 2 2 9
6 7 1 6 7 9 6 1 4 5 9 1 9 5 5 9 7 7 4 3 5 6 1 6 1 2 5 3 7 4 2 8 5 2 8 8 3 6 4 5 4 8 2 4 7 6 4 7 3 9
8 9 6 8 1 1 4 5 6 2 5 5 4 6 4 1 5 4 5 9 6 9 4 1 8 8 7 3 7 3 4 4 8 9 5 2 5 6 7 7 1 4 8 9 8 3 3 1 4 4
3 3 9 2 4 6 2 5 5 9 8 9 1 4 3 8 9 5 9 6 4 1 5 1 1 6 7 8 4 3 1 1 7 3 5 6 8 4 4 2 3 7 8 2 4 9 1 9 2 3
1 2 2 7 4 6 7 3 8 6 7 2 9 4 8 8 4 5 3 3 8 2 2 7 8 6 2 7 1 9 9 4 7 2 9 1 3 8 8 2 8 6 9 8 5 4 3 7 9 3
8 2 5 2 6 3 8 6 4 9 8 8 4 5 9 7 4 2 9 6 6 9 8 8 9 3 3 1 3 4 6 7 2 6 4 8 7 4 5 7 6 7 2 8 4 6 1 9 8 1
5 6 9 8 5 1 6 2 3 4 8 2 2 4 6 8 1 5 1 8 1 3 4 3 5 5 8 7 8 8 3 2 7 4 7 2 4 9 4 1 6 5 6 5 8 8 6 2 4 1
9 2 8 7 6 4 9 3 7 5 3 4 3 2 2 3 9 8 9 8 9 9 1 1 9 3 9 6 6 4 5 5 8 9 7 7 2 6 4 8 8 4 4 7 1 3 7 3 2 3
3 6 8 2 7 4 8 6 9 1 2 4 5 3 2 8 7 6 6 4 6 5 6 3 5 5 8 6 8 5 3 2 7 3 1 3 3 1 6 2 2 7 9 6 1 9 4 7 2 4
9 6 5 8 1 8 6 2 4 5 9 5 1 5 5 8 6 3 8 2 3 9 1 4 4 9 4 9 6 1 3 5 3 5 7 6 3 9 4 5 1 4 3 7 7 9 8 4 7 3
2 3 9 7 4 4 7 4 5 8 2 8 9 9 1 4 4 5 7 1 7 9 3 1 6 1 9 3 3 1 1 6 5 5 8 7 5 4 9 8 2 4 9 2 5 2 6 1 7 2
3 7 8 2 2 8 1 8 5 4 5 9 2 4 9 9 2 8 6 1 3 5 8 3 3 6 5 2 9 7 8 8 3 7 4 6 9 4 5 6 6 7 4 1 3 2 4 1 4 3
8 8 7 6 7 1 2 5 8 1 1 5 2 8 7 5 5 4 3 7 7 1 6 7 1 2 6 1 9 4 5 4 2 1 1 5 9 2 1 8 5 1 6 8 7 4 6 8 8 4
8 4 8 9 7 9 5 6 9 8 5 5 6 1 3 5 2 8 2 7 1 7 2 9 3 4 3 8 3 5 2 4 3 8 8 7 8 8 2 1 8 9 5 8 3 7 6 4 2 4
2 7 7 2 6 5 2 2 1 5 3 1 7 6 6 8 8 4 4 1 1 9 6 6 4 4 2 4 2 9 9 2 1 5 5 8 1 1 7 2 9 1 6 5 6 4 4 3 4 2
1 2 5 4 2 1 8 4 5 6 7 3 4 1 5 8 5 8 9 7 3 5 1 8 1 2 8 4 7 2 5 2 9 7 5 7 1 9 9 8 2 2 7 7 4 4 2 5 6 6
3 4 9 6 6 2 5 1 7 9 4 8 5 1 3 4 3 3 4 3 8 2 9 5 4 3 6 9 7 1 8 6 8 2 8 5 8 7 6 1 4 6 3 8 7 5 7 1 1 2
7 4 7 5 8 8 9 9 3 5 5 4 7 4 9 9 5 7 5 7 6 8 9 9 5 7 1 7 9 5 2 9 8 5 7 7 8 3 1 9 8 8 9 5 9 4 1 1 3 1
6 2 4 6 2 7 9 3 7 8 6 3 1 7 8 5 2 2 6 7 6 4 1 6 2 4 1 1 8 4 7 3 4 7 7 1 3 7 5 1 1 5 9 6 1 8 5 5 2 2
8 3 2 1 5 5 4 6 7 5 8 2 9 9 4 7 1 5 2 6 7 6 4 4 2 4 7 5 4 7 6 1 1 3 9 5 9 5 3 5 5 3 5 2 3 6 3 1 7 9
5 4 3 3 7 3 3 8 1 9 6 5 5 4 2 7 7 6 9 2 2 9 3 5 8 8 7 9 2 1 8 5 4 2 8 9 2 3 3 7 9 8 2 7 3 6 4 5 5 4
6 3 7 9 7 6 9 9 8 3 1 3 6 2 9 8 8 4 3 9 4 7 2 6 3 9 6 5 9 8 6 3 5 1 1 9 3 6 4 7 9 5 4 7 9 5 8 3 2 5
7 4 1 2 1 3 1 1 5 5 8 6 3 4 5 1 3 9 5 6 3 2 2 9 4 7 2 2 7 1 1 7 6 9 8 5 9 1 8 6 4 9 3 2 5 2 9 6 7 6
2 9 2 9 7 7 3 3 2 9 2 1 2 4 8 9 5 9 1 5 6 1 5 7 8 1 6 2 2 1 3 4 6 6 2 2 7 2 9 4 8 7 8 1 2 4 2 7 5 7
5 8 6 9 5 6 8 5 7 8 1 9 6 8 3 9 4 1 6 1 5 1 5 5 4 1 6 1 9 3 9 7 4 8 9 8 4 2 1 8 1 6 7 7 5 7 2 2 5 1
1 3 1 8 3 6 9 5 4 3 3 5 2 4 8 8 9 6 7 4 2 6 8 1 7 8 9 3 9 6 5 7 8 4 1 9 9 7 3 7 5 3 7 6 2 7 6 1 2 9
1 6 2 9 4 2 9 4 3 9 9 5 5 3 5 3 8 7 9 9 4 2 2 8 8 1 3 7 5 2 1 3 4 1 4 7 7 9 3 4 9 7 6 5 5 8 2 7 8 1
4 1 6 7 7 1 1 3 5 7 5 9 6 8 5 4 7 8 2 4 7 6 5 3 1 9 8 2 3 3 5 8 6 2 6 7 2 6 6 4 7 9 6 3 5 6 7 7 4 5
3 2 4 1 8 7 7 8 5 8 5 9 7 6 4 2 6 8 7 5 2 4 8 2 8 7 5 6 7 7 1 3 6 2 1 2 9 6 3 5 7 4 1 5 9 2 1 4 7 8
2 9 2 1 6 6 7 7 2 7 9 3 7 4 2 8 9 9 6 7 9 6 2 5 2 6 5 1 5 2 3 5 2 3 2 1 1 2 1 3 2 6 6 4 8 6 3 3 8 5
8 7 8 3 1 2 4 4 7 6 9 8 5 2 2 5 5 8 2 3 8 5 5 4 7 5 9 2 4 1 3 6 5 9 9 2 8 7 4 9 2 6 6 3 5 3 4 6 3 3
3 1 7 5 7 1 3 5 5 1 5 7 8 4 6 7 3 8 2 7 9 8 2 5 2 8 1 4 1 7 4 6 3 5 7 2 4 4 6 2 4 5 5 3 1 8 9 7 8 1
1 6 1 6 4 8 9 6 2 1 3 3 5 7 1 7 3 3 5 1 4 9 9 1 8 7 6 2 8 5 9 7 4 9 5 6 7 2 6 7 4 5 5 4 7 3 1 5 7 3
0 0 0 0 0 0 0 0 0 0 0 0 0 0 0 0 0 0 0 0 0 0 0 0 0 0 0 0 0 0 0 0 0 0 0 0 0 0 0 0 0 0 0 0 0 0 0 0 0 0
0 0 0 0 0 0 0 0 0 0 0 0 0 0 0 0 0 0 0 0 0 0 0 0 0 0 0 5 0 0 0 0 0 0 0 0 0 0 0 0 0 0 0 0 0 0 0 0 0 0
0 0 0 0 0 0 0 0 0 0 0 0 0 0 0 0 0 0 0 0 0 0 0 0 0 0 0 0 0 0 0 0 0 0 0 0 0 0 0 0 0 0 0 0 0 0 0 0 0 0
0 0 0 0 0 0 0 0 0 0 0 0 0 0 0 0 0 0 0 0 0 0 0 0 0 0 0 0 0 0 0 0 0 0 0 0 0 0 0 0 0 0 0 0 0 0 0 0 0 0
0 0 0 0 0 0 0 0 0 0 0 0 0 0 0 0 0 0 0 0 0 0 0 0 0 0 0 0 0 0 0 0 0 0 0 0 0 0 0 0 0 0 0 0 0 0 0 0 0 0
0 0 0 0 0 0 0 0 0 0 0 0 0 0 0 0 0 0 0 0 0 0 0 0 0 0 0 0 0 0 0 0 0 0 0 0 0 0 0 0 0 0 0 0 0 0 0 0 0 0
0 0 0 0 0 0 0 0 0 0 0 0 0 0 0 0 0 0 0 0 0 0 0 0 0 0 0 0 0 0 0 0 0 0 0 0 0 0 0 0 0 0 0 0 0 0 0 0 0 0
0 0 0 0 0 0 0 0 0 0 0 0 0 0 0 0 0 0 0 0 0 0 0 0 0 0 0 0 0 0 0 0 0 0 0 0 0 0 0 0 0 0 0 0 0 0 0 0 0 0
0 0 0 0 0 0 0 0 0 0 0 0 0 0 0 0 0 0 0 0 0 0 0 0 0 0 0 0 0 0 0 0 0 0 0 0 0 0 0 0 0 0 0 0 0 0 0 0 0 0
0 0 0 0 0 0 0 0 0 0 0 0 0 0 0 0 0 0 0 0 0 0 0 0 0 0 0 0 0 0 0 0 0 0 0 0 0 0 0 0 2 0 0 0 0 0 0 0 0 0
0 0 0 0 0 0 0 0 0 0 0 0 0 0 0 0 0 0 0 0 0 0 0 0 0 0 0 0 0 0 0 0 0 0 0 0 0 0 0 0 0 0 0 0 0 0 0 0 0 0
0 0 0 0 0 0 0 0 0 0 0 0 0 0 0 0 0 0 0 0 0 0 0 0 0 0 2 0 0 0 0 0 0 0 0 0 0 0 0 0 0 0 0 0 0 0 0 0 0 0
0 0 0 0 0 0 0 0 0 0 0 0 0 0 0 0 0 0 0 0 0 0 0 0 0 0 0 0 0 0 0 0 0 0 0 0 0 0 0 0 0 0 0 0 0 0 0 0 0 0
0 0 0 0 0 0 0 0 0 0 0 0 0 0 0 0 0 0 0 0 0 0 0 0 0 0 0 0 0 0 0 0 0 0 0 0 0 0 0 0 0 0 0 0 0 0 0 0 0 0
0 0 0 0 0 0 0 0 0 0 0 0 0 0 0 0 0 0 0 0 0 0 0 0 0 0 0 0 0 0 0 0 0 0 0 0 0 0 0 0 0 0 0 0 0 0 0 0 0 0
0 0 0 0 0 0 0 0 0 0 0 0 0 0 0 0 0 0 0 0 0 0 0 0 0 0 0 0 0 0 0 0 0 0 0 0 0 0 0 0 0 0 0 0 0 0 0 0 0 0
0 0 0 0 0 0 0 0 0 0 0 0 0 0 0 0 0 0 0 0 0 0 0 0 0 0 0 0 0 0 0 0 0 0 0 0 0 0 0 0 0 0 0 0 0 0 0 0 0 0
0 0 0 0 0 0 0 0 0 0 0 0 0 0 0 0 0 0 0 0 0 0 0 0 0 0 0 0 0 0 0 0 0 0 0 0 0 0 0 0 0 0 0 0 0 0 0 0 0 0
0 0 0 0 0 0 0 0 0 0 0 6 0 0 0 0 0 0 0 0 0 0 0 0 0 0 0 0 0 0 0 0 0 0 0 0 0 0 0 0 0 0 0 0 0 0 0 0 0 0
0 0 0 0 0 0 0 0 0 0 0 0 0 0 0 0 0 0 0 0 0 0 0 0 0 0 0 0 0 0 0 0 0 0 0 0 0 0 0 0 0 0 0 0 0 0 0 0 0 0
0 0 0 0 0 0 0 0 0 0 0 0 0 0 0 0 0 0 0 0 0 0 0 0 0 0 0 0 0 0 0 0 0 0 0 0 0 0 0 0 0 0 0 0 0 0 0 0 0 0
0 0 0 0 0 0 0 0 0 0 0 0 0 0 0 0 0 0 0 0 0 0 0 0 0 0 0 0 0 0 0 0 0 0 0 0 0 0 0 0 0 0 0 0 0 0 0 0 0 0
0 0 0 0 0 0 0 0 0 0 0 0 0 0 3 0 0 0 0 0 0 0 0 0 0 0 0 0 0 0 0 0 0 0 0 0 0 0 0 0 0 0 0 0 0 0 0 0 0 0
0 0 0 0 0 0 0 0 0 0 0 0 0 0 0 0 0 0 0 0 0 0 0 0 0 0 0 0 0 0 0 0 0 0 0 0 0 0 0 0 0 0 0 0 0 0 0 0 0 0
0 0 0 0 0 0 0 0 0 0 0 0 0 0 0 0 0 0 0 0 0 0 0 0 0 0 0 0 0 0 0 0 0 0 0 0 0 0 0 0 0 0 0 0 0 0 0 0 0 0
0 0 0 0 0 0 0 0 0 0 0 0 0 0 0 0 0 0 0 0 0 0 0 0 0 0 0 0 0 0 0 0 0 0 0 0 0 0 0 0 0 0 1 0 0 0 0 0 0 0
0 0 0 0 0 0 0 5 0 0 0 0 0 0 0 0 0 0 0 0 0 0 0 0 0 0 0 0 0 0 0 0 0 0 0 0 0 0 0 0 0 0 0 0 0 0 0 0 0 0
0 0 0 0 0 0 0 0 0 0 0 0 0 0 0 0 0 0 0 0 0 0 0 0 0 0 0 0 0 0 0 0 0 0 0 0 0 0 0 5 0 0 0 0 0 0 0 0 0 0
0 0 0 0 0 0 0 0 0 0 0 0 0 0 0 0 0 0 0 0 0 0 0 0 0 0 0 0 0 0 0 0 0 0 0 0 0 0 0 0 0 0 0 0 0 0 0 0 0 0
0 0 0 0 0 0 0 0 0 0 0 0 0 0 0 0 0 0 0 0 0 0 0 4 0 0 0 0 4 0 0 0 0 0 0 0 0 0 0 0 0 0 0 0 0 0 0 0 0 0
0 0 0 0 0 0 0 0 0 0 0 0 0 0 4 0 0 0 0 0 0 0 0 0 0 0 0 0 0 0 0 0 0 0 0 0 0 0 0 0 0 0 0 0 0 0 0 0 0 0
0 0 0 0 0 0 0 0 0 0 0 0 0 0 0 0 0 0 0 0 0 0 0 0 0 0 0 0 0 0 0 0 0 0 0 0 0 0 0 0 0 0 0 0 0 0 0 0 0 0
0 0 0 0 0 0 0 0 0 0 0 0 0 0 0 0 0 0 0 0 0 0 0 0 0 0 0 0 0 0 0 0 0 0 0 3 0 0 0 0 0 0 0 0 0 0 0 0 0 0
0 0 0 0 0 0 0 0 0 0 0 0 0 0 0 0 0 0 1 0 0 0 0 0 0 0 0 0 0 0 0 0 0 0 0 0 0 0 0 0 0 0 0 0 0 0 2 0 0 0
0 0 0 0 0 0 0 0 0 0 0 0 0 0 0 0 0 0 0 0 0 0 0 0 0 0 0 0 0 0 0 0 0 0 0 0 0 0 0 0 0 0 0 0 0 0 0 0 0 0
0 0 0 0 0 0 0 0 0 0 0 0 0 0 0 0 0 0 0 0 0 0 1 0 0 0 0 0 0 0 0 0 0 0 0 0 0 0 0 0 0 0 0 0 0 0 0 0 0 0
0 0 0 0 0 0 0 0 0 0 0 0 0 0 0 0 0 0 0 0 0 0 0 0 0 0 0 0 0 0 0 0 0 0 0 0 0 0 0 0 0 0 0 0 0 0 0 0 0 0
0 0 0 0 0 0 0 0 0 0 0 0 0 0 0 0 0 0 0 0 0 0 0 0 0 0 0 0 0 0 0 0 0 0 0 0 0 0 0 0 0 0 0 0 0 0 0 0 0 0
0 0 0 0 0 0 0 0 0 0 0 0 0 0 0 0 0 0 0 0 0 0 0 0 0 0 0 0 0 0 0 0 0 0 0 0 0 0 0 0 0 0 0 0 0 0 0 0 0 0
0 0 0 0 0 0 0 0 0 0 0 0 0 0 0 0 0 0 0 0 0 0 0 0 0 0 0 0 0 0 0 0 0 0 0 0 0 0 0 0 0 0 0 0 0 0 0 0 0 0
0 0 0 0 0 0 0 0 0 0 0 0 0 0 0 0 0 0 0 0 0 0 0 0 0 0 0 0 0 0 0 0 0 0 0 0 0 0 0 0 0 0 0 0 0 0 0 0 0 0
0 0 0 0 0 0 0 0 0 0 0 0 0 0 0 0 0 0 0 0 0 0 0 0 0 0 0 0 0 0 0 0 0 0 0 0 0 0 0 0 0 0 0 0 0 0 0 0 0 0
0 0 0 0 0 0 0 0 0 0 0 0 0 0 0 0 0 0 0 0 0 0 0 0 0 0 0 0 0 0 0 0 0 0 0 0 0 0 0 0 0 0 0 0 0 0 0 0 0 0
0 0 0 0 0 0 0 0 0 0 0 0 0 0 0 0 0 0 0 0 0 0 0 0 0 0 0 0 0 0 0 0 0 0 0 0 0 0 0 0 0 0 0 0 0 0 0 0 0 0
0 0 0 0 0 0 0 0 0 0 0 0 0 0 0 0 0 0 0 0 0 0 0 0 0 0 0 0 0 0 0 0 0 0 0 0 0 0 0 0 0 0 0 0 0 0 0 0 0 0
0 0 0 0 0 0 0 0 0 0 0 0 0 0 0 0 0 0 0 0 0 0 0 0 0 0 0 0 0 0 0 0 0 0 0 0 0 0 0 0 0 3 0 0 0 0 0 0 0 0
0 0 0 0 0 0 0 0 0 0 0 0 0 0 0 0 0 0 0 0 0 0 0 0 0 0 0 0 0 0 0 0 0 0 0 0 0 0 0 0 0 0 0 0 0 0 0 0 0 0
0 0 0 0 0 0 0 0 0 0 0 0 0 0 0 6 0 0 0 0 0 0 0 0 0 0 0 0 0 0 0 0 0 0 0 0 0 0 0 0 0 0 0 0 0 0 0 0 0 0
0 0 0 0 0 0 0 0 0 0 0 0 0 0 0 0 0 0 0 0 0 0 0 0 0 0 0 0 0 0 0 0 0 0 0 0 0 0 0 0 0 0 0 0 0 0 0 6 0 0
0 0 0 0 0 0 0 0 0 0 0 0 0 0 0 0 0 0 0 0 0 0 0 0 0 0 0 0 0 0 0 0 0 0 0 0 0 0 0 0 0 0 0 0 0 0 0 0 0 0
12 14 12 13
4 29 4 28
2 22 1 22
38 46 37 46
4 41 4 40
46 50 46 49
50 15 50 14
25 5 24 5
13 35 13 34
44 1 43 1
5 33 4 33
49 44 48 44
14 32 13 32
24 21 24 20
2 21 1 21
42 44 42 43
18 20 18 19
24 17 23 17
46 20 45 20
30 29 29 29
2 28 2 27
33 23 32 23
8 20 8 19
16 31 15 31
9 7 9 6
2 35 1 35
30 11 29 11
21 8 21 7
26 19 26 18
20 50 20 49
36 6 35 6
15 21 14 21
16 50 16 49
25 37 25 36
2 2 1 2
15 2 14 2
26 22 26 21
2 26 1 26
21 26 20 26
42 27 42 26
35 39 35 38
32 10 32 9
15 17 14 17
19 27 18 27
29 26 28 26
7 29 7 28
28 7 27 7
37 24 36 24
50 32 49 32
46 7 46 6
29 21 29 20
24 13 24 12
19 11 18 11
8 47 7 47
44 6 43 6
49 41 50 41
4 9 4 8
35 35 34 35
5 39 5 38
9 43 8 43
12 33 12 32
13 50 13 49
35 20 35 19
49 32 49 31
26 13 25 13
34 8 33 8
29 41 29 40
17 8 16 8
11 7 11 6
33 44 32 44
33 17 32 17
43 49 43 48
46 47 46 46
42 44 41 44
35 45 35 44
16 4 15 4
42 38 41 38
29 7 28 7
15 28 15 27
14 15 13 15
22 10 21 10
36 7 36 6
2 30 2 29
6 25 6 24
33 11 33 10
11 11 11 10
22 33 21 33
22 29 22 28
44 7 43 7
47 1 46 1
14 10 13 10
26 26 25 26
10 8 10 7
26 14 25 14
4 16 3 16
22 2 21 2
21 21 20 21
49 37 49 36
7 14 7 13
3 34 3 33
38 46 37 46
38 44 37 44
35 13 35 12
5 49 4 49
24 33 24 32
41 11 40 11
41 2 40 2
31 36 31 35
30 33 29 33
11 32 11 31
9 45 8 45
47 29 46 29
10 32 9 32
1 27 1 26
2 11 1 11
36 11 36 10
43 46 42 46
35 14 35 13
2 16 1 16
36 49 36 50
37 40 36 40
28 31 27 31
21 42 21 41
7 30 6 30
5 23 5 22
48 5 47 5
22 28 22 27
28 47 27 47
11 4 10 4
41 20 40 20
29 5 28 5
26 27 26 26
49 36 50 36
24 27 23 27
9 26 8 26
40 29 39 29
27 16 26 16
17 9 17 8
16 47 16 46
17 47 17 46
26 11 25 11
12 46 11 46
12 47 11 47
27 26 27 25
32 2 31 2
4 4 4 3
22 32 21 32
48 31 48 30
23 9 22 9
11 40 11 39
44 46 44 45
25 28 25 27
22 47 21 47
50 24 50 23
9 42 9 41
21 20 21 19
8 18 7 18
24 19 23 19
5 36 5 35
16 44 15 44
22 7 22 6
42 29 41 29
31 5 31 4
37 9 37 8
17 46 17 45
5 44 5 43
17 40 17 39
48 19 48 18
18 25 17 25
3 17 2 17
8 11 7 11
37 27 36 27
12 10 12 9
17 27 16 27
47 15 47 14
33 3 32 3
5 35 5 34
42 26 42 25
11 11 11 10
49 24 50 24
46 47 45 47
37 32 37 31
38 41 38 40
26 25 26 24
13 16 12 16
47 11 47 10
24 16 23 16
6 30 5 30
35 15 34 15
38 37 38 36
49 17 49 16
29 46 28 46
43 35 42 35
33 33 33 32
42 31 41 31
24 47 24 46
4 3 3 3
33 40 32 40
4 2 3 2
6 19 6 18
14 3 13 3
27 39 27 38
2 47 2 46
18 18 18 17
34 50 34 49
15 43 15 42
28 5 27 5
45 30 44 30
1 3 1 2
7 23 6 23
39 45 39 44
29 41 29 40
17 30 17 29
34 38 34 37
35 50 34 50
38 38 37 38
24 47 24 46
3 4 3 3
13 18 13 17
40 18 39 18
21 26 20 26
6 48 6 47
3 47 2 47
14 36 14 35
19 23 19 22
28 45 27 45
29 40 28 40
16 48 16 47
2 18 1 18
30 25 30 24
47 2 46 2
16 42 16 41
9 6 9 5
17 11 17 10
38 36 38 35
47 37 46 37
9 41 9 40
16 44 15 44
3 4 3 3
41 49 41 48
7 29 6 29
49 19 49 18
36 45 36 44
9 20 9 19
9 38 9 37
19 9 18 9
45 2 44 2
30 25 30 24
28 29 27 29
30 26 29 26
42 41 42 40
10 7 10 6
11 23 11 22
50 28 50 27
25 21 25 20
26 4 25 4
17 9 16 9
41 44 40 44
36 36 35 36
28 50 28 49
21 43 21 42
12 13 11 13
39 43 39 42
33 3 33 2
29 10 29 9
41 15 41 14
23 20 22 20
44 8 44 7
2 25 1 25
7 36 6 36
7 4 6 4
29 31 29 30
38 17 38 16
22 34 21 34
7 22 6 22
2 1 1 1
8 8 8 7
31 7 30 7
34 48 34 47
10 44 9 44
27 26 27 25
39 43 39 42
10 38 10 37
38 23 38 22
26 47 25 47
31 38 31 37
33 15 33 14
20 10 20 9
7 35 6 35
38 3 37 3
12 29 12 28
21 9 20 9
20 11 20 10
12 21 12 20
5 16 5 15
5 5 4 5
32 41 32 40
1 34 1 33
49 28 50 28
30 43 30 42
28 42 28 41
11 44 11 43
46 19 46 18
40 31 39 31
16 25 16 24
15 17 14 17
13 15 13 14
13 21 13 20
22 49 21 49
19 11 18 11
37 27 36 27
11 20 10 20
38 44 37 44
35 21 35 20
31 27 30 27
2 38 2 37
32 24 32 23
41 29 40 29
49 37 50 37
47 9 46 9
15 50 14 50
3 24 2 24
12 27 12 26
34 48 33 48
6 20 5 20
49 19 49 18
4 47 4 46
31 44 30 44
27 15 26 15
11 14 11 13
13 12 12 12
39 49 38 49
32 29 32 28
14 41 14 40
5 21 5 20
28 6 28 5
9 6 8 6
11 5 10 5
30 26 29 26
34 30 33 30
22 21 21 21
10 48 10 47
50 16 49 16
9 24 9 23
28 5 27 5
15 25 15 24
10 1 9 1
10 49 10 48
30 18 29 18
11 37 11 36
24 44 24 43
47 39 47 38
29 42 29 41
24 2 24 1
13 43 12 43
34 4 34 3
21 45 20 45
41 48 40 48
40 15 40 14
6 29 6 28
19 10 18 10
15 47 14 47
11 7 11 6
20 40 19 40
11 17 11 16
31 46 31 45
16 38 16 37
44 21 43 21
12 17 11 17
21 33 20 33
36 7 35 7
41 4 41 3
42 43 42 42
31 19 30 19
34 41 33 41
20 23 19 23
13 12 12 12
38 22 38 21
47 9 47 8
29 46 28 46
23 35 22 35
35 45 35 44
23 22 23 21
31 4 30 4
35 6 34 6
20 29 19 29
42 43 41 43
30 24 30 23
31 8 31 7
25 32 25 31
41 16 41 15
16 24 15 24
19 10 19 9
39 6 39 5
46 35 46 34
48 25 48 24
43 31 42 31
26 37 25 37
42 44 41 44
4 17 4 16
32 2 32 1
44 4 43 4
3 16 2 16
38 41 38 40
3 49 3 48
30 4 30 3
32 33 32 32
40 49 39 49
14 28 14 27
13 24 13 23
5 40 5 39
6 45 6 44
30 7 29 7
15 11 14 11
12 24 12 23
44 7 43 7
26 25 26 24
33 45 32 45
10 27 9 27
33 13 33 12
18 7 17 7
34 42 34 41
30 11 29 11
11 19 11 18
15 7 15 6
5 4 5 3
47 10 47 9
39 18 38 18
14 22 13 22
7 13 6 13
6 6 6 5
35 6 34 6
34 19 33 19
32 50 32 49
11 32 11 31
4 11 3 11
26 33 26 32
3 27 2 27
18 29 17 29
30 11 29 11
24 42 23 42
10 35 9 35
27 49 27 50
15 1 14 1
23 15 22 15
22 33 21 33
39 46 39 45
49 40 49 39
28 2 27 2
30 49 30 48
37 18 37 17
42 46 41 46
45 10 45 9
29 24 28 24
23 2 23 1
50 9 49 9
46 41 45 41
16 29 16 28
39 50 39 49
25 48 24 48
22 15 22 14
50 32 50 31
39 27 39 26
15 28 15 27
10 24 9 24
39 17 39 16
49 12 49 11
16 36 16 35
28 32 27 32
39 44 39 43
34 27 34 26
45 11 45 10
47 7 46 7
21 3 21 2
23 35 23 34
15 38 14 38
36 29 36 28
41 3 41 2
12 14 11 14
3 40 2 40
17 40 16 40
39 49 39 50
45 1 44 1
18 29 18 28
3 25 2 25
10 11 9 11
16 28 15 28
44 3 44 2
43 30 42 30
38 50 37 50
19 18 19 17
1 9 1 8
26 10 25 10
4 17 3 17
6 32 6 31
21 14 21 13
27 45 26 45
24 12 24 11
10 1 9 1
7 30 7 29
43 26 43 25
43 8 42 8
49 49 49 48
19 20 18 20
47 8 46 8
34 22 33 22
11 26 10 26
8 23 8 22
35 31 35 30
37 36 36 36
16 19 16 18
49 38 50 38
7 42 6 42
15 46 14 46
21 42 21 41
5 35 4 35
50 9 49 9
28 25 27 25
7 45 7 44
45 37 44 37
33 36 32 36
20 19 19 19
10 18 9 18
21 23 20 23
17 1 16 1
47 28 47 27
46 16 46 15
28 14 28 13
3 12 2 12
43 39 43 38
27 15 27 14
4 5 4 4
24 14 24 13
24 33 24 32
9 2 9 1
48 18 47 18
36 27 36 26
40 32 40 31
8 23 7 23
21 18 20 18
3 3 3 2
40 20 40 19
39 16 39 15
23 35 23 34
47 40 47 39
50 11 49 11
16 17 15 17
23 24 23 23
47 41 46 41
6 23 6 22
46 24 45 24
35 10 34 10
10 14 10 13
21 12 21 11
18 33 18 32
19 38 18 38
37 49 37 50
11 35 11 34
50 10 50 9
4 47 4 46
43 5 43 4
36 10 36 9
11 17 10 17
20 16 19 16
9 32 8 32
22 7 21 7
21 21 21 20
22 10 22 9
22 9 21 9
47 23 46 23
13 18 12 18
10 8 10 7
33 26 33 25
16 46 16 45
50 23 50 22
44 10 44 9
25 7 24 7
31 31 30 31
30 47 30 46
40 26 40 25
26 44 26 43
22 48 22 47
27 20 26 20
46 28 46 27
46 20 45 20
50 40 49 40
47 21 47 20
38 33 37 33
14 45 14 44
18 21 18 20
19 39 19 38
27 43 27 42
14 38 13 38
27 10 27 9
38 2 37 2
13 8 13 7
49 4 48 4
34 45 34 44
32 19 31 19
3 26 2 26
40 41 40 40
8 33 7 33
15 14 14 14
50 25 50 24
27 34 27 33
12 33 11 33
28 28 28 27
8 22 8 21
49 11 50 11
19 10 19 9
29 30 29 29
16 15 16 14
9 11 9 10
20 48 19 48
45 33 45 32
39 24 39 23
44 27 44 26
13 15 12 15
42 28 42 27
8 42 8 41
11 26 10 26
22 18 21 18
17 2 17 1
11 34 11 33
47 49 47 48
17 29 17 28
25 48 24 48
1 14 1 13
40 27 40 26
27 33 26 33
34 34 34 33
30 6 30 5
31 33 31 32
10 25 10 24
15 33 14 33
14 30 14 29
46 25 45 25
40 18 39 18
37 31 36 31
21 37 20 37
46 34 46 33
27 47 26 47
3 2 3 1
47 42 47 41
40 34 40 33
29 10 28 10
36 5 35 5
7 28 7 27
35 42 35 41
9 6 9 5
6 48 6 47
33 14 33 13
42 25 42 24
20 49 19 49
31 49 30 49
34 34 33 34
18 19 18 18
2 14 1 14
46 34 45 34
31 26 31 25
2 36 2 35
1 4 1 3
12 47 11 47
26 19 25 19
16 42 15 42
47 47 46 47
46 9 45 9
47 31 46 31
48 16 48 15
20 17 19 17
14 21 13 21
16 37 15 37
8 15 8 14
13 35 12 35
39 45 38 45
48 19 47 19
19 27 18 27
45 31 45 30
11 20 10 20
37 4 36 4
2 44 2 43
3 10 2 10
27 41 27 40
32 34 31 34
48 14 47 14
37 10 37 9
28 28 27 28
8 49 8 48
17 5 16 5
34 30 33 30
25 34 25 33
11 2 11 1
21 38 20 38
32 11 31 11
10 5 10 4
49 25 50 25
14 45 14 44
39 26 39 25
12 45 12 44
34 27 34 26
7 43 6 43
30 2 29 2
27 43 27 42
7 48 7 47
5 22 5 21
24 39 23 39
36 42 35 42
15 19 14 19
27 14 27 13
26 8 26 7
45 18 44 18
8 32 8 31
18 8 17 8
18 20 17 20
17 40 16 40
16 22 16 21
3 31 2 31
14 7 13 7
16 30 16 29
47 32 46 32
39 48 39 47
32 21 31 21
12 21 11 21
50 2 49 2
16 38 16 37
24 22 24 21
28 3 27 3
25 18 25 17
34 22 33 22
42 44 42 43
24 41 24 40
46 48 46 47
28 8 27 8
30 37 29 37
19 50 18 50
44 43 43 43
12 20 11 20
27 25 26 25
47 33 47 32
30 25 29 25
15 16 14 16
14 20 13 20
4 18 4 17
31 14 31 13
38 16 38 15
41 28 41 27
17 32 17 31
5 44 4 44
1 13 1 12
4 38 3 38
6 11 6 10
22 13 21 13
12 22 12 21
8 1 7 1
48 32 47 32
33 33 32 33
49 17 49 16
22 9 21 9
14 48 14 47
7 43 7 42
35 45 34 45
34 18 34 17
43 42 43 41
4 44 4 43
15 20 15 19
10 12 10 11
21 18 21 17
27 20 26 20
7 43 7 42
39 21 39 20
40 6 39 6
13 15 12 15
5 29 4 29
49 48 49 47
2 1 1 1
27 49 26 49
50 41 49 41
46 46 45 46
30 32 30 31
17 3 16 3
6 11 6 10
5 20 4 20
31 9 31 8
49 45 49 44
24 7 24 6
14 34 13 34
16 16 15 16
47 29 47 28
46 5 45 5
50 38 49 38
28 35 28 34
41 10 41 9
33 30 33 29
6 21 6 20
49 23 48 23
44 37 43 37
13 50 13 49
35 39 35 38
10 25 10 24
4 22 3 22
32 32 32 31
49 47 48 47
23 44 23 43
15 21 14 21
36 4 36 3
45 43 45 42
13 17 12 17
37 7 36 7
13 17 12 17
3 27 2 27
46 8 45 8
48 7 48 6
13 10 13 9
48 33 48 32
19 20 18 20
33 45 33 44
22 13 21 13
49 38 49 37
6 32 6 31
42 20 42 19
37 45 36 45
34 15 34 14
40 47 39 47
11 30 11 29
38 14 38 13
10 14 10 13
31 31 31 30
43 43 42 43
31 24 31 23
18 7 18 6
12 36 11 36
26 38 25 38
18 46 18 45
15 16 14 16
25 45 25 44
25 10 24 10
46 11 46 10
32 47 32 46
7 7 7 6
20 34 19 34
18 9 18 8
29 11 28 11
27 6 27 5
17 42 17 41
29 37 29 36
3 7 3 6
18 36 18 35
3 1 2 1
2 27 2 26
21 26 21 25
11 31 11 30
23 15 22 15
36 38 36 37
44 15 44 14
20 41 20 40
34 20 33 20
33 19 32 19
8 3 8 2
39 18 39 17
2 45 2 44
1 43 1 42
20 7 19 7
50 35 50 34
4 20 4 19
42 40 41 40
42 8 42 7
43 12 43 11
16 2 15 2
15 15 15 14
30 9 29 9
34 18 33 18
24 50 24 49
21 5 21 4
36 35 35 35
50 35 49 35
3 34 2 34
13 19 12 19
30 14 30 13
40 8 39 8
30 14 29 14
3 46 3 45
17 20 16 20
9 8 9 7
11 30 11 29
28 26 27 26
35 26 35 25
23 26 22 26
23 20 22 20
6 27 5 27
48 39 48 38
33 34 33 33
31 41 30 41
7 10 7 9
22 43 22 42
40 10 39 10
21 14 21 13
3 35 3 34
2 7 2 6
38 50 38 49
6 43 5 43
23 26 23 25
17 5 16 5
26 18 26 17
13 23 13 22
8 30 8 29
1 38 1 37
44 13 44 12
26 24 25 24
48 4 47 4
21 17 20 17
39 12 38 12
24 14 24 13
20 28 20 27
26 23 26 22
1 50 1 49
17 14 17 13
14 18 13 18
7 32 7 31
38 48 38 47
29 20 29 19
48 18 47 18
23 30 22 30
15 11 15 10
7 2 6 2
7 34 7 33
14 50 14 49
21 3 20 3
49 18 49 17
40 3 39 3
19 49 19 50
2 14 2 13
49 25 50 25
39 6 38 6
39 27 38 27
36 34 36 33
24 27 23 27
45 19 45 18
44 42 43 42
14 30 13 30
11 20 11 19
28 19 28 18
28 22 27 22
46 34 45 34
17 13 17 12
19 25 18 25
7 4 7 3
5 5 4 5
22 50 21 50
26 4 25 4
25 29 24 29
50 11 50 10
27 49 27 48
9 29 8 29
19 10 19 9
44 9 44 8
41 3 40 3
43 23 42 23
27 14 27 13
13 27 13 26
28 20 27 20
42 8 42 7
34 39 33 39
8 30 8 29
10 45 10 44
5 12 5 11
49 21 48 21
31 41 30 41
44 32 44 31
16 14 15 14
41 11 40 11
3 31 2 31
11 35 10 35
16 1 15 1
21 42 20 42
17 21 16 21
41 39 40 39
37 14 36 14
38 22 37 22
4 27 3 27
45 19 44 19
37 22 36 22
10 16 10 15
8 14 7 14
36 25 35 25
22 1 21 1
45 23 45 22
38 36 38 35
2 14 2 13
26 17 26 16
28 29 27 29
31 25 30 25
21 48 21 47
40 37 39 37
47 17 47 16
24 28 23 28
40 16 40 15
9 5 9 4
16 27 15 27
19 48 18 48
1 5 1 4
