50 50 9 1000
8 3 9 2 6 1 4 5 8 2 8 9 5 9 6 6 8 2 7 5 8 4 7 6 2 6 8 4 9 1 2 1 1 7 2 8 5 8 7 4 7 7 1 8 1 2 8 6 6 9
2 4 9 2 1 8 1 7 1 1 3 7 1 3 5 3 9 4 5 1 6 7 7 1 8 1 7 5 9 9 2 4 6 6 9 6 1 1 7 9 4 8 4 5 9 4 4 3 8 1
9 1 2 4 3 1 1 9 1 5 2 3 2 5 9 7 7 4 2 3 9 5 3 7 5 7 7 1 5 6 6 4 1 4 9 1 2 8 5 7 2 9 3 7 4 6 9 7 1 2
4 9 9 3 4 5 8 3 2 4 1 5 5 6 1 6 7 9 3 5 3 7 9 3 3 9 3 5 5 2 3 9 8 9 4 8 5 4 5 2 5 2 1 4 2 4 5 4 4 7
9 8 3 1 5 9 2 8 3 5 6 6 4 7 4 5 5 8 2 8 7 9 8 6 6 7 8 2 1 4 7 5 7 5 7 1 3 9 2 7 3 1 2 3 5 6 3 7 2 4
6 7 4 7 2 8 1 8 4 6 6 5 8 1 9 7 7 3 2 4 8 9 5 5 1 2 6 2 7 6 1 9 2 1 9 8 2 3 6 5 3 4 7 1 9 7 9 1 1 5
5 9 1 6 9 5 3 6 5 9 8 5 2 5 3 6 7 5 7 6 2 8 8 6 6 9 8 5 6 4 7 4 6 8 6 1 6 9 1 6 6 9 9 1 4 1 8 8 6 2
4 6 9 4 1 7 5 4 4 5 4 4 8 3 1 6 6 7 4 1 6 9 6 1 5 3 7 5 7 9 8 4 3 5 6 7 1 6 5 5 9 5 9 9 5 6 4 7 4 4
2 7 7 3 9 1 7 2 1 4 3 6 6 8 7 3 5 6 3 7 5 6 5 4 1 9 5 7 6 7 5 3 1 9 1 1 3 2 8 1 9 2 6 8 7 6 1 8 3 4
5 5 9 1 1 7 1 5 6 5 7 5 3 5 6 7 1 2 7 6 8 1 5 4 4 8 2 9 8 9 3 2 8 7 1 5 2 8 6 5 7 2 1 5 9 8 1 9 9 2
6 4 7 9 8 8 7 1 7 6 8 4 6 1 7 7 1 1 2 6 4 8 2 2 1 6 9 1 3 4 1 1 6 2 8 9 4 3 6 8 8 3 1 2 2 7 4 7 7 2
7 3 9 5 9 4 4 5 1 3 6 4 7 2 6 3 9 4 4 3 9 3 1 9 1 6 6 4 5 3 5 6 9 5 5 1 1 3 1 9 5 6 8 8 3 5 9 1 5 8
4 9 2 4 5 3 2 4 2 3 4 7 9 7 9 5 9 6 5 5 3 4 9 5 2 1 7 9 7 8 4 7 8 2 3 2 4 7 3 6 9 2 6 7 6 6 9 8 1 6
8 1 3 7 1 2 2 6 8 2 1 4 1 7 7 3 2 1 3 5 3 3 6 8 1 5 2 3 2 3 3 4 8 8 4 6 3 7 3 3 9 4 8 5 2 6 3 3 8 5
7 7 2 2 9 3 8 3 2 1 4 9 6 2 6 7 7 3 3 4 4 7 9 3 6 2 9 4 4 6 4 1 9 4 1 8 4 2 9 6 8 4 1 8 5 2 1 9 4 1
8 3 1 2 7 3 7 7 4 3 2 7 8 9 7 9 3 3 9 6 6 7 6 1 1 7 2 9 6 4 1 5 8 2 3 8 8 5 7 6 7 2 8 6 9 6 4 2 2 6
4 1 3 5 3 9 8 9 2 5 6 9 4 8 8 2 5 8 9 6 6 3 3 9 3 4 7 7 1 9 2 9 6 7 9 6 3 3 9 7 3 2 2 8 4 7 8 2 3 9
6 8 3 9 7 1 6 6 8 2 4 9 2 3 8 9 1 6 8 3 1 8 4 5 2 6 3 2 5 4 5 3 5 7 3 3 7 4 2 1 6 5 3 3 2 6 8 9 9 4
9 6 4 2 1 5 6 2 7 7 1 8 9 4 2 4 2 2 5 5 6 8 2 3 4 6 7 1 4 8 4 8 8 9 6 2 3 8 6 7 3 5 9 3 1 1 7 5 5 8
4 4 8 6 8 8 5 1 7 3 9 2 5 7 9 3 7 6 4 7 4 9 9 5 8 2 7 2 1 5 7 9 2 9 7 9 6 9 3 8 1 2 7 1 4 9 9 5 3 9
1 8 6 8 8 3 4 9 9 8 3 3 5 5 8 1 6 7 2 7 8 5 6 8 6 5 9 1 1 5 2 9 2 1 3 7 8 3 7 8 2 4 5 1 9 4 5 6 5 7
2 4 8 8 7 8 4 3 4 5 8 9 7 6 2 9 6 2 2 5 4 7 9 6 2 3 2 3 2 2 6 6 3 7 4 8 8 7 5 6 7 6 2 2 6 5 7 9 1 6
2 4 7 3 7 6 9 3 7 8 6 3 7 4 2 9 5 7 7 4 4 7 4 8 4 7 8 2 7 8 4 5 8 7 7 9 1 6 7 2 4 1 7 7 4 2 4 9 6 2
7 7 5 6 3 8 7 8 6 8 7 5 9 9 4 1 1 3 4 2 9 3 9 5 6 8 3 3 4 5 9 2 9 5 7 7 3 7 5 1 9 6 9 7 6 5 1 1 6 7
1 5 6 2 8 2 8 2 3 7 1 4 8 8 9 8 7 4 6 3 4 5 7 8 7 7 9 9 2 7 4 5 6 7 9 9 6 3 1 6 6 7 3 8 9 6 7 7 1 4
2 1 7 8 7 9 4 8 5 9 8 4 2 1 3 5 7 2 8 4 9 4 9 8 4 8 4 7 5 2 1 3 9 8 2 7 7 5 2 8 8 4 7 8 8 6 8 8 5 9
2 4 9 2 3 7 8 8 4 5 3 2 8 5 7 7 1 4 8 1 2 4 9 4 5 1 2 1 1 4 9 7 4 4 5 8 5 1 9 3 9 4 1 2 3 8 1 8 6 3
3 8 8 3 9 5 9 3 1 4 6 9 1 5 2 6 6 4 4 1 8 3 4 7 8 6 1 1 2 8 3 5 1 3 6 2 3 2 5 3 2 3 7 2 3 9 3 1 7 2
3 2 9 1 3 7 5 1 6 6 5 3 2 8 4 1 7 1 2 7 9 3 2 7 8 9 8 6 8 1 5 1 5 8 6 3 8 8 3 4 7 4 4 6 5 7 8 3 4 6
5 6 3 3 7 8 5 2 4 7 4 4 2 3 1 1 9 9 2 7 7 1 8 3 2 8 3 9 5 9 6 9 9 5 8 9 2 3 1 7 4 9 5 1 7 7 4 7 6 4
7 7 9 1 7 8 1 5 2 6 9 7 4 2 1 3 8 9 7 8 3 9 6 5 8 3 2 3 6 9 5 8 8 7 4 7 8 7 2 8 9 6 6 9 3 1 7 7 8 5
2 8 9 3 4 9 6 5 4 8 4 4 5 2 2 9 1 2 6 8 1 5 8 7 2 5 4 1 7 6 7 7 2 1 6 3 6 7 5 1 8 9 2 1 8 3 9 1 4 4
9 9 1 7 4 7 3 8 4 9 3 3 4 6 7 2 8 3 6 4 6 2 1 5 1 1 8 3 6 4 6 3 3 8 2 4 9 2 2 5 8 3 4 4 7 9 4 4 8 5
3 5 4 3 7 7 3 2 9 8 3 4 7 4 1 3 6 1 3 5 3 7 1 4 1 3 6 6 2 5 7 7 3 6 3 4 3 6 7 3 2 7 3 4 3 9 4 4 8 3
9 7 4 4 2 6 1 4 4 1 2 4 1 2 4 4 6 6 4 9 1 9 2 4 2 3 6 7 3 1 1 9 2 3 2 2 6 4 4 6 1 9 4 1 7 7 3 3 2 3
2 8 8 3 3 8 5 2 3 5 5 3 7 9 1 6 5 4 9 5 4 9 3 6 2 9 2 1 7 3 6 5 2 1 3 8 3 8 3 8 8 2 7 2 4 5 4 9 1 8
6 1 9 2 5 6 2 1 5 2 6 8 5 1 5 4 8 1 3 9 2 8 4 5 3 4 2 5 2 3 7 4 5 2 8 6 7 4 5 3 6 7 6 5 4 4 3 9 1 7
7 5 2 5 8 8 6 3 7 1 6 8 9 2 3 8 3 4 6 3 7 8 1 1 2 9 8 5 3 8 8 3 8 4 4 5 2 1 6 9 5 4 1 1 3 3 1 7 5 4
4 6 4 1 8 4 6 9 4 1 8 7 7 1 3 6 2 7 8 5 8 7 2 3 7 6 4 9 8 3 4 8 6 9 7 9 3 1 4 3 4 3 4 8 5 1 8 4 9 8
8 3 7 5 9 3 7 1 6 7 8 9 3 1 6 3 1 3 4 8 4 4 8 4 9 1 6 7 1 6 2 1 4 2 6 7 1 3 6 1 6 4 4 3 1 8 2 8 1 1
2 6 9 5 4 3 7 5 4 2 9 8 8 3 7 5 3 1 1 9 1 3 4 6 1 4 9 9 2 2 3 2 1 5 1 3 6 6 2 9 5 4 2 9 1 4 1 8 3 9
3 6 5 8 6 2 6 2 9 7 3 3 6 7 7 6 8 5 7 3 9 1 9 7 5 8 7 1 9 2 5 8 3 4 8 5 1 6 5 6 4 9 3 9 6 8 1 3 6 3
5 8 8 9 5 8 5 5 3 3 8 6 2 5 2 2 4 3 3 9 1 7 5 6 8 5 4 8 4 5 5 1 6 7 2 3 3 1 1 5 1 7 9 4 5 4 6 8 1 2
1 6 1 6 2 5 7 9 7 7 8 2 5 9 8 7 2 8 1 3 9 7 7 5 1 6 6 1 9 7 4 6 1 4 2 6 1 4 6 5 3 4 2 6 3 4 7 7 6 7
5 8 8 5 1 9 8 4 6 8 2 6 1 6 4 1 4 9 2 7 2 2 3 2 2 8 3 4 1 3 2 2 5 2 7 5 9 4 9 3 3 7 6 9 9 2 5 6 7 4
4 9 7 3 1 3 9 1 2 5 5 6 2 8 6 2 7 6 8 8 3 8 2 7 6 3 7 4 7 6 6 4 7 2 5 1 4 3 1 1 7 2 5 2 9 1 6 5 2 2
3 5 9 4 8 6 7 8 7 4 2 9 6 8 1 4 5 9 6 5 9 6 2 5 9 9 7 8 9 2 1 8 9 7 4 3 7 9 9 2 4 2 4 7 7 1 5 8 4 6
7 3 9 2 2 8 4 1 5 7 6 3 7 1 2 3 4 9 9 4 4 2 5 1 7 1 6 2 1 7 1 5 1 2 7 7 8 5 5 6 6 1 6 9 2 8 8 4 9 5
6 7 5 5 3 3 8 2 5 2 8 5 5 4 6 9 8 2 5 2 1 2 8 2 9 5 2 4 6 3 4 5 3 1 5 4 5 9 1 9 1 2 9 3 2 8 2 4 2 4
1 4 1 1 5 4 2 6 9 7 8 2 6 8 9 5 9 3 2 9 3 1 8 2 6 6 5 2 8 3 9 4 8 7 9 1 2 7 7 1 6 8 6 5 7 4 6 7 2 7
0 0 0 0 0 0 0 0 0 0 0 0 0 0 0 0 0 0 0 0 0 0 0 0 0 0 0 0 0 0 0 0 0 6 0 0 0 0 0 0 0 0 0 0 0 0 0 0 0 0
0 0 0 0 0 0 0 0 0 0 0 0 0 0 0 0 0 0 1 0 0 0 0 0 0 0 0 0 0 0 0 0 0 0 0 0 0 0 0 0 0 0 0 0 0 0 0 0 0 0
0 0 0 0 0 0 0 0 0 0 0 0 0 0 0 0 0 0 0 0 0 0 0 0 0 0 0 0 0 0 0 0 0 0 0 0 0 0 0 0 0 0 0 0 0 0 0 0 0 0
0 0 0 0 0 0 0 0 0 0 0 0 0 0 0 0 0 0 0 0 0 0 0 0 0 0 0 0 0 0 0 0 0 0 0 0 0 0 0 0 0 0 0 0 0 0 0 0 0 0
0 0 0 0 0 0 0 0 0 0 0 0 0 0 0 0 0 0 0 0 0 0 0 3 0 0 0 0 0 0 0 0 0 0 0 0 0 0 0 0 0 0 0 0 0 0 0 0 0 0
0 0 0 0 0 0 0 0 0 0 0 0 0 0 0 0 0 0 0 0 0 0 0 0 0 0 0 0 0 0 0 0 0 0 0 0 0 0 0 0 0 0 0 0 0 0 0 0 0 0
0 0 0 0 0 0 0 0 0 0 0 0 0 0 0 0 0 0 0 0 0 0 0 0 0 0 0 0 0 0 0 0 0 0 0 0 0 0 0 0 0 0 0 0 0 0 0 0 0 0
0 0 0 0 0 0 0 0 0 0 0 0 0 0 0 0 0 0 1 0 0 0 0 0 0 0 0 0 0 0 0 0 0 0 0 0 0 0 0 0 0 0 0 0 0 0 0 0 0 0
0 0 0 0 0 0 0 0 0 0 0 0 0 0 0 0 0 0 0 0 0 0 0 0 0 0 0 0 0 0 0 0 0 0 0 0 0 0 0 0 0 0 0 0 0 0 0 0 0 0
0 0 0 0 0 0 0 0 0 0 0 0 0 0 0 0 0 0 0 0 0 0 0 0 0 0 0 0 0 0 0 0 0 0 0 0 0 0 0 0 0 0 0 0 0 0 0 0 0 0
0 0 0 0 0 0 0 0 0 0 0 0 0 0 0 0 0 0 0 0 0 0 0 0 0 0 0 0 0 0 0 0 0 0 0 0 0 0 0 0 0 0 0 0 0 0 0 0 0 0
0 0 0 0 0 0 0 0 0 0 0 0 0 0 0 0 0 0 0 0 0 0 0 0 0 0 0 0 0 0 0 0 0 0 0 0 0 0 0 0 0 0 0 0 0 0 0 0 0 0
0 0 0 0 0 0 0 0 0 0 0 0 0 0 0 0 0 0 0 0 0 0 0 0 0 0 0 0 0 0 0 0 0 0 0 0 0 0 0 0 0 0 0 0 0 0 0 0 0 0
0 0 0 0 0 0 0 0 0 0 0 0 0 0 0 0 0 0 0 0 0 0 0 0 0 0 0 0 0 0 0 0 0 0 0 0 0 0 0 0 0 0 0 0 0 0 0 0 0 0
0 0 0 0 0 0 0 0 0 0 0 0 0 0 0 0 0 0 0 0 0 0 0 0 0 0 0 0 0 0 0 0 0 0 0 0 0 0 0 0 0 0 0 0 0 0 0 0 0 0
0 0 0 0 0 0 0 0 0 0 0 0 0 0 0 0 0 0 0 0 0 0 0 0 0 0 0 0 0 0 0 0 0 0 0 0 0 0 0 0 0 0 0 0 0 0 0 0 0 0
0 0 0 0 0 0 0 0 0 0 0 0 0 0 0 0 0 0 0 0 0 0 0 0 0 0 0 0 0 0 0 0 0 0 0 0 0 0 0 0 0 0 0 0 0 0 0 0 0 0
0 0 0 0 0 0 0 0 0 0 0 0 0 0 0 0 0 0 0 0 0 0 0 0 0 0 0 0 0 0 0 0 0 0 0 0 0 0 0 0 0 0 0 0 0 0 0 0 0 0
0 0 0 0 0 0 0 0 0 0 0 0 0 0 0 0 0 0 0 0 0 0 0 0 0 0 0 0 0 0 0 0 0 0 0 0 0 0 0 0 0 0 0 0 0 0 0 0 0 0
0 0 0 0 0 0 0 0 0 0 0 0 0 0 0 0 0 0 0 0 0 0 0 0 0 0 0 0 0 0 0 0 0 0 0 0 0 0 0 0 0 0 0 0 0 0 0 0 0 0
0 0 0 0 0 0 0 0 0 0 0 0 0 0 0 0 0 0 0 0 0 0 0 0 0 0 0 0 0 0 0 0 0 0 0 0 0 0 0 0 0 0 0 0 0 0 0 0 0 0
0 0 0 0 0 0 0 0 0 0 0 0 0 0 0 0 0 0 0 0 0 0 0 0 0 0 0 0 0 0 0 0 0 0 0 0 0 0 0 0 0 0 0 0 0 0 3 0 0 0
0 0 0 0 0 0 0 0 0 0 0 0 0 0 0 0 0 0 0 0 0 0 0 4 0 0 0 0 0 0 0 0 0 0 0 0 0 0 0 0 0 0 0 0 0 0 0 0 0 0
0 0 0 0 0 0 0 0 0 0 0 0 0 0 0 0 0 0 0 0 0 0 0 0 0 0 0 0 0 0 0 0 0 0 0 0 0 0 0 0 0 0 0 0 0 0 0 0 0 0
0 0 0 0 0 0 0 0 0 0 0 0 0 0 0 0 0 0 0 0 0 0 0 0 0 0 0 0 0 0 0 0 0 0 0 0 0 0 0 0 0 0 0 0 0 0 0 0 0 0
0 0 0 0 0 0 0 0 0 0 0 0 0 0 0 0 0 0 0 0 0 0 0 0 0 0 0 0 0 0 0 0 0 0 0 0 0 0 0 0 0 0 0 0 0 0 0 0 0 0
0 0 0 0 0 0 0 0 0 0 0 0 0 0 0 0 0 0 0 0 0 0 0 0 0 0 0 0 0 0 0 0 0 0 0 0 0 0 0 0 0 0 0 0 0 0 0 0 0 0
0 0 0 0 0 0 0 0 0 0 0 0 0 0 0 0 0 0 0 0 0 0 0 0 0 0 0 0 0 0 0 0 0 0 0 0 0 0 0 0 0 0 0 0 0 0 0 0 0 0
0 0 0 0 0 0 0 0 0 0 0 0 0 0 0 0 0 0 0 0 0 0 0 0 0 0 0 0 0 0 0 0 0 0 0 0 0 0 0 0 0 0 0 0 0 0 0 0 0 0
0 0 0 0 0 0 0 0 0 0 0 0 0 0 0 0 0 0 0 0 0 0 0 0 0 0 0 0 0 0 0 0 0 0 0 0 0 0 0 0 0 0 0 0 0 0 0 0 0 0
0 0 0 0 0 0 0 0 0 0 0 0 0 0 0 0 0 0 0 0 0 0 0 0 0 0 0 0 0 0 0 0 0 0 0 0 0 0 0 0 0 0 0 0 0 0 0 0 0 0
0 0 0 0 0 0 0 0 0 0 0 0 0 5 0 0 0 0 0 0 0 0 0 0 0 0 0 0 0 0 0 0 0 0 0 0 0 0 0 0 0 0 0 0 0 0 0 0 0 0
0 0 0 0 0 0 0 0 0 0 0 0 0 0 0 0 0 0 0 0 0 0 0 0 0 0 0 0 0 0 0 0 0 0 0 0 0 0 0 0 0 0 0 0 0 0 0 0 0 0
0 0 0 0 0 0 0 0 0 0 0 0 0 0 0 0 0 0 0 0 0 0 0 0 0 0 0 0 0 0 0 0 0 0 0 0 0 0 0 0 0 0 0 0 0 0 0 0 0 0
0 0 0 0 0 0 0 0 0 0 0 0 0 0 0 0 0 0 0 0 0 0 0 0 0 0 0 0 0 0 0 0 0 0 0 0 0 0 0 0 0 0 0 0 0 0 0 0 0 0
0 0 0 0 0 0 0 0 0 0 0 0 0 0 0 0 0 0 0 0 0 0 0 0 0 0 0 0 0 0 0 0 0 0 0 0 0 0 0 0 0 0 6 0 0 0 0 0 0 0
0 0 0 0 0 0 0 0 0 0 0 0 0 0 0 0 0 0 0 0 0 0 0 0 0 0 0 0 0 0 0 0 0 0 0 0 0 0 0 0 0 0 0 0 0 0 0 0 0 0
0 0 0 0 0 0 0 0 0 0 0 0 0 0 0 0 0 0 0 0 0 0 0 0 0 0 0 0 0 0 0 0 0 0 0 0 0 0 0 0 0 0 0 0 0 0 0 0 0 0
0 0 0 0 0 0 0 0 0 0 0 0 0 0 0 0 0 0 0 0 0 0 0 0 0 0 0 0 0 0 0 0 0 0 0 0 0 0 0 0 0 0 0 0 0 0 0 0 0 0
0 0 0 0 0 0 0 0 0 0 0 0 0 0 0 0 0 0 0 0 0 3 0 0 0 0 0 0 0 0 0 0 0 0 0 0 0 5 0 0 0 0 0 0 0 0 0 0 0 0
0 0 0 0 0 0 0 0 0 0 0 0 0 0 0 0 0 0 0 0 0 5 0 0 0 0 0 0 0 0 0 0 0 0 0 0 0 0 0 0 0 0 0 0 0 0 0 0 0 0
0 0 0 0 0 0 0 0 0 0 0 0 0 0 0 0 0 0 0 0 0 0 0 0 0 0 0 0 0 0 0 0 0 0 0 0 0 0 0 0 0 0 0 0 0 0 0 0 0 0
0 0 0 0 0 0 0 0 0 0 0 0 0 0 0 0 0 0 0 0 0 0 0 0 0 0 0 0 0 0 0 0 0 0 0 2 0 0 0 0 0 0 3 0 0 0 0 0 4 0
0 0 0 0 0 0 0 0 0 0 0 0 0 0 0 0 0 0 0 0 0 0 0 0 0 0 0 0 0 0 0 0 0 0 0 0 0 0 0 0 0 0 0 0 0 0 0 0 0 0
0 0 0 0 0 0 0 0 0 0 0 0 0 0 0 0 0 0 0 0 0 0 0 0 0 1 0 0 0 0 0 0 0 0 0 0 0 0 0 0 0 0 0 0 0 0 0 0 0 0
0 0 0 0 0 0 0 0 0 0 0 0 0 0 0 0 0 0 0 0 0 0 0 0 0 0 0 0 0 0 0 0 0 0 0 0 0 0 0 0 0 0 0 0 0 0 0 0 0 0
0 0 0 0 0 0 0 0 0 0 0 0 0 0 0 0 0 0 0 0 0 0 0 0 0 0 0 0 0 0 0 0 0 1 0 0 0 0 0 0 0 0 0 0 0 0 0 0 0 0
0 0 0 0 0 0 0 0 0 0 0 0 0 0 0 0 0 0 0 0 0 0 0 0 0 0 0 0 0 0 0 0 0 0 0 0 0 0 0 0 0 0 0 0 0 0 0 0 0 0
0 0 0 0 0 0 0 0 0 0 0 0 0 0 0 0 0 0 0 0 0 0 0 0 0 0 0 0 0 0 0 0 0 0 0 0 0 0 0 0 0 0 0 0 0 0 0 0 0 0
0 0 0 0 0 0 0 0 0 0 0 0 0 0 0 0 0 0 0 0 0 0 0 0 0 0 0 0 0 0 0 0 0 0 0 0 0 0 0 0 0 0 0 0 0 0 0 0 0 0
18 18 18 17
13 8 13 7
23 26 23 25
12 33 12 32
36 25 36 24
23 47 23 46
40 4 39 4
6 8 6 7
45 7 44 7
47 43 46 43
41 34 41 33
30 21 29 21
46 25 45 25
49 50 49 49
2 38 1 38
32 1 31 1
15 36 14 36
24 13 24 12
50 17 49 17
20 29 19 29
43 21 42 21
13 9 13 8
37 28 37 27
18 20 18 19
41 36 40 36
25 36 24 36
35 33 35 32
12 37 12 36
50 19 50 18
44 1 43 1
17 37 16 37
17 45 16 45
50 12 50 11
24 16 24 15
43 47 43 46
12 36 11 36
46 39 46 38
24 36 24 35
20 34 19 34
33 18 33 17
21 44 21 43
42 25 42 24
22 16 22 15
15 49 14 49
16 19 15 19
18 35 18 34
15 13 15 12
49 47 50 47
17 40 17 39
15 36 15 35
38 23 37 23
19 26 18 26
8 29 8 28
35 35 35 34
39 26 38 26
34 20 34 19
45 12 44 12
23 32 22 32
9 12 8 12
12 28 12 27
18 19 18 18
12 30 11 30
41 6 40 6
30 45 29 45
27 44 26 44
24 8 23 8
49 44 49 43
35 21 35 20
3 40 3 39
31 24 30 24
44 34 44 33
26 24 25 24
14 13 13 13
18 32 17 32
22 19 21 19
4 44 3 44
1 18 1 17
39 18 39 17
32 40 32 39
14 22 14 21
7 32 6 32
24 44 23 44
31 37 31 36
1 15 1 14
24 22 24 21
49 10 50 10
48 21 47 21
49 46 48 46
17 25 17 24
36 38 35 38
27 19 26 19
46 34 46 33
39 24 39 23
5 19 4 19
47 29 46 29
26 2 25 2
47 38 46 38
19 2 18 2
11 10 10 10
8 6 8 5
38 31 38 30
6 21 5 21
47 20 46 20
5 27 4 27
25 40 25 39
30 13 29 13
38 49 37 49
5 17 5 16
28 11 28 10
10 5 10 4
33 34 32 34
33 40 32 40
18 17 18 16
45 36 45 35
4 16 3 16
32 2 32 1
9 4 8 4
4 2 3 2
34 25 34 24
7 49 6 49
21 26 21 25
46 6 46 5
20 27 19 27
33 42 32 42
39 21 39 20
19 17 18 17
48 4 48 3
46 22 45 22
30 30 29 30
3 1 2 1
20 21 20 20
29 31 28 31
40 28 39 28
4 49 4 50
30 21 29 21
22 12 22 11
18 34 17 34
11 29 10 29
12 38 12 37
44 47 43 47
12 41 11 41
16 32 15 32
3 19 3 18
14 47 13 47
46 4 46 3
38 17 37 17
36 40 36 39
32 38 31 38
50 42 50 41
2 41 2 40
13 3 12 3
33 21 32 21
31 20 30 20
26 39 25 39
39 37 38 37
5 16 5 15
25 28 24 28
8 33 7 33
46 41 46 40
24 45 24 44
34 19 33 19
10 6 10 5
28 11 28 10
46 6 45 6
42 6 42 5
45 20 44 20
29 17 28 17
45 33 45 32
43 17 43 16
13 5 13 4
39 33 39 32
20 16 19 16
18 34 18 33
30 31 30 30
31 28 31 27
46 2 46 1
23 17 22 17
33 22 32 22
23 35 23 34
48 19 47 19
35 24 34 24
14 34 13 34
34 45 34 44
14 31 13 31
9 26 9 25
4 11 4 10
4 20 3 20
6 35 5 35
8 13 8 12
25 30 24 30
10 23 9 23
13 16 12 16
34 44 34 43
46 35 46 34
9 27 9 26
12 30 11 30
1 33 1 32
30 29 30 28
32 49 32 48
17 20 16 20
21 28 21 27
42 28 42 27
8 48 7 48
17 6 16 6
29 30 29 29
20 19 20 18
23 24 23 23
18 50 18 49
1 47 1 46
5 30 4 30
36 29 35 29
50 3 49 3
24 38 24 37
4 44 3 44
37 43 36 43
36 9 35 9
23 40 23 39
15 36 14 36
22 24 21 24
33 14 33 13
30 31 29 31
10 6 9 6
27 15 27 14
16 15 16 14
49 11 48 11
18 20 18 19
48 50 47 50
3 28 3 27
32 36 31 36
21 38 21 37
41 30 40 30
11 21 11 20
36 23 36 22
46 27 45 27
40 41 40 40
44 18 43 18
45 34 44 34
3 22 2 22
44 47 44 46
7 3 6 3
21 25 20 25
27 33 26 33
25 46 24 46
28 28 27 28
9 29 9 28
32 3 32 2
42 18 41 18
42 6 41 6
8 47 7 47
7 28 7 27
4 12 4 11
35 11 35 10
7 45 7 44
49 24 48 24
46 18 45 18
46 12 45 12
3 6 2 6
40 48 40 47
13 22 13 21
32 38 31 38
14 4 14 3
17 34 16 34
47 49 47 50
39 33 39 32
48 15 47 15
9 10 9 9
31 36 30 36
10 33 10 32
42 50 41 50
32 3 31 3
48 40 47 40
28 49 28 48
38 50 38 49
15 11 14 11
28 24 27 24
10 25 10 24
17 23 17 22
13 31 13 30
37 20 37 19
23 41 22 41
30 6 29 6
49 16 48 16
31 5 31 4
47 27 47 26
27 27 26 27
23 5 23 4
27 22 27 21
20 49 19 49
20 3 19 3
20 10 20 9
18 11 17 11
24 30 24 29
49 4 50 4
29 8 29 7
2 6 1 6
50 28 49 28
44 47 43 47
33 42 33 41
41 4 41 3
22 38 21 38
5 2 5 1
2 24 2 23
4 38 4 37
43 29 42 29
12 25 12 24
20 39 19 39
47 39 47 38
40 4 40 3
32 36 31 36
9 18 9 17
40 40 40 39
26 3 25 3
12 24 11 24
20 3 20 2
42 42 42 41
4 6 4 5
37 4 37 3
28 34 27 34
37 29 37 28
45 41 44 41
29 13 28 13
30 21 30 20
43 2 42 2
43 29 42 29
25 37 24 37
25 17 25 16
5 49 5 50
11 30 10 30
33 27 32 27
11 31 11 30
32 20 31 20
7 37 6 37
45 14 44 14
35 29 34 29
9 13 9 12
29 34 28 34
3 48 3 47
34 20 34 19
16 12 16 11
20 36 20 35
7 11 6 11
45 27 44 27
29 29 28 29
32 47 32 46
33 7 32 7
34 22 34 21
27 44 27 43
15 12 15 11
2 3 1 3
39 12 38 12
22 16 22 15
10 30 10 29
35 44 34 44
40 20 39 20
21 19 21 18
37 26 37 25
47 11 47 10
13 11 13 10
28 29 27 29
17 20 16 20
21 15 20 15
20 1 19 1
2 11 2 10
31 35 30 35
43 22 43 21
25 22 25 21
17 19 16 19
40 14 40 13
33 28 32 28
6 25 6 24
22 44 22 43
4 38 3 38
22 11 22 10
35 20 35 19
27 18 27 17
7 34 6 34
11 29 10 29
34 40 34 39
20 22 20 21
31 31 31 30
21 11 21 10
11 21 10 21
16 14 15 14
22 8 22 7
6 39 5 39
41 10 40 10
12 13 11 13
22 10 22 9
39 40 39 39
45 33 45 32
8 32 8 31
3 3 3 2
31 1 30 1
23 41 23 40
37 22 36 22
3 15 3 14
48 47 48 46
27 42 26 42
25 50 25 49
42 30 41 30
48 46 47 46
11 24 11 23
34 11 33 11
20 47 19 47
39 32 39 31
40 29 39 29
37 4 37 3
17 2 16 2
13 49 12 49
11 29 10 29
34 12 34 11
30 24 29 24
12 44 12 43
48 37 47 37
8 8 7 8
45 47 45 46
3 50 3 49
11 23 10 23
15 35 15 34
39 4 39 3
30 31 29 31
40 16 39 16
39 33 39 32
38 17 37 17
14 3 14 2
37 13 36 13
37 21 37 20
27 30 27 29
6 19 6 18
29 42 28 42
19 26 18 26
18 14 18 13
34 47 34 46
30 6 30 5
38 1 37 1
45 23 45 22
16 4 16 3
18 15 18 14
28 50 28 49
31 18 31 17
7 6 7 5
14 2 14 1
14 39 13 39
7 2 7 1
44 26 43 26
22 22 21 22
42 12 42 11
15 15 14 15
25 32 24 32
18 21 17 21
22 30 21 30
45 2 44 2
5 45 5 44
36 22 35 22
6 39 6 38
2 23 2 22
25 25 25 24
40 19 39 19
36 21 36 20
45 17 45 16
5 50 4 50
35 36 34 36
29 16 28 16
17 32 17 31
48 49 48 50
6 30 5 30
14 49 14 50
23 45 23 44
41 40 40 40
13 41 12 41
41 5 41 4
4 14 4 13
36 11 36 10
29 37 28 37
20 16 19 16
44 15 44 14
9 36 9 35
32 8 32 7
5 40 4 40
11 49 11 50
4 14 4 13
9 45 8 45
22 9 21 9
30 31 30 30
15 30 15 29
5 38 4 38
17 17 16 17
44 23 44 22
26 28 26 27
39 41 39 40
15 10 15 9
3 23 2 23
30 20 29 20
42 34 41 34
22 48 22 47
34 4 33 4
41 5 40 5
36 2 36 1
26 1 25 1
11 9 10 9
21 14 21 13
24 42 23 42
40 37 39 37
10 50 10 49
24 40 23 40
39 11 38 11
1 35 1 34
27 3 26 3
44 31 43 31
27 22 27 21
36 5 36 4
19 50 18 50
19 8 19 7
3 27 2 27
50 18 49 18
11 19 10 19
35 35 34 35
23 13 22 13
49 50 49 49
24 17 23 17
20 24 19 24
19 34 19 33
8 9 7 9
20 39 20 38
35 37 35 36
39 15 38 15
18 6 17 6
21 27 21 26
21 39 20 39
50 12 49 12
28 19 28 18
45 46 45 45
49 16 49 15
29 42 29 41
32 30 32 29
42 37 41 37
47 22 46 22
22 9 21 9
22 12 21 12
30 15 30 14
4 22 3 22
7 26 6 26
4 3 3 3
50 16 49 16
49 6 49 5
11 38 11 37
49 2 50 2
10 10 9 10
17 8 16 8
9 16 8 16
2 12 1 12
33 40 32 40
42 41 42 40
14 23 13 23
1 18 1 17
39 21 39 20
39 4 38 4
33 29 33 28
15 12 14 12
8 39 8 38
25 5 25 4
21 18 20 18
30 48 30 47
9 34 9 33
12 41 12 40
24 47 23 47
23 27 22 27
18 40 17 40
49 23 48 23
13 22 13 21
48 39 48 38
44 15 44 14
36 14 36 13
28 31 27 31
12 46 12 45
29 14 29 13
12 37 12 36
49 50 50 50
29 23 28 23
17 7 17 6
39 28 38 28
33 49 33 50
39 46 38 46
46 35 46 34
50 42 50 41
15 28 14 28
17 26 17 25
21 24 21 23
41 10 41 9
38 19 38 18
3 39 3 38
34 43 34 42
8 34 7 34
50 46 50 45
18 16 18 15
10 48 10 47
24 1 23 1
1 45 1 44
47 34 46 34
29 49 28 49
30 24 29 24
43 29 43 28
31 22 30 22
16 48 16 47
33 49 32 49
10 2 9 2
39 3 39 2
2 26 2 25
19 11 19 10
41 44 41 43
11 21 10 21
36 27 35 27
41 40 40 40
44 33 43 33
34 46 34 45
34 4 34 3
9 14 9 13
14 43 13 43
38 13 37 13
47 17 47 16
27 31 26 31
46 41 45 41
39 1 38 1
13 6 12 6
28 29 27 29
7 15 6 15
25 13 24 13
5 50 4 50
50 40 50 39
49 29 48 29
32 42 31 42
13 33 13 32
50 12 49 12
13 23 13 22
6 32 5 32
10 8 10 7
32 34 31 34
30 38 30 37
41 7 41 6
39 47 38 47
3 7 3 6
38 17 38 16
7 25 7 24
39 23 38 23
9 31 8 31
8 46 8 45
42 48 42 47
3 30 2 30
16 10 15 10
23 24 23 23
45 31 45 30
25 43 24 43
49 49 49 50
37 1 36 1
13 23 12 23
2 27 1 27
14 34 14 33
35 30 34 30
38 12 38 11
21 2 21 1
33 9 33 8
44 15 43 15
13 39 13 38
5 7 5 6
37 28 37 27
45 35 44 35
46 48 45 48
5 16 5 15
41 5 40 5
11 20 11 19
38 31 38 30
38 21 37 21
5 49 5 50
5 33 5 32
24 27 24 26
31 31 30 31
50 16 50 15
18 35 17 35
5 38 5 37
12 12 12 11
25 36 25 35
22 12 22 11
25 5 25 4
39 6 39 5
36 48 36 47
7 45 7 44
49 43 48 43
19 13 19 12
25 50 25 49
40 41 39 41
19 5 19 4
18 25 18 24
35 27 35 26
22 7 21 7
34 50 33 50
50 5 49 5
3 47 2 47
37 21 36 21
20 34 19 34
25 21 25 20
39 42 39 41
14 13 13 13
30 3 30 2
26 47 26 46
40 31 40 30
40 2 39 2
33 19 33 18
23 48 22 48
19 26 19 25
32 40 32 39
12 13 12 12
24 21 23 21
43 23 42 23
43 24 42 24
8 32 7 32
7 34 7 33
2 33 1 33
15 39 14 39
7 45 7 44
5 29 5 28
9 14 8 14
24 6 23 6
50 2 50 1
42 7 41 7
15 49 15 50
9 2 9 1
10 12 9 12
20 15 19 15
16 3 15 3
31 35 30 35
49 40 49 39
14 7 14 6
26 12 25 12
2 37 1 37
40 31 39 31
50 31 49 31
35 17 34 17
5 11 4 11
19 50 18 50
49 36 50 36
8 11 7 11
50 4 50 3
28 7 27 7
33 28 33 27
27 32 26 32
8 30 8 29
25 8 25 7
47 3 47 2
7 24 7 23
2 37 1 37
34 4 33 4
27 13 27 12
49 2 50 2
13 44 13 43
48 43 48 42
45 47 44 47
16 49 16 50
22 44 21 44
28 24 27 24
7 43 7 42
10 13 9 13
15 17 14 17
27 33 26 33
2 7 2 6
8 17 7 17
35 9 34 9
28 4 28 3
9 13 8 13
21 44 21 43
21 17 21 16
16 24 15 24
25 13 24 13
34 3 34 2
9 13 9 12
48 18 47 18
48 10 48 9
43 35 42 35
40 21 40 20
26 9 25 9
31 45 30 45
48 37 48 36
12 3 12 2
3 41 2 41
46 23 45 23
22 26 22 25
46 31 46 30
14 7 13 7
10 6 9 6
33 49 32 49
33 3 33 2
28 48 28 47
35 18 34 18
49 18 50 18
15 41 15 40
23 14 23 13
4 23 3 23
21 20 20 20
39 7 39 6
7 31 7 30
8 21 7 21
32 18 32 17
32 14 31 14
20 8 20 7
17 4 16 4
14 3 14 2
6 24 6 23
11 36 11 35
47 38 46 38
35 47 34 47
24 12 23 12
5 17 4 17
15 20 14 20
16 13 15 13
9 22 9 21
47 48 47 47
37 35 37 34
14 40 14 39
15 18 15 17
40 39 40 38
45 30 45 29
33 11 33 10
2 2 2 1
48 15 47 15
15 4 15 3
2 21 2 20
49 15 49 14
17 5 17 4
26 35 26 34
15 41 15 40
28 5 28 4
31 17 30 17
40 20 40 19
10 6 9 6
23 21 23 20
47 31 46 31
4 33 3 33
10 32 10 31
34 43 34 42
37 32 37 31
21 28 20 28
21 24 21 23
49 3 49 2
14 44 13 44
27 44 26 44
24 18 23 18
22 26 22 25
43 43 43 42
30 21 29 21
45 35 45 34
36 46 35 46
47 14 47 13
24 15 23 15
13 48 12 48
20 45 20 44
45 7 44 7
21 5 21 4
15 19 14 19
50 42 49 42
25 18 25 17
38 17 38 16
21 4 20 4
4 40 4 39
36 27 36 26
40 28 40 27
11 19 10 19
15 15 14 15
44 31 44 30
10 31 9 31
25 10 24 10
24 32 23 32
1 17 1 16
38 40 37 40
17 29 17 28
28 29 28 28
24 32 23 32
3 19 3 18
10 49 10 48
31 40 30 40
32 17 32 16
42 34 41 34
41 22 41 21
24 40 24 39
26 28 26 27
5 4 4 4
41 29 40 29
13 9 13 8
26 32 25 32
38 16 38 15
28 14 28 13
7 2 7 1
21 39 20 39
15 9 15 8
50 48 50 47
20 40 19 40
34 8 33 8
26 9 26 8
35 24 34 24
46 16 46 15
32 28 32 27
36 17 35 17
7 39 7 38
11 20 11 19
42 13 42 12
25 15 24 15
41 24 40 24
46 5 45 5
20 18 19 18
19 21 18 21
17 4 17 3
31 11 31 10
4 10 3 10
6 13 6 12
49 10 48 10
22 44 22 43
18 1 17 1
20 44 20 43
2 8 2 7
18 10 18 9
27 25 27 24
8 4 7 4
22 31 21 31
49 13 48 13
38 25 37 25
14 50 14 49
41 43 41 42
9 43 9 42
11 24 11 23
43 35 42 35
28 10 27 10
24 49 23 49
18 3 17 3
39 16 39 15
28 14 27 14
48 33 47 33
11 5 11 4
13 15 13 14
31 29 31 28
22 24 22 23
17 39 17 38
1 21 1 20
33 11 32 11
6 48 6 47
40 14 39 14
18 24 17 24
6 14 6 13
20 4 20 3
11 25 11 24
45 30 45 29
4 34 4 33
11 44 11 43
12 12 11 12
48 20 47 20
1 49 1 50
35 46 34 46
30 22 29 22
31 39 30 39
8 16 7 16
3 5 3 4
45 23 44 23
21 43 20 43
31 9 31 8
20 46 19 46
8 40 8 39
25 29 25 28
14 46 13 46
8 26 8 25
22 14 21 14
36 43 35 43
19 6 19 5
43 1 42 1
43 4 42 4
40 34 39 34
4 25 4 24
33 39 32 39
16 38 15 38
22 49 22 48
26 37 26 36
19 37 18 37
35 20 35 19
49 15 50 15
42 28 42 27
23 26 22 26
26 5 25 5
2 37 1 37
4 39 3 39
20 22 20 21
15 7 14 7
23 18 23 17
16 31 15 31
45 20 44 20
21 17 21 16
1 4 1 3
11 34 10 34
22 4 21 4
3 20 3 19
10 48 9 48
32 30 32 29
35 8 34 8
29 38 28 38
48 43 48 42
