50 50 25 1000
24 16 4 3 12 8 6 6 2 25 18 20 9 8 22 7 25 7 17 1 14 15 6 8 19 16 10 14 4 10 10 16 9 23 10 25 16 20 19 1 1 17 16 9 5 19 9 10 6 5
6 16 4 3 9 16 8 2 24 15 19 11 2 18 8 25 9 3 16 25 7 4 24 11 12 8 14 23 17 8 19 24 16 7 16 12 3 9 2 5 7 19 25 20 19 18 11 12 8 18
24 24 5 20 1 25 24 7 23 8 4 5 14 24 7 6 10 5 20 7 24 11 16 9 13 3 15 18 19 16 4 20 20 8 22 11 13 1 18 20 12 24 13 4 2 4 13 13 14 21
6 8 12 8 4 22 18 18 25 11 6 9 18 2 3 21 1 12 17 17 14 18 9 5 18 24 11 12 25 2 16 13 6 4 18 14 22 7 13 10 15 18 9 12 22 8 7 2 19 12
8 11 2 24 3 9 2 21 19 8 7 15 8 8 12 14 22 4 17 21 15 1 11 4 20 14 17 17 23 3 2 2 21 4 10 21 5 1 22 21 9 22 6 3 6 23 2 20 17 23
25 6 25 25 15 16 16 15 13 20 1 25 23 5 7 16 8 15 13 17 18 11 15 8 9 3 8 8 25 18 19 24 14 3 23 21 23 2 22 21 23 11 18 2 23 22 9 23 13 5
12 6 15 7 14 13 21 17 22 20 9 17 16 20 25 14 12 22 13 23 7 10 5 8 21 5 4 2 11 4 16 19 1 4 11 3 9 25 14 10 6 14 23 9 5 6 14 6 13 22
8 22 25 18 25 7 22 18 22 7 23 4 10 3 8 12 14 10 24 6 4 17 5 2 17 24 20 13 21 14 13 18 25 23 5 16 5 19 9 25 11 3 17 18 2 6 20 12 21 5
18 25 23 6 20 10 24 14 23 1 15 19 23 18 25 18 11 5 14 16 13 12 4 4 14 9 17 6 16 7 2 21 17 9 15 9 24 10 14 13 15 1 12 12 11 16 15 6 7 4
6 7 9 20 4 11 13 2 1 18 11 13 14 2 2 22 20 16 22 17 11 12 9 21 2 17 7 20 24 20 14 11 6 19 4 3 3 14 10 14 12 24 23 25 9 23 12 21 22 12
2 5 14 20 7 23 17 20 6 5 3 19 4 10 22 20 2 1 7 16 15 11 17 18 16 14 22 16 11 10 5 15 15 13 20 5 16 4 18 17 5 15 10 6 5 3 8 18 8 16
13 11 16 9 24 4 12 24 21 9 5 1 23 9 7 11 24 22 21 14 5 4 14 24 22 10 11 16 11 13 4 23 14 10 13 2 19 23 3 23 14 7 24 14 25 16 15 20 13 21
6 8 7 11 10 21 15 14 5 11 6 9 6 11 7 4 11 3 22 18 2 24 9 17 18 21 20 11 13 5 13 17 24 9 23 11 11 13 5 18 14 25 21 25 17 11 21 11 16 25
11 7 4 16 25 21 12 13 16 21 25 10 22 1 22 2 20 22 17 18 20 14 8 15 5 4 10 8 15 4 8 8 11 3 11 24 14 2 21 6 23 13 3 3 16 1 2 14 5 1
25 10 9 5 1 8 25 18 2 14 18 6 22 17 4 12 11 16 25 3 2 5 23 6 14 14 23 11 6 21 19 4 11 15 19 13 14 22 9 1 6 25 4 15 22 19 12 15 7 14
13 24 19 21 17 21 3 11 9 21 2 9 13 19 17 15 16 9 14 25 21 20 21 25 25 4 24 9 9 23 5 24 6 16 2 20 1 20 19 8 6 25 9 21 20 4 18 4 12 14
23 2 1 15 17 25 2 24 23 21 24 23 14 19 25 3 1 1 9 9 22 13 21 14 12 9 11 18 21 3 23 10 12 23 22 1 9 20 7 17 17 15 15 21 13 24 23 8 16 16
11 10 1 18 25 21 3 25 20 11 8 25 6 18 21 4 16 3 19 13 9 22 13 21 9 13 25 14 17 15 12 9 5 15 23 6 19 14 18 6 5 12 8 19 11 21 22 4 10 10
17 18 11 2 13 13 2 24 2 15 6 6 25 18 18 3 5 25 14 5 18 11 2 25 2 18 20 24 18 10 21 13 14 4 25 24 24 4 10 25 12 13 16 22 3 4 10 10 18 9
12 20 24 20 13 13 23 20 24 11 16 23 3 3 13 19 24 6 12 23 8 10 23 10 1 1 4 1 25 19 4 6 12 8 7 16 14 2 12 2 5 5 4 11 2 21 14 19 25 12
1 2 5 19 12 12 15 19 21 13 10 16 15 24 7 21 18 20 18 8 12 6 4 4 5 24 11 22 1 6 10 17 5 4 2 22 16 23 7 13 12 25 18 7 9 24 21 11 11 10
21 4 9 16 20 21 22 11 13 22 14 22 25 4 9 12 10 17 20 3 16 16 17 23 3 12 10 18 19 21 3 10 2 17 16 23 17 3 24 7 6 24 2 14 7 9 3 23 1 24
11 25 8 24 21 23 8 17 23 5 8 14 11 18 10 2 12 4 20 22 3 22 4 21 19 24 21 16 1 21 23 20 16 4 20 13 22 6 25 6 4 14 23 18 11 22 19 20 15 19
7 6 5 4 2 7 17 19 4 21 13 11 8 15 9 20 20 4 24 21 1 5 20 11 19 8 16 5 3 23 14 2 14 19 25 9 14 5 2 10 13 20 22 23 6 16 19 21 6 6
15 22 18 14 12 5 20 8 23 4 11 22 20 18 1 4 1 25 23 17 1 22 24 25 1 25 20 19 2 20 17 20 16 18 15 6 13 25 23 9 23 3 6 19 12 12 25 17 18 21
14 7 10 1 17 14 7 4 1 21 4 18 2 10 22 3 2 18 25 19 2 11 14 17 19 5 20 1 21 15 24 18 25 12 19 1 18 6 2 19 14 8 24 22 15 5 11 18 17 9
14 3 18 22 20 15 23 24 20 9 6 14 25 4 17 15 24 18 18 24 17 18 5 20 14 11 7 17 23 13 10 4 14 8 6 2 6 3 19 22 19 25 25 21 8 4 18 2 8 18
16 25 3 8 5 24 19 1 16 18 13 18 2 22 17 17 11 19 13 6 5 21 21 13 13 8 19 11 11 5 3 17 22 10 22 1 5 16 13 7 8 21 12 13 18 20 23 18 25 10
6 23 2 19 15 10 24 7 9 7 25 25 21 11 7 22 13 15 12 15 11 22 7 17 19 5 8 19 19 6 17 8 23 17 23 9 6 16 6 11 9 25 16 23 16 2 2 25 24 12
25 18 14 17 17 1 10 22 15 24 18 3 2 12 24 24 5 7 16 19 19 23 21 25 21 23 12 1 20 10 25 15 17 5 4 22 8 8 7 12 11 21 15 20 24 24 15 5 12 13
2 22 23 19 14 13 16 9 20 6 14 5 5 20 6 9 14 2 13 7 1 22 25 22 2 18 24 17 10 7 4 24 5 6 8 25 16 9 16 13 2 2 9 8 5 3 6 25 16 17
20 3 13 11 1 11 21 6 23 20 1 11 13 24 20 16 18 23 21 10 1 10 9 5 24 10 24 9 22 8 10 24 9 9 2 11 17 12 19 21 22 12 25 17 21 12 7 19 16 4
13 2 19 16 16 25 17 5 21 4 18 20 10 17 19 2 12 19 4 16 3 11 12 3 9 22 21 6 9 24 12 4 15 16 11 14 1 2 19 20 17 17 22 11 25 22 22 9 7 4
14 23 3 13 14 14 21 24 10 11 23 20 12 20 16 21 8 2 14 16 20 9 7 22 14 22 10 18 19 2 18 24 11 25 19 4 21 6 7 20 4 2 9 22 11 18 22 11 16 9
2 24 3 19 8 13 25 7 17 7 1 11 23 4 16 19 15 20 17 5 4 20 14 17 12 21 10 12 10 3 6 5 20 23 17 6 25 8 12 10 5 20 7 16 1 5 6 1 16 21
7 20 16 19 9 10 11 6 6 14 14 9 6 18 19 15 18 16 25 12 11 15 22 23 23 6 6 17 21 19 1 4 25 10 24 23 17 4 5 21 17 11 17 5 3 19 15 15 6 23
20 11 17 5 21 3 17 19 1 11 2 3 14 4 9 13 22 10 22 13 6 17 7 25 22 23 12 16 14 9 11 24 18 14 13 20 18 19 2 18 7 2 19 7 5 3 9 3 14 10
15 17 10 14 16 2 22 3 24 12 7 19 11 3 19 14 20 20 23 25 21 3 2 8 22 2 18 23 18 5 14 15 23 4 18 20 9 5 20 19 4 12 16 20 18 6 19 9 12 9
16 17 2 12 9 2 2 13 15 19 11 24 15 8 15 9 7 8 11 20 17 17 5 22 7 11 6 18 5 17 18 12 13 11 21 22 14 25 25 22 7 5 19 4 6 3 12 16 24 6
17 15 5 3 14 17 19 11 10 11 24 5 4 11 2 8 17 9 4 11 8 3 7 1 18 17 11 13 21 6 14 20 3 19 10 13 13 4 3 8 11 5 8 7 1 11 15 14 17 15
14 2 24 8 2 7 3 9 4 22 20 2 24 21 17 4 14 11 14 13 15 10 16 13 24 14 18 12 10 4 3 1 14 20 5 18 19 12 4 12 3 6 5 11 10 15 8 8 5 18
16 16 5 17 18 5 10 19 21 22 16 25 3 13 16 1 12 25 8 11 19 24 11 11 14 5 8 16 21 8 21 17 23 1 19 1 5 23 25 22 9 13 7 2 16 12 17 9 11 2
6 17 25 13 17 8 13 8 4 16 22 15 9 18 3 3 21 17 9 14 21 21 9 16 5 20 9 4 6 20 13 18 1 14 15 7 7 8 16 9 15 16 19 12 10 2 10 5 11 9
10 4 17 6 9 19 12 7 8 15 2 6 4 22 12 20 10 6 5 21 13 15 9 5 15 20 3 20 5 5 9 1 11 17 12 23 3 19 23 11 22 25 15 22 5 24 19 13 17 10
12 7 8 12 5 18 16 17 20 14 6 10 1 9 25 15 2 20 12 3 14 18 10 1 25 22 19 13 11 10 12 1 17 25 24 21 21 18 22 5 15 5 3 16 22 15 1 3 25 18
21 23 18 25 6 7 7 20 13 25 16 23 8 18 20 14 16 19 25 10 1 4 23 21 18 11 20 1 11 10 20 20 16 16 21 5 16 25 3 25 19 6 22 14 23 20 16 24 10 1
15 4 13 15 6 18 6 12 4 19 14 20 19 3 5 22 15 4 22 15 8 12 5 7 24 20 19 13 7 25 13 12 8 19 3 22 17 9 17 21 18 4 8 2 10 21 14 11 13 21
8 1 2 10 11 12 21 13 17 10 15 10 10 1 7 15 23 21 16 2 18 1 20 7 4 10 3 3 18 9 17 19 11 6 6 12 25 16 25 16 3 4 15 21 8 2 8 1 13 8
18 4 24 10 12 4 13 3 22 12 11 18 18 2 19 20 12 8 1 8 8 18 19 15 18 20 18 12 20 16 4 7 17 20 24 15 11 3 17 25 2 17 11 24 9 25 20 8 12 1
15 14 15 16 4 7 25 24 18 10 9 23 8 9 25 7 22 1 13 21 18 23 21 24 1 19 5 15 17 23 24 13 19 13 10 7 10 17 1 22 21 9 5 9 24 17 13 22 20 18
0 0 0 0 0 0 0 0 0 0 0 0 0 0 0 0 0 0 0 0 0 0 0 0 0 0 0 0 0 0 0 0 0 0 0 0 0 0 0 0 0 0 0 0 0 0 0 0 0 0
0 0 0 0 0 0 0 0 0 0 0 0 0 0 0 0 0 0 0 0 0 0 0 0 0 0 0 0 0 0 0 0 0 0 0 0 0 0 0 0 0 0 0 0 0 0 0 0 0 0
0 0 0 0 4 0 0 0 0 0 0 0 0 0 0 0 0 0 0 0 0 0 0 0 0 0 0 0 0 0 0 0 0 0 0 0 0 0 0 0 0 0 0 0 0 0 0 0 0 0
0 0 0 0 0 0 0 0 0 0 0 0 0 0 0 0 0 0 0 0 0 0 0 0 0 0 0 0 0 0 0 0 0 0 0 0 0 0 0 0 0 0 0 0 0 0 0 0 0 0
0 0 0 0 0 0 0 0 0 0 0 0 0 0 0 0 0 0 0 0 0 0 0 0 0 0 0 0 0 0 0 0 0 0 0 0 0 0 0 0 0 0 0 0 0 0 0 0 0 0
0 0 0 0 0 0 0 0 0 0 0 0 0 0 0 0 0 0 0 0 0 0 0 0 0 0 0 0 0 0 0 0 0 0 0 0 0 0 0 0 0 0 0 0 0 0 0 0 0 0
0 0 0 0 0 0 0 0 0 0 0 0 0 0 0 0 0 0 0 0 0 0 0 0 0 0 0 0 0 0 0 0 0 0 0 0 0 0 0 0 0 0 0 0 0 0 0 0 0 0
0 0 0 0 0 6 0 0 0 0 0 0 0 0 0 0 0 0 0 0 0 0 0 0 0 0 0 0 0 0 0 0 3 0 0 0 0 0 0 0 0 0 0 0 0 0 0 0 0 0
0 0 0 0 0 0 0 0 0 0 0 0 0 0 0 0 0 0 0 0 0 0 0 0 0 0 0 0 0 0 0 0 0 0 0 0 0 0 0 0 0 0 0 0 0 0 0 0 0 0
0 0 0 0 0 0 0 0 0 0 0 0 0 0 0 0 0 0 0 0 0 0 0 0 0 0 0 0 0 0 0 0 0 0 0 0 0 0 0 0 0 0 0 0 0 0 0 0 4 0
0 0 0 0 0 0 0 0 0 0 0 0 0 0 0 0 0 0 0 0 0 0 0 0 0 0 0 0 0 0 0 0 0 0 0 0 0 0 0 0 0 0 0 0 0 0 0 0 0 0
0 0 0 0 0 0 0 0 0 0 3 0 0 0 0 0 0 0 0 0 0 0 0 0 0 0 0 0 0 0 0 0 0 0 0 0 0 0 0 0 0 0 0 0 0 0 0 0 0 0
0 0 0 0 0 0 0 0 0 0 0 0 0 0 0 0 0 0 0 0 0 0 0 0 0 0 0 0 0 0 0 0 0 0 0 0 0 0 0 0 0 0 0 0 0 0 0 0 0 0
0 0 0 0 0 0 0 0 0 0 0 0 0 0 0 0 0 0 0 0 0 0 0 0 0 0 0 0 0 0 0 0 0 0 0 0 0 0 0 0 0 0 0 0 0 0 0 0 0 0
0 0 0 0 0 0 0 0 0 0 0 0 0 0 0 0 0 0 0 0 0 0 0 0 0 0 0 0 0 0 0 0 0 0 0 0 0 0 0 0 0 0 0 0 0 0 0 0 0 0
3 0 0 0 0 0 0 0 0 0 0 0 0 0 0 0 0 0 0 0 0 0 0 0 0 0 0 0 0 0 0 0 0 0 0 0 0 0 0 0 0 0 0 0 0 0 0 0 0 0
0 0 0 0 0 0 0 0 0 0 0 0 0 0 6 0 0 0 0 0 0 0 0 0 0 0 0 0 0 0 0 0 0 0 0 0 0 0 0 0 0 0 0 0 0 0 0 0 0 0
0 0 0 0 0 0 0 0 0 0 0 0 0 0 2 0 0 0 0 0 0 0 0 0 0 0 0 0 0 0 0 0 0 0 0 0 0 0 0 0 0 0 0 0 0 0 0 0 0 0
0 0 0 0 0 0 0 0 0 0 0 0 0 0 0 0 0 0 0 0 0 0 0 0 0 0 0 0 0 0 0 0 0 0 0 0 0 0 0 0 0 0 0 0 0 0 0 0 0 0
0 0 0 0 0 0 0 0 0 0 0 0 0 0 0 0 0 0 0 0 0 0 0 0 0 0 0 0 0 0 0 0 0 0 0 0 0 0 0 0 0 0 0 0 0 0 0 0 0 0
0 0 0 0 0 0 0 0 0 0 0 0 0 0 0 0 0 0 0 0 0 0 0 0 0 0 0 0 0 0 0 0 0 0 0 0 0 0 0 0 0 0 0 0 0 0 0 0 0 0
0 0 0 0 0 0 0 0 0 0 0 0 0 0 3 0 0 0 0 0 0 0 0 0 0 0 0 0 0 0 0 2 0 0 0 0 0 0 0 0 0 0 0 0 0 0 0 0 0 0
2 0 0 0 0 0 0 0 0 0 0 0 0 0 0 0 0 0 0 0 0 0 0 0 0 0 0 0 0 0 0 0 0 0 0 0 0 0 0 0 0 0 0 0 0 0 0 0 0 0
0 0 0 0 0 0 0 0 0 0 0 0 0 0 0 0 0 0 0 0 0 0 0 0 0 0 2 0 2 0 0 0 0 0 0 0 0 0 0 0 0 0 0 0 0 0 0 0 0 0
0 0 0 0 0 0 0 0 0 0 0 0 0 0 0 0 0 0 0 1 0 0 0 0 0 0 0 0 0 0 0 0 0 0 0 0 0 0 0 0 0 0 0 0 0 0 0 0 0 0
0 0 0 0 0 0 0 0 0 0 0 0 0 0 0 0 0 0 0 0 0 0 0 0 0 0 0 0 0 0 0 0 0 0 0 0 0 0 0 0 0 0 0 0 0 0 0 0 0 0
0 0 0 0 0 0 0 0 0 0 0 0 0 0 0 0 0 0 0 0 0 0 0 0 0 0 0 0 0 0 0 0 0 0 0 0 0 0 0 0 0 0 0 0 0 0 0 0 0 0
0 0 0 0 0 0 0 0 0 0 0 0 0 0 0 0 0 0 0 0 0 0 0 0 0 0 0 0 0 0 0 0 0 0 0 0 0 0 0 0 0 0 0 0 0 0 0 0 0 0
0 0 0 0 5 0 0 0 0 0 0 0 0 0 0 0 0 0 0 0 0 0 0 0 0 0 0 0 0 0 0 0 0 0 0 0 0 0 0 0 0 0 0 0 0 0 0 0 0 0
0 0 0 0 0 0 0 0 0 0 0 0 0 0 0 0 0 0 0 0 0 0 0 0 0 0 0 0 0 0 0 0 0 0 0 0 0 0 0 0 0 0 0 0 0 0 0 0 0 0
0 0 0 0 0 0 0 0 0 0 0 0 0 0 0 0 0 0 0 0 0 0 0 0 0 0 0 0 0 0 0 0 0 0 0 0 0 0 0 0 0 0 6 0 0 0 0 0 0 0
6 0 0 0 0 0 0 0 0 0 0 0 0 0 0 0 0 0 0 0 0 0 0 0 0 0 0 0 0 0 0 0 0 0 0 0 0 0 0 0 0 0 0 0 0 0 0 0 2 0
0 0 0 0 0 0 0 0 0 0 0 0 0 0 0 0 0 0 0 0 0 0 0 0 0 0 0 0 0 0 0 0 0 0 0 0 0 0 0 0 0 0 0 0 0 0 0 0 0 0
0 0 0 0 0 0 0 0 0 0 0 0 0 0 0 4 0 0 0 0 0 0 0 0 0 0 0 0 0 0 0 0 0 0 0 0 0 0 0 0 0 0 0 0 0 0 0 0 0 0
0 0 0 0 0 0 0 0 0 0 0 0 0 0 0 0 3 0 0 0 0 0 0 0 0 0 0 0 0 0 0 0 0 0 0 0 0 0 0 0 0 0 0 0 0 0 0 0 0 0
0 0 0 0 0 0 0 0 0 0 0 0 0 0 0 0 0 0 0 0 0 0 0 0 0 0 0 0 0 0 0 0 0 0 0 0 0 0 0 0 0 0 0 0 0 0 0 0 0 0
0 0 0 0 0 0 0 0 0 0 0 0 0 0 0 0 0 0 0 0 0 0 0 0 0 0 0 0 0 0 0 0 0 0 0 0 0 0 0 0 0 0 0 0 0 0 0 0 0 0
0 0 0 0 0 0 0 0 0 0 0 0 2 0 0 0 0 0 0 0 2 0 0 0 0 0 0 0 0 0 0 0 0 0 0 0 0 0 0 0 0 0 0 0 0 0 0 0 0 0
0 0 0 0 0 0 0 0 0 0 0 0 0 0 0 0 0 0 0 0 0 0 0 0 0 0 0 0 0 0 0 0 0 0 0 0 0 0 0 0 0 0 0 0 0 0 0 0 0 0
0 0 0 0 0 0 0 0 0 0 0 0 0 0 0 0 0 0 0 0 0 0 0 0 0 0 0 0 0 0 0 0 0 0 0 0 0 0 0 0 0 0 0 0 0 0 0 0 0 0
0 0 0 0 0 0 0 0 0 0 0 0 0 0 0 0 0 0 0 0 0 0 0 0 0 0 0 0 0 0 0 0 0 0 0 0 0 0 0 0 0 0 0 0 0 0 1 0 0 0
0 0 0 0 0 0 0 0 0 0 0 0 0 1 0 0 0 0 0 0 0 0 0 0 0 0 0 0 0 0 0 0 0 0 0 0 0 0 0 0 0 0 0 0 0 0 0 0 0 0
0 0 0 0 0 0 0 0 0 0 0 0 0 0 0 0 0 0 0 0 0 0 0 0 0 0 0 0 0 0 0 0 0 0 0 0 0 0 0 0 0 0 0 0 0 0 0 0 0 0
0 0 0 0 0 0 0 0 0 0 0 0 0 0 0 0 0 0 0 0 0 0 0 0 0 0 0 0 0 0 0 0 0 0 0 0 0 0 0 0 0 0 0 0 0 0 0 0 0 0
0 0 0 0 0 0 0 0 0 0 0 0 0 0 0 0 0 0 0 0 0 0 0 0 0 0 0 0 0 0 0 0 0 0 0 0 0 0 0 0 0 0 0 0 0 0 0 6 0 0
0 0 0 0 0 0 0 0 0 0 0 0 0 0 0 0 0 0 0 0 0 0 0 0 0 0 0 2 0 0 0 0 0 0 0 0 0 0 0 0 0 0 0 0 0 0 0 6 0 0
0 0 0 0 0 0 0 0 0 0 0 0 0 0 0 0 0 0 0 0 0 0 0 0 0 0 0 0 0 0 0 0 0 0 0 0 0 0 0 0 0 0 0 0 0 0 0 0 0 0
0 0 0 0 0 0 0 0 0 0 0 0 0 0 0 0 0 0 0 0 0 0 0 0 0 0 0 0 0 0 0 0 0 0 0 0 0 0 0 0 0 0 0 0 0 0 0 0 0 0
0 0 0 0 0 0 0 0 0 0 0 0 0 0 0 0 0 0 0 0 0 0 0 0 0 0 0 0 0 0 0 0 0 0 0 0 0 0 0 0 0 0 0 0 0 0 0 0 0 0
0 0 0 0 0 0 0 0 0 0 0 0 0 0 0 0 0 0 0 0 0 0 0 0 0 0 0 0 0 0 0 0 0 0 0 0 0 0 0 0 0 0 0 0 0 0 0 0 0 0
41 48 40 48
35 1 34 1
44 20 43 20
34 23 33 23
13 3 12 3
13 39 12 39
18 12 17 12
35 17 34 17
47 16 47 15
28 29 28 28
19 24 19 23
21 38 20 38
29 31 28 31
46 49 46 50
45 15 45 14
17 18 16 18
14 21 13 21
28 20 27 20
39 8 38 8
39 9 39 8
40 24 40 23
17 44 16 44
24 48 23 48
36 38 35 38
29 15 28 15
33 11 33 10
41 24 40 24
14 28 14 27
7 27 6 27
13 19 12 19
2 32 1 32
24 9 24 8
45 31 44 31
29 22 28 22
37 38 36 38
28 16 28 15
2 9 2 8
47 46 47 45
10 50 10 49
7 25 6 25
8 29 7 29
24 24 23 24
10 11 10 10
28 30 28 29
11 49 11 50
25 46 24 46
8 24 8 23
44 6 44 5
41 12 41 11
29 15 29 14
39 37 39 36
13 11 13 10
19 43 19 42
48 50 47 50
4 13 3 13
28 49 27 49
14 35 13 35
33 6 32 6
50 10 49 10
23 4 22 4
45 46 45 45
2 25 2 24
24 30 24 29
10 4 9 4
6 31 5 31
39 15 39 14
31 46 30 46
34 11 33 11
8 39 8 38
33 37 33 36
20 4 19 4
31 21 31 20
48 13 47 13
31 31 30 31
32 33 32 32
32 21 32 20
26 41 26 40
12 33 12 32
5 10 5 9
6 18 5 18
22 40 22 39
14 15 14 14
5 3 4 3
38 43 37 43
48 4 47 4
36 15 35 15
23 47 22 47
38 9 38 8
33 46 33 45
13 39 13 38
6 47 5 47
24 41 24 40
20 47 20 46
34 33 33 33
16 31 15 31
16 3 16 2
48 50 48 49
50 50 50 49
32 16 31 16
35 37 34 37
14 17 14 16
33 16 33 15
49 10 49 9
16 23 15 23
33 38 33 37
43 5 43 4
11 18 11 17
48 18 47 18
8 1 7 1
10 37 10 36
48 44 48 43
39 22 39 21
4 33 4 32
6 33 5 33
20 26 20 25
4 47 4 46
37 45 36 45
13 10 12 10
15 43 15 42
30 50 29 50
30 32 30 31
8 29 8 28
17 44 17 43
27 40 26 40
9 45 9 44
16 6 15 6
7 29 7 28
31 22 30 22
3 3 2 3
50 46 49 46
13 39 13 38
46 17 45 17
14 47 13 47
16 48 15 48
40 24 40 23
32 22 31 22
42 14 42 13
41 37 40 37
40 23 40 22
9 48 8 48
29 3 28 3
11 36 10 36
22 31 22 30
25 40 24 40
46 43 46 42
44 20 44 19
25 19 25 18
29 8 28 8
13 44 13 43
48 2 48 1
50 4 50 3
22 34 22 33
20 27 19 27
49 7 49 6
20 29 20 28
20 41 20 40
31 6 31 5
3 5 3 4
26 38 26 37
5 48 5 47
13 10 12 10
24 6 24 5
32 3 32 2
31 33 30 33
25 23 24 23
19 37 19 36
22 16 22 15
34 18 34 17
33 40 33 39
18 33 18 32
18 7 18 6
44 29 43 29
13 33 12 33
18 43 18 42
18 2 17 2
4 20 3 20
7 16 6 16
44 40 44 39
30 40 30 39
40 7 39 7
39 1 38 1
34 43 34 42
45 49 45 50
37 36 36 36
37 18 37 17
15 49 14 49
27 10 27 9
6 44 6 43
7 20 7 19
35 16 34 16
15 16 15 15
22 36 21 36
5 10 4 10
27 26 26 26
19 27 19 26
37 25 36 25
32 35 31 35
48 40 47 40
48 36 48 35
3 19 2 19
9 7 9 6
26 14 26 13
44 42 44 41
30 33 29 33
40 17 40 16
36 41 35 41
22 40 22 39
14 22 14 21
39 10 38 10
50 5 49 5
14 11 13 11
25 22 25 21
38 6 37 6
40 20 39 20
33 38 33 37
40 6 39 6
47 49 47 50
40 34 39 34
12 37 11 37
5 15 5 14
13 10 13 9
46 28 46 27
7 12 6 12
2 49 2 48
45 13 45 12
18 3 17 3
33 12 33 11
4 26 3 26
37 41 37 40
43 39 43 38
19 46 19 45
14 17 14 16
47 25 47 24
31 17 30 17
25 12 25 11
5 29 4 29
5 19 4 19
8 33 7 33
27 8 26 8
26 27 26 26
32 45 31 45
44 37 44 36
10 4 10 3
26 47 25 47
6 6 6 5
24 34 23 34
46 48 46 47
49 18 49 17
26 47 26 46
8 37 7 37
15 22 15 21
16 15 15 15
18 11 18 10
14 28 13 28
34 21 34 20
1 22 1 21
19 3 18 3
37 14 36 14
15 49 15 50
4 34 4 33
43 46 43 45
46 28 46 27
9 17 8 17
35 16 34 16
39 22 39 21
7 1 6 1
22 35 21 35
25 27 24 27
3 15 3 14
30 29 30 28
37 8 36 8
3 2 3 1
33 25 33 24
21 10 20 10
18 23 18 22
7 23 6 23
24 27 23 27
19 40 18 40
26 27 25 27
31 47 31 46
22 25 22 24
15 36 14 36
4 20 3 20
33 18 33 17
6 40 6 39
47 25 47 24
28 31 27 31
4 35 4 34
39 18 38 18
45 6 45 5
7 20 7 19
46 6 46 5
44 24 43 24
18 12 17 12
28 49 27 49
43 43 43 42
32 40 32 39
1 26 1 25
29 21 29 20
18 48 17 48
45 7 45 6
29 33 28 33
29 37 28 37
24 9 24 8
2 18 2 17
16 39 16 38
11 22 10 22
38 21 37 21
10 46 9 46
26 4 26 3
12 3 12 2
38 27 37 27
47 14 46 14
8 17 8 16
17 40 17 39
31 15 30 15
5 12 5 11
3 18 3 17
38 14 37 14
18 16 18 15
6 16 5 16
3 23 2 23
35 22 34 22
31 17 31 16
33 40 33 39
26 33 25 33
1 32 1 31
38 39 38 38
19 8 19 7
3 13 2 13
4 13 4 12
30 31 30 30
46 6 45 6
9 17 8 17
35 25 34 25
43 3 42 3
7 42 7 41
11 49 11 48
22 36 21 36
9 36 9 35
16 12 16 11
50 33 50 32
30 23 29 23
45 45 45 44
49 32 49 31
24 41 23 41
22 40 22 39
35 32 34 32
21 5 21 4
23 45 22 45
7 30 7 29
44 3 43 3
38 21 37 21
39 8 38 8
2 19 1 19
12 13 11 13
16 1 15 1
1 42 1 41
49 20 48 20
25 20 24 20
20 9 20 8
41 30 41 29
48 18 47 18
8 3 7 3
20 27 20 26
28 42 27 42
12 32 11 32
26 50 25 50
34 10 34 9
24 2 24 1
43 19 42 19
3 2 3 1
49 38 50 38
30 3 29 3
31 34 30 34
19 26 18 26
39 15 39 14
15 38 15 37
22 13 21 13
6 40 6 39
31 21 31 20
35 8 35 7
7 39 6 39
43 45 42 45
31 41 30 41
24 10 24 9
14 48 13 48
49 49 49 48
7 38 6 38
7 26 7 25
45 29 44 29
7 20 6 20
31 9 31 8
17 37 16 37
42 21 42 20
20 35 20 34
49 19 50 19
1 36 1 35
47 50 46 50
29 31 29 30
20 10 20 9
41 8 41 7
32 24 31 24
33 14 33 13
14 12 14 11
10 29 10 28
45 4 44 4
23 24 22 24
31 24 30 24
12 10 12 9
46 50 46 49
38 30 37 30
27 44 27 43
3 9 3 8
9 8 9 7
13 28 13 27
44 39 43 39
40 39 39 39
6 28 6 27
2 33 1 33
28 22 27 22
48 33 48 32
49 10 50 10
34 49 34 50
49 8 49 7
45 12 45 11
6 3 5 3
14 43 13 43
3 19 2 19
20 20 19 20
1 48 1 47
30 46 30 45
5 18 4 18
9 49 8 49
7 31 7 30
44 37 44 36
44 31 43 31
17 9 17 8
21 36 20 36
13 26 13 25
15 32 15 31
22 34 21 34
16 34 16 33
4 17 3 17
8 27 8 26
23 49 23 48
5 15 5 14
6 23 5 23
38 10 38 9
40 25 40 24
41 40 40 40
8 10 7 10
26 14 26 13
32 17 32 16
36 27 36 26
16 40 16 39
12 40 12 39
5 12 4 12
18 19 17 19
28 18 28 17
23 35 22 35
2 15 2 14
36 36 36 35
27 12 26 12
3 8 3 7
4 40 4 39
44 1 43 1
50 2 50 1
40 34 40 33
40 15 40 14
49 23 48 23
18 2 17 2
8 33 7 33
43 31 42 31
40 18 40 17
9 24 8 24
26 10 26 9
26 2 25 2
11 5 11 4
36 42 35 42
20 40 19 40
42 12 41 12
24 39 24 38
47 9 46 9
15 36 14 36
2 17 2 16
27 30 27 29
18 14 17 14
31 30 31 29
31 19 30 19
49 47 49 46
48 13 48 12
9 29 8 29
30 26 30 25
5 4 4 4
22 10 21 10
35 45 35 44
28 33 28 32
26 19 26 18
11 50 11 49
39 32 38 32
34 31 34 30
49 10 50 10
12 1 11 1
34 5 33 5
33 21 32 21
21 28 20 28
39 26 38 26
45 47 44 47
30 5 30 4
44 28 43 28
37 16 36 16
34 49 34 48
19 35 18 35
7 33 7 32
29 32 29 31
8 34 7 34
44 50 43 50
47 36 47 35
24 5 24 4
24 49 24 48
45 31 44 31
48 6 47 6
4 46 4 45
26 44 25 44
25 48 25 47
21 39 20 39
11 49 11 50
16 45 16 44
17 2 16 2
13 14 12 14
49 3 50 3
33 36 32 36
13 37 13 36
18 34 18 33
33 4 32 4
31 3 30 3
35 23 35 22
41 46 41 45
31 9 30 9
49 4 50 4
6 43 6 42
24 44 24 43
47 20 47 19
33 23 32 23
46 32 45 32
2 36 2 35
50 26 50 25
4 18 3 18
10 25 10 24
43 2 42 2
16 34 15 34
7 15 7 14
8 45 7 45
50 49 50 48
14 18 13 18
47 6 47 5
14 31 14 30
19 49 18 49
10 13 9 13
12 22 12 21
23 4 22 4
22 48 22 47
20 38 19 38
23 11 23 10
33 29 32 29
13 47 13 46
43 33 43 32
9 3 9 2
48 11 47 11
21 28 20 28
35 36 35 35
21 15 21 14
35 44 35 43
10 13 10 12
44 13 43 13
34 17 34 16
33 6 33 5
27 2 26 2
37 8 37 7
45 17 45 16
23 44 22 44
2 8 2 7
3 10 3 9
46 31 45 31
49 24 49 23
20 11 20 10
18 29 18 28
42 14 41 14
8 50 7 50
41 4 40 4
15 36 15 35
46 16 46 15
42 17 42 16
39 28 38 28
18 17 18 16
26 12 25 12
26 38 25 38
42 27 41 27
6 16 5 16
21 21 21 20
38 34 38 33
17 7 17 6
9 7 8 7
49 38 48 38
2 42 2 41
35 34 34 34
29 34 28 34
36 14 36 13
8 42 7 42
15 48 15 47
2 50 2 49
35 42 34 42
21 44 21 43
18 28 18 27
41 21 41 20
29 30 29 29
5 18 4 18
33 22 32 22
30 25 30 24
49 11 50 11
20 44 20 43
25 19 24 19
46 25 46 24
17 35 17 34
11 34 10 34
18 27 18 26
28 22 27 22
36 1 35 1
45 25 44 25
30 25 29 25
8 12 7 12
10 28 10 27
6 31 5 31
12 15 11 15
8 45 8 44
43 33 43 32
36 20 35 20
4 25 3 25
17 7 17 6
16 29 16 28
16 7 15 7
16 38 16 37
44 43 44 42
29 28 28 28
33 21 33 20
13 39 12 39
26 24 25 24
4 49 4 48
35 4 35 3
8 42 8 41
43 36 43 35
19 36 18 36
21 11 20 11
35 39 35 38
48 42 47 42
28 35 28 34
31 47 31 46
3 15 2 15
9 45 8 45
13 36 12 36
7 1 6 1
12 33 11 33
7 38 7 37
11 46 10 46
37 47 36 47
22 20 21 20
50 40 50 39
19 4 19 3
19 38 18 38
4 32 4 31
46 39 45 39
37 32 37 31
42 17 42 16
50 3 49 3
30 5 29 5
3 2 3 1
26 32 25 32
33 27 32 27
44 37 44 36
47 2 47 1
44 22 44 21
28 19 27 19
41 43 40 43
40 26 39 26
47 10 47 9
44 23 43 23
50 50 50 49
1 49 1 50
33 16 32 16
28 25 28 24
32 26 31 26
18 43 17 43
9 49 9 50
41 8 40 8
2 6 2 5
9 9 9 8
27 10 26 10
18 4 17 4
5 22 5 21
34 37 33 37
45 12 44 12
29 34 29 33
46 34 46 33
39 34 39 33
23 25 23 24
12 27 12 26
21 22 20 22
30 5 30 4
18 39 18 38
23 32 22 32
1 44 1 43
6 33 5 33
8 34 7 34
16 10 15 10
16 24 15 24
29 9 28 9
37 33 36 33
39 14 38 14
41 45 40 45
21 40 21 39
26 24 25 24
26 45 26 44
16 50 15 50
9 44 8 44
17 50 17 49
28 5 27 5
46 37 46 36
11 32 10 32
27 19 26 19
47 45 47 44
21 50 20 50
22 2 21 2
21 18 20 18
35 23 35 22
31 33 30 33
26 15 26 14
6 38 5 38
8 15 8 14
44 15 44 14
32 50 32 49
33 32 32 32
12 48 12 47
25 7 25 6
29 29 28 29
18 24 17 24
14 48 13 48
47 16 47 15
15 33 14 33
26 45 25 45
12 2 11 2
8 16 7 16
48 27 48 26
32 24 32 23
18 42 18 41
44 48 43 48
19 26 19 25
29 18 29 17
12 19 12 18
16 27 15 27
42 47 41 47
49 4 50 4
7 5 6 5
44 11 44 10
43 6 43 5
9 8 9 7
32 11 31 11
50 34 50 33
6 15 5 15
3 21 2 21
18 33 18 32
46 17 46 16
40 35 40 34
43 20 42 20
27 37 26 37
33 9 33 8
3 43 3 42
4 6 3 6
10 18 10 17
6 36 6 35
49 25 50 25
27 37 27 36
37 40 37 39
45 49 45 50
12 10 12 9
28 5 28 4
12 45 12 44
6 33 5 33
16 33 15 33
38 18 38 17
44 31 43 31
39 14 39 13
37 31 36 31
35 37 35 36
29 26 29 25
37 20 37 19
21 10 20 10
4 9 3 9
21 16 20 16
20 3 20 2
28 29 28 28
27 7 26 7
34 7 33 7
33 27 33 26
39 22 38 22
24 37 24 36
35 18 35 17
40 24 39 24
8 23 8 22
42 27 41 27
20 4 20 3
37 29 36 29
38 17 37 17
45 34 45 33
16 35 15 35
4 28 3 28
26 14 25 14
19 11 19 10
5 23 4 23
26 29 25 29
41 48 41 47
7 8 6 8
23 35 23 34
39 13 38 13
45 3 45 2
6 26 6 25
28 18 28 17
3 13 2 13
19 44 18 44
21 8 21 7
48 45 48 44
36 24 36 23
9 42 8 42
46 6 46 5
38 46 38 45
17 32 16 32
5 17 5 16
36 35 36 34
30 47 29 47
46 23 46 22
41 9 41 8
19 2 19 1
28 17 28 16
9 13 9 12
47 41 47 40
2 20 1 20
42 30 42 29
5 33 5 32
46 37 46 36
7 30 6 30
32 18 31 18
19 42 18 42
2 40 1 40
38 43 37 43
38 22 38 21
48 50 47 50
20 18 19 18
28 4 28 3
20 36 19 36
10 27 10 26
18 23 17 23
20 14 20 13
13 31 12 31
8 10 7 10
20 11 19 11
12 10 11 10
5 40 5 39
48 12 47 12
44 43 44 42
3 30 3 29
19 5 18 5
42 41 41 41
21 6 20 6
40 13 40 12
38 26 38 25
39 20 38 20
24 14 23 14
19 2 18 2
2 6 1 6
32 15 31 15
36 49 36 48
34 24 33 24
47 40 47 39
39 23 38 23
2 22 2 21
20 33 20 32
26 13 26 12
49 33 49 32
12 6 11 6
43 27 42 27
50 6 50 5
17 30 16 30
48 19 48 18
22 9 21 9
44 7 44 6
27 46 26 46
1 41 1 40
36 10 35 10
41 10 40 10
49 35 50 35
7 8 7 7
21 17 21 16
24 30 23 30
20 29 19 29
12 12 12 11
27 9 26 9
21 19 21 18
32 5 32 4
33 2 33 1
42 37 41 37
49 31 49 30
2 47 1 47
27 49 27 48
44 32 44 31
33 37 32 37
13 49 13 50
14 49 14 48
42 15 41 15
3 6 2 6
32 27 31 27
50 15 50 14
29 20 28 20
25 31 25 30
22 18 22 17
25 49 25 48
10 4 10 3
37 42 37 41
4 9 4 8
16 1 15 1
50 29 50 28
29 3 28 3
4 20 3 20
30 7 30 6
10 37 9 37
44 44 44 43
2 16 1 16
43 14 42 14
8 35 8 34
30 43 30 42
44 22 44 21
38 35 38 34
29 24 29 23
27 17 27 16
50 34 49 34
20 44 19 44
2 39 1 39
11 22 10 22
34 45 34 44
18 38 18 37
8 18 8 17
2 20 2 19
29 22 29 21
45 23 45 22
44 16 44 15
36 6 36 5
33 49 33 48
42 31 41 31
29 38 28 38
19 37 19 36
24 37 23 37
32 34 32 33
25 25 24 25
13 45 12 45
11 9 10 9
29 2 29 1
49 20 48 20
48 16 47 16
3 30 2 30
32 27 31 27
26 32 26 31
29 32 28 32
37 41 37 40
13 29 12 29
40 31 40 30
30 25 29 25
9 36 9 35
9 15 8 15
6 48 6 47
28 49 28 48
10 49 9 49
21 40 21 39
18 39 17 39
39 17 38 17
35 26 34 26
10 25 10 24
31 45 30 45
19 28 18 28
35 50 35 49
35 33 34 33
2 12 1 12
30 41 29 41
43 23 43 22
2 6 2 5
44 35 43 35
24 9 24 8
3 18 3 17
12 45 12 44
17 4 16 4
24 12 23 12
50 22 49 22
