50 50 100 1000
67 90 89 3 5 74 17 86 71 69 54 94 80 33 58 45 42 20 96 98 14 83 61 15 65 13 15 46 43 82 33 4 58 17 87 91 53 75 40 52 54 26 39 21 49 9 92 63 67 88
31 64 33 70 86 46 20 61 37 78 54 18 93 38 58 51 59 3 85 14 71 15 46 37 46 8 62 65 4 89 5 95 84 67 66 68 65 30 63 86 7 27 43 59 14 73 29 81 82 10
95 47 43 46 46 1 58 33 23 16 57 73 70 99 79 97 58 14 77 22 41 20 8 45 54 45 1 61 27 5 28 67 2 51 33 53 42 12 75 24 86 92 19 83 5 81 39 59 88 36
72 70 48 83 28 35 17 59 98 15 6 47 81 19 75 13 93 89 23 79 51 38 80 92 98 86 3 60 39 67 80 10 48 31 95 39 37 33 74 1 66 10 23 56 69 26 27 75 81 77
25 46 62 15 92 66 92 77 55 1 75 12 17 95 79 46 55 79 67 67 25 46 57 72 78 15 44 12 62 38 66 61 9 63 45 84 50 89 97 48 76 85 73 88 77 91 29 72 17 23
94 2 71 29 28 69 47 85 20 7 38 19 97 69 91 74 61 64 72 81 22 34 51 71 49 18 74 92 46 36 45 73 41 44 93 49 34 50 37 70 27 6 98 22 71 28 97 62 46 48
48 34 7 96 95 67 7 96 57 94 47 99 31 55 4 83 54 61 5 44 75 65 52 80 24 31 37 24 9 26 18 34 1 76 24 8 9 19 46 20 67 82 19 35 85 25 65 84 46 47
93 15 43 61 68 28 66 46 25 13 28 88 62 65 86 63 94 51 1 42 79 69 62 37 56 21 28 33 6 100 15 30 62 36 78 47 41 85 59 85 98 41 29 69 87 87 39 100 4 19
10 20 54 21 18 41 74 4 21 42 11 33 52 27 94 83 30 74 35 53 51 97 7 89 14 13 30 20 90 25 67 86 90 81 18 23 37 97 95 62 38 17 37 26 19 15 26 49 74 34
60 19 38 79 35 23 65 57 12 97 26 41 92 19 44 4 63 17 29 98 49 93 83 90 59 78 22 27 96 16 15 67 94 41 36 17 18 8 95 93 50 8 72 21 56 78 3 16 6 28
100 67 87 17 59 40 100 12 33 16 16 56 14 52 75 30 27 81 31 34 36 48 73 58 80 18 12 61 4 55 28 62 81 56 86 60 19 71 51 88 36 95 70 83 24 84 11 61 100 79
54 32 20 34 39 39 73 11 69 64 14 31 75 96 76 64 39 86 80 96 16 91 84 69 31 85 81 65 80 47 45 83 7 12 37 49 1 30 12 76 75 31 2 80 16 51 12 40 83 5
75 56 57 77 39 79 19 17 42 21 86 95 53 84 11 64 92 76 17 69 77 75 67 56 38 19 58 24 51 24 85 14 49 85 37 72 95 67 11 17 97 54 36 29 66 87 52 21 1 90
44 15 1 43 12 80 93 90 100 65 30 17 43 10 76 32 76 76 51 57 94 10 34 74 3 17 33 67 11 14 96 35 3 79 36 92 93 23 49 34 91 52 79 17 26 3 44 26 23 68
13 15 46 50 37 66 89 86 59 99 13 88 51 10 80 88 24 52 45 14 69 40 5 3 98 35 17 62 9 52 53 17 69 11 51 89 33 87 53 99 76 70 69 7 94 37 90 60 50 38
4 86 59 64 35 39 72 17 45 93 80 72 48 76 72 76 79 63 79 21 93 80 64 69 1 96 66 80 38 98 60 79 1 18 76 69 66 9 3 9 51 12 44 15 8 12 42 43 62 93
6 44 41 43 97 41 80 46 61 77 17 63 20 8 47 11 49 72 94 88 99 17 36 26 5 27 67 78 26 43 3 21 62 26 45 79 33 74 68 66 12 93 25 83 14 90 75 42 37 96
95 22 82 50 86 93 88 80 54 47 52 36 46 62 19 31 81 62 61 74 97 99 6 49 7 54 5 9 63 91 9 99 10 13 86 58 17 7 70 43 54 14 27 96 4 27 15 6 27 40
35 90 95 72 3 26 76 83 27 57 60 53 67 7 80 20 47 35 37 62 3 52 94 69 35 37 35 8 7 63 29 65 92 20 6 58 18 4 26 69 58 88 92 43 38 41 34 13 79 89
18 71 3 39 79 71 66 47 53 17 28 83 46 14 14 22 38 51 50 30 87 80 78 53 29 14 57 60 31 22 79 13 37 5 55 76 66 34 35 15 40 38 80 26 53 15 73 16 27 46
14 17 8 14 51 89 68 16 50 20 36 46 32 79 63 55 90 97 14 7 42 50 95 13 61 13 89 75 96 33 82 58 44 74 51 59 76 30 49 43 59 63 8 21 37 12 98 12 3 56
31 24 45 33 54 48 96 14 48 28 5 17 83 95 4 43 17 18 45 89 3 50 23 42 86 25 58 53 16 73 11 32 14 79 94 97 22 55 53 73 7 68 64 69 91 26 88 4 31 34
5 97 95 39 29 65 17 70 93 98 49 21 40 92 64 32 30 2 86 45 16 42 66 72 53 94 9 16 70 11 57 79 70 58 98 79 98 30 53 61 11 62 74 79 34 43 3 33 11 87
40 79 15 84 43 11 77 18 68 90 56 72 50 97 22 29 29 38 38 73 1 13 34 49 61 68 22 16 66 53 56 97 62 70 12 67 72 21 82 91 97 24 68 39 33 27 83 86 85 60
89 7 46 25 79 30 91 37 79 36 82 2 73 54 75 83 18 95 64 31 90 70 11 83 36 40 98 80 100 21 89 16 53 4 64 52 92 49 45 16 69 31 1 63 84 11 16 94 14 5
91 35 65 3 3 26 25 36 12 4 6 1 68 25 61 83 80 8 29 63 67 9 85 99 43 37 90 68 78 91 51 54 19 23 24 12 81 74 99 17 58 80 66 84 54 88 24 50 51 13
5 14 70 96 90 42 25 5 11 45 23 92 83 16 77 62 43 59 24 67 13 46 98 67 96 11 34 36 63 86 50 38 24 14 32 97 36 38 73 83 50 20 62 5 11 32 77 93 86 11
7 21 94 72 36 13 81 47 24 55 9 94 2 17 52 48 40 57 93 24 97 28 67 85 2 62 36 59 1 22 47 17 15 89 32 64 31 57 90 1 98 55 57 74 81 26 39 8 89 24
39 5 89 32 90 41 96 83 3 36 71 48 37 87 83 87 85 25 50 81 37 14 53 13 88 45 48 85 73 29 72 5 59 59 56 45 54 60 30 29 92 16 65 32 91 8 8 58 71 93
39 53 16 58 86 28 1 70 14 89 86 65 82 73 79 5 10 16 96 49 91 35 50 60 83 13 72 30 99 63 53 50 74 15 42 91 52 85 5 51 35 33 52 37 55 71 62 51 7 25
20 29 92 67 72 70 37 76 56 66 68 84 58 42 60 54 67 24 100 7 54 40 92 55 35 78 67 14 52 34 66 41 77 76 100 15 78 57 9 8 58 36 75 3 39 91 58 5 25 8
68 6 46 46 39 65 12 62 41 88 13 87 46 82 19 66 19 34 87 64 7 18 53 6 83 44 38 95 13 44 57 14 56 97 72 28 14 8 28 65 9 48 60 28 25 53 17 51 2 99
70 88 9 90 15 18 19 43 7 81 34 58 81 82 26 49 12 39 56 72 68 37 63 9 83 59 97 15 11 38 67 60 48 99 73 11 94 21 51 65 90 64 92 52 13 72 80 59 61 98
2 81 66 84 54 58 75 54 93 59 82 19 89 79 29 76 51 52 18 86 99 20 49 26 90 79 46 39 71 95 50 22 68 7 24 90 2 64 88 34 6 34 20 26 43 56 25 63 49 86
84 61 22 20 27 28 84 65 84 48 22 22 12 97 33 75 38 76 36 67 22 58 26 10 70 26 86 99 82 24 85 40 79 50 94 57 85 28 12 86 14 68 97 62 5 4 43 4 52 46
1 78 45 44 74 93 53 55 65 25 39 9 63 7 70 11 12 77 3 78 11 55 20 7 49 93 90 14 73 78 98 99 58 92 95 20 32 48 49 61 53 8 26 6 98 47 93 36 28 25
54 69 69 70 67 5 6 6 18 100 57 52 17 29 24 96 29 7 55 76 3 84 61 100 90 71 76 33 74 43 87 61 63 28 59 70 25 27 55 43 65 97 7 71 24 68 2 5 55 16
90 92 46 47 64 16 22 72 30 46 18 29 79 14 94 76 37 50 55 68 31 100 97 47 31 34 54 80 29 49 42 2 8 52 64 83 98 82 35 38 25 55 22 2 46 11 78 91 4 89
87 14 30 53 59 67 64 74 7 63 72 73 68 88 68 32 4 32 66 16 16 18 44 91 72 67 35 25 52 98 56 57 98 47 49 77 29 71 73 50 8 89 40 76 17 27 3 45 41 50
60 28 13 75 45 41 18 43 28 77 72 54 30 79 77 40 35 47 66 25 19 92 12 42 17 24 8 32 55 35 75 18 73 71 37 78 95 58 17 21 6 87 85 23 10 93 59 11 61 83
82 28 73 79 22 16 29 44 15 100 38 30 30 41 4 67 57 3 26 59 48 13 7 36 1 50 33 81 73 84 44 48 47 54 73 30 70 64 28 23 2 19 73 6 71 28 43 15 26 64
84 64 27 69 46 88 17 61 37 75 83 11 54 34 1 22 12 66 6 81 28 86 39 51 5 39 63 43 54 10 59 100 30 10 37 98 61 60 82 52 21 12 21 14 90 52 45 84 96 38
12 58 89 52 90 84 10 88 28 54 99 40 8 34 80 82 58 20 63 100 72 83 82 95 21 83 95 62 28 83 74 61 45 40 69 31 17 23 23 37 12 30 60 2 73 76 46 44 36 67
48 48 23 92 32 74 75 24 90 100 30 30 6 28 32 48 4 22 56 72 81 100 16 43 35 13 86 10 43 87 52 57 78 8 46 84 90 66 47 80 48 26 72 45 20 98 8 28 31 5
26 78 14 6 23 87 50 28 7 66 49 35 12 79 42 1 54 93 69 25 9 23 49 14 77 63 34 42 77 64 82 15 63 42 54 79 21 5 89 41 20 49 67 82 26 85 35 67 49 89
84 49 20 81 67 80 39 25 40 70 22 78 1 27 93 16 70 55 67 85 63 56 19 59 58 35 10 68 50 66 23 23 88 47 40 70 66 28 78 53 6 74 51 3 14 28 58 67 58 34
97 71 18 88 13 49 92 46 72 49 10 16 40 32 51 56 95 59 12 63 9 52 94 99 11 20 61 82 69 65 71 46 71 79 6 39 8 24 47 76 14 12 91 41 82 1 87 56 96 28
44 63 4 98 51 35 5 37 30 10 47 7 73 51 60 14 51 98 60 82 8 25 12 76 74 69 20 46 88 6 48 57 81 49 25 77 99 71 61 22 12 2 71 93 99 77 34 29 4 31
21 91 63 98 39 88 52 53 85 82 91 22 7 71 69 93 85 57 82 22 72 62 96 69 79 61 78 31 35 89 78 78 45 65 82 100 79 18 47 84 41 82 23 85 32 98 84 31 98 15
49 48 23 12 88 40 52 5 31 24 69 83 22 51 48 70 88 28 48 22 57 27 17 79 85 7 66 68 25 71 32 87 6 35 68 65 31 39 73 69 64 3 3 2 48 75 53 53 71 16
0 0 0 0 0 0 0 0 0 0 0 0 0 0 0 0 0 0 0 0 0 0 0 0 0 0 0 0 0 0 0 0 0 0 0 0 0 0 0 0 0 0 0 0 0 0 0 0 0 0
0 0 0 0 0 0 0 0 0 0 0 0 0 0 0 0 0 0 0 0 0 0 0 0 0 0 0 0 0 0 0 0 0 0 0 0 0 0 0 0 0 0 0 0 0 0 0 0 0 0
0 0 0 0 0 0 0 0 0 0 0 0 0 0 0 0 0 0 0 0 0 0 0 0 0 0 0 0 0 0 0 0 0 0 0 0 0 0 0 0 0 0 0 0 0 0 0 0 0 0
0 0 0 0 0 0 0 0 0 0 0 0 0 0 0 0 0 0 0 0 0 0 0 0 0 0 0 0 0 0 0 0 0 0 0 4 0 0 0 0 0 0 0 0 0 0 0 0 0 0
0 0 0 0 0 0 0 0 0 0 0 0 0 0 0 0 0 0 0 0 0 0 0 0 0 0 0 0 0 0 0 0 3 0 0 0 0 0 0 0 0 0 0 0 0 0 0 0 0 0
0 0 0 0 0 0 0 0 0 0 0 0 0 0 0 0 0 0 0 0 0 0 0 0 0 0 0 0 0 0 0 0 0 0 0 0 0 0 0 0 0 0 0 0 0 0 0 0 0 0
0 0 0 0 0 0 0 0 0 0 0 0 0 0 0 0 0 0 0 0 0 0 0 0 0 0 0 0 0 0 0 0 0 0 0 0 0 0 0 0 0 0 0 0 0 0 0 0 0 0
0 0 0 0 0 0 0 0 0 0 0 0 0 0 0 0 0 0 0 0 0 0 0 0 0 0 0 0 0 0 0 0 0 0 0 0 0 0 0 1 0 0 0 0 0 0 0 0 0 0
0 0 0 0 0 0 0 0 0 0 0 0 0 0 0 0 0 0 0 0 0 0 0 0 0 0 0 0 0 0 0 0 0 0 0 0 0 0 0 0 0 0 0 0 0 0 0 0 0 0
0 0 0 0 0 0 0 0 0 0 0 0 0 0 0 0 0 0 0 0 0 0 0 0 0 0 0 0 0 0 0 0 0 0 0 0 0 0 0 0 0 0 0 0 0 0 0 0 0 0
0 0 0 0 0 0 0 0 0 0 0 0 0 0 0 0 0 0 0 0 0 0 0 0 0 0 0 0 0 0 0 0 0 0 0 0 0 0 0 0 0 0 0 0 0 0 0 0 0 0
0 0 0 0 0 0 0 0 0 0 0 0 0 0 0 0 0 0 0 0 0 0 0 0 0 0 0 0 0 0 0 0 0 0 0 0 0 0 0 0 0 0 0 0 0 0 0 0 0 0
0 0 0 0 0 0 0 0 0 0 0 0 0 0 0 0 0 0 0 0 0 0 0 0 0 0 0 0 0 0 0 0 0 0 0 0 0 0 0 0 0 0 0 0 0 0 0 0 0 0
0 0 0 0 0 0 0 0 0 0 0 0 1 0 0 0 0 0 0 0 0 0 0 0 0 0 0 0 0 0 0 0 0 0 0 0 0 0 0 0 0 0 0 0 0 0 0 0 0 0
0 0 0 0 0 0 0 0 0 0 0 0 0 0 0 0 0 0 0 0 0 0 0 0 0 0 0 0 0 0 0 0 0 0 0 0 0 0 0 0 0 0 0 0 0 0 0 0 0 0
0 0 0 0 0 0 0 0 0 0 0 0 0 0 0 0 0 0 0 0 0 0 0 0 0 0 0 0 0 0 0 0 0 0 0 0 0 0 0 0 0 0 0 0 0 0 0 0 0 0
0 0 4 0 0 0 0 0 0 0 0 0 0 0 0 0 0 0 0 0 0 0 0 0 0 0 0 0 0 0 0 0 0 0 0 0 0 0 0 0 0 0 4 0 0 0 0 0 0 0
0 0 0 0 0 0 0 0 0 0 0 0 0 0 0 0 0 0 0 0 0 0 0 0 0 0 0 0 0 0 0 0 0 0 0 0 0 0 0 0 0 0 0 0 0 0 0 0 0 0
0 0 0 0 0 0 0 0 0 0 0 0 0 0 0 0 0 0 0 0 0 0 0 0 0 0 0 0 0 0 0 0 0 0 0 0 0 0 0 0 0 0 0 0 0 0 0 0 0 5
0 0 0 0 0 0 0 0 0 0 0 0 0 0 0 0 0 0 0 0 0 0 0 0 0 0 0 0 0 0 0 0 0 0 0 0 0 0 0 0 0 0 0 0 0 0 0 0 0 0
0 0 0 0 0 0 0 0 0 0 0 0 0 0 0 0 0 0 0 0 0 0 0 0 0 0 0 0 0 0 0 0 0 0 0 0 0 0 0 0 0 0 0 0 0 0 0 0 0 0
0 0 0 0 0 0 0 0 0 0 0 0 0 0 0 0 0 0 0 0 0 0 0 0 0 0 0 0 0 0 0 0 0 0 0 0 0 0 0 0 0 0 0 0 0 0 0 0 0 0
0 0 0 0 0 0 0 0 0 0 0 0 0 0 0 0 0 0 0 0 0 0 0 0 0 0 0 0 0 0 0 0 0 0 0 0 0 0 0 0 0 0 0 0 0 0 0 0 0 0
0 0 0 0 0 0 0 0 0 0 0 0 0 0 0 0 0 0 0 0 0 0 0 0 0 0 0 0 0 0 0 0 0 0 0 0 0 0 0 0 0 0 0 0 0 0 0 0 0 0
0 0 0 0 0 0 0 0 0 0 0 0 0 0 0 0 0 0 0 0 0 0 0 0 0 0 0 0 0 0 0 0 0 0 0 0 0 0 0 0 0 0 0 0 0 0 0 0 0 0
0 0 0 0 0 0 0 0 0 0 0 0 0 0 0 0 0 0 0 0 0 0 0 0 0 0 0 0 0 0 0 0 0 0 0 0 0 0 0 0 0 0 0 0 0 0 0 0 0 0
0 0 0 0 0 0 0 0 0 0 0 0 0 0 0 0 0 0 0 0 0 0 0 0 0 0 0 0 0 0 0 0 0 0 0 0 0 0 0 0 0 0 0 0 0 0 0 5 0 0
0 0 0 0 0 0 0 0 0 0 0 0 0 0 0 0 0 0 0 0 0 0 0 0 0 0 0 3 6 0 0 0 0 0 0 0 0 0 0 0 0 0 0 0 0 0 0 0 0 0
0 0 0 0 0 0 0 0 0 0 0 0 0 0 0 0 0 0 0 0 0 0 0 0 0 0 0 0 0 0 0 0 0 0 0 0 0 0 0 0 0 0 0 0 0 0 0 0 0 0
0 0 0 0 0 0 0 0 0 0 0 0 0 0 0 0 0 0 0 0 0 0 0 0 0 0 0 0 0 0 0 0 0 0 0 0 0 0 0 0 0 0 0 0 0 0 0 0 0 0
0 0 0 0 0 0 0 0 0 0 0 0 0 0 0 0 0 0 0 0 0 0 0 0 0 0 0 0 0 0 0 0 0 0 0 0 0 0 0 0 0 0 1 0 0 0 0 0 0 0
0 0 0 0 0 0 0 0 0 0 0 0 0 0 0 0 0 0 0 0 0 0 0 0 0 0 0 0 0 0 0 0 0 0 0 0 0 0 0 0 0 0 0 0 0 0 0 0 0 0
0 0 0 0 0 0 0 0 0 2 0 0 0 0 0 0 0 0 0 0 0 0 0 0 0 0 0 0 0 0 0 0 0 0 0 0 0 0 0 0 0 0 0 0 0 0 0 0 0 0
0 0 0 0 0 0 0 0 0 0 0 0 0 0 0 0 0 0 0 0 0 0 0 0 0 0 0 0 0 0 0 0 0 0 0 0 0 0 0 0 0 0 0 0 0 0 0 0 0 0
0 0 0 0 0 5 0 0 0 0 0 0 0 0 0 0 0 0 0 0 0 0 0 0 0 0 0 0 0 0 0 0 0 0 0 0 0 0 0 0 0 0 0 0 0 0 0 0 0 0
0 0 0 0 0 0 0 0 0 0 0 0 0 0 0 0 0 0 0 0 0 0 0 0 0 0 0 0 0 0 0 0 0 0 0 0 0 0 3 0 0 0 0 0 0 0 3 0 0 0
0 0 0 0 0 0 0 0 0 0 0 0 0 0 0 0 0 0 0 0 0 0 0 0 0 0 0 0 0 0 0 0 0 0 0 0 0 0 0 0 0 0 0 4 0 0 0 0 0 0
0 0 0 0 0 0 0 0 0 0 0 0 0 0 0 0 0 0 0 0 0 0 0 0 0 0 0 0 0 0 0 0 0 0 0 0 0 0 0 0 0 0 0 0 0 0 0 0 0 0
0 0 0 0 0 0 0 0 0 0 0 0 0 0 0 0 0 0 0 0 0 0 0 0 0 0 0 0 0 0 0 0 0 0 0 0 0 0 0 0 0 0 0 0 0 0 0 0 0 0
0 0 0 0 0 0 0 0 0 0 0 0 0 0 0 0 0 0 0 0 0 0 0 0 0 0 0 0 0 0 0 0 0 0 0 0 0 0 0 0 0 0 0 0 3 0 0 0 0 0
0 0 0 0 0 0 0 0 0 0 0 0 0 0 0 0 1 0 0 0 0 0 0 0 0 0 0 0 0 0 0 0 0 0 0 0 0 0 0 0 0 0 0 0 0 0 0 0 0 3
0 0 0 0 0 0 0 0 0 0 0 0 0 0 0 0 0 0 0 0 0 0 0 0 0 0 0 0 0 0 0 0 0 0 0 0 0 0 0 0 0 0 0 0 0 0 0 0 0 0
0 0 0 0 0 0 0 0 0 0 0 0 0 0 0 0 0 0 0 0 0 0 0 0 0 0 0 0 0 0 0 0 0 0 0 0 0 0 0 0 0 0 0 0 0 0 0 0 0 0
0 0 0 0 0 0 0 0 0 0 0 0 0 0 0 0 0 0 0 0 0 0 0 0 0 0 0 0 0 0 0 0 0 0 0 0 0 0 0 0 0 0 0 0 0 0 0 0 0 0
0 0 0 0 0 0 0 0 0 0 0 0 0 0 0 0 0 0 0 0 0 0 0 0 0 0 0 0 0 0 0 0 0 0 0 0 0 0 0 0 0 0 0 0 0 0 0 0 0 0
0 0 0 0 0 0 0 0 0 0 0 0 0 0 0 0 0 0 0 0 0 0 0 0 0 0 0 0 0 0 0 0 0 0 0 0 0 0 0 0 0 0 0 0 0 0 0 0 0 0
0 1 0 0 0 0 0 0 0 0 0 0 0 0 0 0 0 0 0 0 0 0 0 0 0 0 0 0 0 0 0 0 0 0 5 0 0 0 0 0 0 0 0 0 0 0 0 0 0 0
0 0 0 0 0 0 0 0 0 0 0 0 0 0 0 0 0 0 0 0 0 0 0 0 0 0 0 0 0 0 0 0 0 0 0 0 0 0 0 0 0 0 0 0 0 0 0 0 0 0
0 0 0 5 0 0 0 0 0 0 0 0 0 0 0 0 0 0 0 0 0 0 0 0 0 0 0 0 0 0 0 0 0 0 0 0 0 0 0 0 0 0 0 0 0 0 0 0 0 0
0 0 0 0 0 0 0 5 0 0 0 0 0 0 0 0 0 0 0 0 0 0 0 0 0 0 0 0 0 0 0 0 0 0 0 0 0 0 0 0 0 0 0 0 0 0 0 0 0 0
29 25 29 24
20 17 20 16
26 47 26 46
33 24 33 23
2 32 2 31
18 21 18 20
33 45 33 44
23 14 23 13
13 43 12 43
17 40 16 40
7 17 7 16
6 3 5 3
42 9 42 8
7 13 7 12
45 45 44 45
43 4 42 4
26 8 26 7
9 40 8 40
26 4 26 3
7 38 7 37
1 49 1 48
49 49 48 49
9 31 8 31
11 43 11 42
49 40 50 40
46 45 46 44
19 26 19 25
25 33 25 32
15 23 14 23
33 44 32 44
37 45 37 44
50 8 49 8
27 10 27 9
39 7 39 6
9 37 8 37
5 9 5 8
10 6 10 5
46 19 45 19
20 19 20 18
28 21 28 20
34 2 34 1
14 35 13 35
41 23 40 23
2 44 1 44
49 32 48 32
47 5 46 5
40 44 39 44
23 17 23 16
19 30 19 29
45 50 45 49
15 11 14 11
31 50 30 50
23 30 23 29
47 2 46 2
50 21 49 21
5 30 5 29
30 15 30 14
17 6 17 5
29 19 29 18
13 24 12 24
41 35 41 34
14 18 13 18
17 17 16 17
45 40 45 39
49 33 48 33
38 25 37 25
13 42 12 42
12 27 12 26
7 33 6 33
20 27 19 27
12 23 12 22
38 2 38 1
12 21 11 21
9 42 8 42
18 5 17 5
19 46 19 45
36 50 35 50
46 32 45 32
49 43 48 43
11 41 10 41
12 37 12 36
49 25 48 25
28 23 27 23
48 8 47 8
40 22 40 21
32 3 32 2
15 38 14 38
7 4 6 4
29 2 29 1
38 46 38 45
15 29 14 29
12 19 12 18
8 14 8 13
27 41 27 40
15 43 15 42
45 10 44 10
4 28 4 27
8 37 8 36
49 16 50 16
38 39 38 38
16 6 15 6
32 13 32 12
39 49 39 50
17 49 17 50
1 5 1 4
7 26 7 25
43 2 42 2
47 11 46 11
46 20 46 19
12 11 11 11
15 38 14 38
21 5 21 4
19 35 18 35
13 44 13 43
39 31 39 30
23 18 22 18
17 38 16 38
2 5 1 5
15 21 15 20
38 4 38 3
48 40 47 40
30 50 29 50
50 48 49 48
45 22 45 21
47 17 47 16
31 31 30 31
24 33 23 33
50 11 50 10
28 32 27 32
13 28 12 28
14 31 13 31
14 49 13 49
9 25 8 25
31 12 30 12
21 37 20 37
49 37 49 36
24 6 23 6
48 47 47 47
31 35 31 34
47 50 46 50
46 3 46 2
41 5 40 5
10 16 10 15
38 5 38 4
20 49 20 50
40 12 39 12
36 22 35 22
34 43 33 43
48 40 48 39
50 2 49 2
31 14 30 14
27 32 27 31
3 3 3 2
48 33 48 32
37 3 36 3
44 5 44 4
8 38 7 38
30 50 29 50
23 25 22 25
16 34 16 33
10 16 10 15
49 36 49 35
13 4 12 4
9 8 8 8
32 26 32 25
40 4 40 3
47 14 46 14
7 11 7 10
36 31 35 31
35 20 35 19
15 23 15 22
44 40 44 39
28 22 28 21
27 8 27 7
29 12 29 11
35 2 34 2
13 15 13 14
27 6 27 5
28 31 28 30
4 17 3 17
36 24 35 24
15 19 15 18
11 13 10 13
48 17 47 17
40 25 39 25
10 7 9 7
31 28 30 28
17 8 17 7
2 44 2 43
21 8 21 7
27 6 27 5
46 23 45 23
28 25 28 24
9 20 9 19
7 15 7 14
26 25 25 25
19 6 18 6
6 19 6 18
26 7 25 7
20 13 20 12
20 28 19 28
49 39 49 38
20 47 20 46
43 25 43 24
44 28 44 27
20 28 20 27
20 4 19 4
14 42 13 42
42 46 41 46
31 31 30 31
8 38 8 37
29 16 28 16
35 16 35 15
21 24 20 24
34 31 34 30
45 4 44 4
27 8 26 8
5 48 4 48
50 35 49 35
40 41 39 41
6 37 5 37
14 15 13 15
18 26 17 26
46 29 45 29
31 47 30 47
23 50 22 50
50 21 50 20
34 7 33 7
3 23 3 22
11 30 11 29
29 3 28 3
49 26 48 26
50 7 50 6
7 32 7 31
11 12 11 11
25 27 24 27
43 27 42 27
29 5 29 4
41 28 40 28
22 35 22 34
47 40 47 39
42 21 41 21
32 5 32 4
11 36 10 36
39 34 39 33
18 44 17 44
10 50 10 49
33 17 32 17
4 44 3 44
36 16 36 15
9 10 8 10
28 17 27 17
13 50 12 50
25 32 25 31
29 15 28 15
43 43 42 43
42 36 41 36
12 40 12 39
20 42 19 42
46 48 45 48
28 18 27 18
35 41 35 40
5 41 4 41
14 17 13 17
21 45 21 44
17 19 17 18
49 32 48 32
4 9 3 9
36 2 35 2
24 20 24 19
35 4 35 3
50 11 50 10
23 34 23 33
20 50 20 49
20 25 19 25
35 38 35 37
34 29 34 28
49 19 50 19
30 12 29 12
47 25 47 24
38 45 37 45
29 9 29 8
13 2 12 2
48 43 48 42
15 2 14 2
50 27 49 27
35 20 35 19
33 41 33 40
47 15 46 15
11 13 11 12
3 37 3 36
8 21 8 20
43 7 42 7
35 38 34 38
4 40 3 40
49 27 49 26
8 34 8 33
38 13 37 13
5 25 5 24
23 18 23 17
49 16 50 16
40 49 40 48
37 39 37 38
49 39 48 39
46 12 46 11
27 6 27 5
40 22 39 22
37 37 37 36
25 31 24 31
5 10 4 10
9 44 9 43
39 29 39 28
13 25 13 24
4 36 4 35
37 28 37 27
38 3 38 2
48 25 48 24
50 16 50 15
19 37 19 36
22 26 21 26
2 43 1 43
5 13 5 12
4 46 3 46
49 25 48 25
28 16 28 15
38 28 37 28
4 14 3 14
36 6 36 5
33 34 33 33
6 45 5 45
36 10 35 10
10 22 10 21
5 49 4 49
45 5 45 4
23 38 23 37
32 34 32 33
5 33 4 33
41 7 41 6
21 36 21 35
35 16 34 16
16 48 15 48
28 42 27 42
43 19 42 19
25 36 25 35
43 40 42 40
38 22 37 22
2 18 1 18
26 41 26 40
24 13 23 13
14 42 14 41
19 12 19 11
37 9 37 8
3 4 2 4
43 9 42 9
14 44 13 44
26 34 26 33
10 34 9 34
12 25 11 25
27 2 26 2
21 12 20 12
12 47 11 47
19 3 19 2
39 17 39 16
3 48 2 48
40 27 39 27
28 1 27 1
3 8 2 8
22 37 22 36
12 6 12 5
7 15 6 15
4 9 3 9
9 44 9 43
25 45 25 44
25 17 24 17
44 10 44 9
22 21 21 21
10 7 9 7
35 28 34 28
32 12 31 12
43 39 42 39
29 18 28 18
20 39 19 39
28 27 27 27
34 45 33 45
32 17 32 16
7 36 6 36
36 6 36 5
41 6 40 6
47 5 47 4
30 3 30 2
11 45 11 44
40 22 39 22
17 47 17 46
50 13 50 12
17 17 17 16
10 22 10 21
25 25 25 24
18 44 18 43
25 35 24 35
29 19 28 19
15 31 15 30
49 49 48 49
32 29 32 28
38 46 38 45
44 4 44 3
13 31 12 31
31 34 30 34
15 12 15 11
29 33 29 32
2 8 1 8
41 44 40 44
21 4 21 3
20 2 19 2
9 5 8 5
3 13 2 13
3 10 3 9
43 33 43 32
46 47 45 47
16 29 16 28
6 39 5 39
15 3 14 3
31 44 30 44
24 5 24 4
38 7 38 6
4 28 3 28
9 49 8 49
32 23 31 23
11 22 11 21
22 44 22 43
40 42 40 41
45 43 44 43
28 29 27 29
49 41 50 41
16 47 15 47
47 33 47 32
12 32 12 31
3 9 2 9
17 28 16 28
20 18 19 18
34 44 34 43
17 28 17 27
29 48 29 47
43 23 43 22
29 11 29 10
11 3 11 2
35 11 35 10
40 15 40 14
14 38 13 38
30 20 29 20
49 14 48 14
40 26 40 25
14 15 13 15
47 20 47 19
49 30 49 29
20 14 19 14
38 31 37 31
10 12 10 11
17 41 16 41
11 39 11 38
15 46 15 45
29 36 29 35
33 15 32 15
7 26 7 25
40 49 40 50
26 19 26 18
12 12 11 12
47 30 46 30
22 3 21 3
48 22 47 22
14 23 13 23
44 26 43 26
10 3 9 3
23 42 23 41
25 13 24 13
43 45 42 45
46 17 45 17
46 6 46 5
26 39 26 38
49 13 50 13
4 50 4 49
12 6 11 6
36 50 36 49
16 13 16 12
39 1 38 1
18 28 18 27
25 35 25 34
40 6 40 5
45 40 45 39
33 21 33 20
22 28 22 27
42 37 42 36
19 50 19 49
16 50 15 50
3 16 2 16
39 40 38 40
30 29 29 29
35 49 34 49
18 6 17 6
16 19 16 18
36 23 36 22
12 43 11 43
36 29 36 28
34 50 33 50
15 29 15 28
6 5 5 5
45 9 44 9
44 41 43 41
44 48 43 48
10 3 10 2
38 4 37 4
14 4 13 4
9 48 9 47
25 19 25 18
4 1 3 1
10 9 10 8
46 29 45 29
17 5 16 5
7 47 6 47
35 6 34 6
49 19 49 18
23 19 23 18
11 7 11 6
15 45 15 44
22 21 21 21
44 48 44 47
39 49 39 48
49 38 50 38
16 49 15 49
42 25 42 24
43 23 42 23
22 29 22 28
44 50 44 49
2 45 1 45
20 17 19 17
25 19 25 18
49 22 49 21
32 19 31 19
18 16 18 15
49 10 48 10
18 10 17 10
25 16 24 16
44 34 43 34
18 15 18 14
31 28 31 27
25 40 25 39
49 2 49 1
13 46 12 46
49 37 49 36
39 46 39 45
29 16 28 16
48 11 48 10
25 10 25 9
13 33 12 33
50 31 49 31
48 33 47 33
48 14 47 14
8 44 7 44
18 41 18 40
27 34 26 34
20 39 20 38
30 49 30 48
5 8 4 8
35 6 35 5
26 2 26 1
38 24 38 23
49 27 48 27
14 43 14 42
21 16 21 15
12 14 11 14
40 24 39 24
42 30 41 30
29 41 28 41
12 39 12 38
13 41 13 40
9 47 8 47
46 45 46 44
27 27 27 26
5 20 4 20
16 23 15 23
49 33 50 33
17 5 17 4
36 17 35 17
35 22 35 21
12 14 11 14
48 2 48 1
9 45 9 44
36 23 35 23
27 49 27 50
47 6 47 5
5 20 5 19
26 46 26 45
2 34 1 34
44 26 43 26
24 40 24 39
40 27 39 27
40 33 39 33
17 2 16 2
29 17 29 16
34 14 33 14
26 25 25 25
36 35 35 35
4 43 4 42
3 1 2 1
43 20 42 20
45 4 44 4
22 35 22 34
2 32 1 32
37 42 36 42
41 8 40 8
17 27 17 26
25 46 25 45
9 28 8 28
4 4 3 4
26 5 25 5
36 14 35 14
24 8 24 7
31 27 31 26
16 2 15 2
27 27 27 26
40 22 39 22
22 46 21 46
22 47 22 46
46 34 46 33
25 33 24 33
21 11 20 11
18 5 18 4
8 18 8 17
28 3 27 3
30 42 30 41
24 49 23 49
49 14 49 13
24 35 23 35
8 3 8 2
6 15 5 15
33 36 33 35
32 19 32 18
43 13 42 13
15 49 15 48
31 37 30 37
37 49 36 49
43 44 43 43
46 43 46 42
30 13 30 12
47 14 47 13
26 43 26 42
50 16 50 15
45 27 44 27
3 10 3 9
2 18 2 17
41 12 40 12
48 3 48 2
31 19 31 18
50 47 50 46
16 43 16 42
20 12 19 12
6 20 5 20
49 10 48 10
17 39 17 38
31 16 31 15
32 22 31 22
23 8 22 8
5 18 4 18
9 22 9 21
7 34 7 33
38 10 38 9
30 11 30 10
25 48 25 47
30 48 30 47
20 37 20 36
11 14 10 14
50 7 49 7
20 12 20 11
14 3 14 2
17 16 16 16
50 16 50 15
49 27 50 27
13 37 13 36
11 48 10 48
44 8 43 8
8 14 7 14
20 38 20 37
50 3 50 2
16 9 16 8
41 5 40 5
22 26 22 25
6 4 5 4
10 36 9 36
49 16 50 16
31 7 30 7
13 26 13 25
7 25 7 24
27 42 26 42
4 28 4 27
10 15 9 15
21 26 20 26
48 18 48 17
26 15 26 14
33 18 33 17
37 17 37 16
22 16 22 15
21 40 21 39
34 32 33 32
6 47 6 46
50 40 50 39
26 13 26 12
9 33 9 32
7 5 7 4
47 16 46 16
7 25 6 25
6 23 6 22
16 3 16 2
49 44 48 44
9 49 9 48
5 33 4 33
6 8 5 8
24 45 24 44
16 27 16 26
39 6 39 5
4 50 3 50
39 16 38 16
16 8 15 8
41 2 40 2
7 44 6 44
45 34 44 34
20 21 19 21
50 25 50 24
18 14 17 14
14 22 14 21
14 3 14 2
48 40 48 39
29 15 29 14
3 20 2 20
10 24 9 24
39 7 38 7
47 48 47 47
13 34 13 33
28 24 28 23
22 44 21 44
23 33 23 32
12 2 11 2
33 34 32 34
42 46 41 46
38 26 37 26
31 38 31 37
3 16 3 15
49 37 49 36
2 40 1 40
38 36 38 35
9 8 9 7
3 22 2 22
37 12 37 11
3 38 2 38
7 44 7 43
48 37 47 37
47 44 47 43
5 30 4 30
28 23 28 22
16 43 16 42
50 32 50 31
39 28 39 27
13 7 12 7
23 3 23 2
2 8 2 7
12 24 11 24
36 16 36 15
7 12 6 12
50 15 49 15
3 4 3 3
15 5 14 5
32 36 32 35
12 8 12 7
43 6 42 6
2 13 1 13
31 40 30 40
35 48 34 48
43 35 43 34
3 14 3 13
6 49 6 50
15 49 15 50
27 5 27 4
16 9 16 8
34 14 33 14
39 25 39 24
49 46 49 45
32 47 32 46
34 32 33 32
25 33 24 33
40 33 40 32
31 17 31 16
32 43 31 43
26 45 25 45
37 49 37 48
23 9 22 9
25 12 24 12
28 38 28 37
26 4 26 3
30 34 30 33
5 13 5 12
11 43 11 42
46 28 46 27
3 49 2 49
34 43 34 42
12 28 12 27
8 12 7 12
9 6 8 6
5 19 5 18
17 18 16 18
16 15 16 14
11 45 11 44
24 22 23 22
40 17 39 17
11 49 11 48
37 27 37 26
41 35 40 35
45 42 44 42
12 31 12 30
46 23 45 23
26 24 25 24
22 17 22 16
7 37 7 36
42 15 41 15
34 2 34 1
32 14 32 13
6 18 5 18
38 5 37 5
41 30 41 29
8 33 8 32
38 37 38 36
8 11 7 11
28 30 28 29
44 5 43 5
4 39 4 38
24 25 24 24
2 46 1 46
39 21 39 20
20 17 19 17
37 1 36 1
47 44 47 43
38 7 38 6
25 29 24 29
39 36 38 36
37 22 36 22
17 48 16 48
14 48 13 48
22 9 22 8
32 31 31 31
18 40 18 39
22 37 22 36
40 42 39 42
26 17 26 16
8 20 7 20
6 22 6 21
8 19 7 19
31 16 30 16
49 38 50 38
9 42 9 41
44 24 44 23
4 31 4 30
34 43 34 42
11 33 10 33
13 3 12 3
29 42 28 42
31 34 31 33
21 12 20 12
8 32 7 32
21 27 20 27
16 29 15 29
28 50 27 50
28 13 27 13
14 33 13 33
47 45 46 45
23 4 23 3
36 13 35 13
44 8 44 7
38 15 38 14
28 13 28 12
24 37 24 36
31 15 31 14
49 16 48 16
17 33 16 33
26 29 26 28
14 16 14 15
26 25 25 25
49 39 49 38
14 24 13 24
37 11 36 11
8 5 8 4
18 38 17 38
13 20 12 20
19 34 18 34
20 37 19 37
13 42 13 41
26 23 26 22
42 48 41 48
33 18 33 17
30 6 29 6
5 19 4 19
21 4 20 4
37 17 37 16
17 48 17 47
19 21 19 20
34 15 34 14
35 43 34 43
48 49 47 49
24 22 24 21
14 29 13 29
34 19 33 19
40 27 39 27
32 27 31 27
43 42 42 42
46 25 45 25
40 40 39 40
49 31 50 31
48 26 47 26
14 39 14 38
34 34 34 33
26 14 25 14
14 10 13 10
2 50 2 49
25 17 24 17
44 14 43 14
25 25 25 24
37 13 37 12
23 31 23 30
3 35 3 34
21 49 20 49
4 1 3 1
41 47 40 47
6 4 6 3
33 18 33 17
13 39 12 39
8 46 8 45
31 26 30 26
31 23 30 23
4 12 3 12
45 49 45 50
6 29 6 28
39 28 38 28
11 14 11 13
40 36 40 35
2 10 2 9
7 31 6 31
34 33 34 32
50 17 49 17
37 46 36 46
32 10 32 9
21 34 20 34
29 43 28 43
49 31 49 30
5 18 5 17
17 46 17 45
49 2 48 2
33 10 32 10
36 10 36 9
20 50 20 49
25 10 24 10
23 41 22 41
13 37 13 36
21 28 20 28
33 49 33 48
9 18 9 17
14 37 14 36
12 18 12 17
35 13 35 12
1 41 1 40
30 27 29 27
18 34 18 33
20 21 20 20
50 18 49 18
43 33 43 32
44 38 44 37
29 4 28 4
6 49 6 48
18 48 17 48
41 34 40 34
25 22 25 21
19 28 18 28
16 41 16 40
37 49 37 48
46 15 45 15
44 17 44 16
31 44 31 43
13 41 12 41
16 6 15 6
10 7 9 7
33 13 33 12
39 16 39 15
49 6 48 6
36 1 35 1
44 18 43 18
47 46 46 46
39 8 39 7
40 2 39 2
39 5 39 4
13 37 12 37
29 13 29 12
49 47 49 46
28 34 28 33
13 33 13 32
42 31 42 30
