99 500 47
7366863 35953932 40523175 52101716 56118693 61433236 71684317 71875855 92217974 96389120 99010052 103430301 109617686 147404869 152847071 157585372 164031753 174850387 189785674 192879476 195446332 195851842 196466758 199161853 208102168 227164747 230493038 243454053 253004926 271944807 276593248 277394929 283756302 322923299 337363992 346922348 351228965 370734749 370752557 376539188 381162667 389968132 403825361 408935185 410816401 412513002 424958200 451655467 460952313 460988026 473990038 495324101 512277509 529315521 536279996 588790509 599158788 606854625 612916750 619857913 620394224 652817842 705541806 711800643 734274181 740568375 742774342 752115828 762944712 817305971 832843920 834560426 838422745 840720433 850761672 854522460 856805022 863151858 876109515 877914564 880771903 892545582 893436403 909685697 924250048 926572570 931987931 933632281 933782321 934588726 936666517 947463680 954120263 957529145 967929527 972262485 980942373 992853218
2 68 649588717
70 56 246330789
78 59 536387915
73 13 669755657
84 31 631581881
90 43 160738109
7 15 91330557
79 1 587047683
87 9 528652319
8 78 892111209
93 14 718107597
5 8 893875410
93 30 20733257
95 72 848312103
12 90 388747528
73 92 155833487
45 15 878151432
78 72 560524691
20 93 496978430
30 83 776314488
62 25 543572761
12 91 830189275
81 57 458576563
76 71 874202289
57 65 110028033
87 18 813243825
83 13 469032851
11 85 688018801
50 24 715978858
56 85 452742881
99 91 864626433
16 67 469717563
43 91 963163891
19 69 575981975
51 7 752963739
51 10 811220569
97 71 471475835
9 33 87734411
97 77 198483403
31 16 54285753
51 82 926057333
36 17 984035551
63 71 785236293
5 9 954641341
88 10 912963076
39 78 714252597
2 33 869424007
81 69 347920797
86 68 968743460
50 89 522851843
31 69 257654159
58 3 995775761
52 32 299698947
21 38 589446111
84 95 699516611
82 27 443789907
8 22 234295061
36 61 317332817
62 91 423282689
13 34 539705839
28 83 398891727
52 9 364814741
84 28 532383871
41 32 553657481
11 35 840935440
95 69 618616061
89 4 364641778
20 63 786658698
30 25 415552285
51 45 526054497
74 24 853464903
4 95 567804509
68 27 547622465
80 94 879622874
43 73 833164347
6 68 111854383
15 22 713894375
13 91 725766697
42 78 681518811
40 75 903587393
69 33 397750112
89 3 342976902
36 57 539983444
12 25 930718361
88 78 365778346
25 92 764882453
36 34 443517023
92 54 977290712
6 19 233609909
37 75 804129413
47 15 186008015
63 81 99914337
86 12 243450363
5 32 608658521
5 3 850216927
39 44 755430953
37 91 513058763
47 9 527156527
31 9 490205836
20 59 812222995
43 11 272564003
61 22 547631309
10 34 475641211
11 89 686495841
50 70 371465964
96 23 903201467
51 13 816486371
37 80 889372115
67 55 747005899
46 67 502279919
79 44 997417009
31 54 942207547
39 70 372481457
37 74 211310963
51 43 511399369
61 58 670553635
39 81 796920914
24 27 259121651
47 83 736197289
84 98 905641899
89 72 613994447
84 65 652379679
47 42 607908837
90 40 715987943
9 78 752826979
78 34 346164195
87 32 58704377
39 23 785567793
66 19 671809839
90 71 129736290
45 72 730651567
93 53 946083113
28 26 149056325
60 91 834809181
20 96 623155523
12 6 399225122
16 22 210158299
82 50 869663003
47 16 626098371
47 69 234710219
62 11 512115111
61 1 198069717
66 12 33099648
90 37 506970540
70 34 10107396
6 30 130664811
12 55 651159217
43 93 256842399
7 59 446223225
70 11 18334227
97 95 211072941
53 79 200987091
19 32 761998930
54 23 682806107
21 40 418198185
65 3 224523445
74 68 717349449
21 23 933522505
21 44 875812551
32 33 641435705
20 55 854045275
81 9 421812779
47 86 108433296
52 16 567519278
47 27 178547381
80 53 653985422
63 41 35982457
8 48 733059697
40 55 46222877
84 44 721708621
74 78 397266463
53 72 424709011
46 14 539218777
20 25 384582974
56 13 394070363
93 60 583740506
80 35 379347367
47 51 785429468
28 3 206177111
15 44 410538603
12 80 841942325
26 65 52080968
62 27 806637771
5 11 129807333
47 61 251559062
62 9 610684127
78 15 421103769
52 75 806661295
56 65 137243851
31 59 515722646
82 69 471872591
2 48 583203583
46 77 70533081
20 42 69109648
84 38 986311041
36 97 896367758
45 76 225626050
88 98 863637821
62 18 637007845
8 23 16102540
79 10 679452935
50 64 534664017
38 17 350959047
87 80 549916707
96 44 245333929
6 98 565280243
90 10 195166795
86 99 69585943
84 92 388768575
42 85 890783349
51 70 910816391
39 31 843028770
20 80 369689196
70 4 929245891
54 44 404596951
63 82 331773905
9 92 380791626
66 48 719456571
39 41 77444295
76 60 210290543
76 77 751773093
50 35 318108823
38 55 376931938
71 49 440429
78 49 241293303
76 28 524409751
5 91 381442317
32 67 509890192
61 33 32044263
70 73 742520229
74 7 896795469
28 91 93177258
90 94 374654593
70 8 582258401
98 17 87470331
47 97 227506279
82 97 790181841
18 40 805985413
45 25 570469809
56 1 893649739
73 77 622966222
77 34 29174745
28 34 54000547
40 73 46874255
15 65 814161589
74 52 173888921
66 53 806602645
51 89 579698143
50 58 478862758
87 61 38535645
81 72 449656135
79 35 620132109
50 23 963029337
4 13 626373857
37 4 636809549
40 3 53734041
20 2 205532676
27 85 111840503
97 44 331703903
6 40 146653284
42 45 539852961
96 92 600955829
82 9 431803023
63 5 916371749
47 4 14079045
70 16 233285155
38 69 648297273
36 55 549724647
29 98 10722703
81 32 94782547
96 58 811629531
39 92 901023707
92 26 498194598
87 73 397631271
96 64 615760095
52 46 186544259
86 45 609306338
42 7 560106659
46 13 772338283
30 59 446136375
39 64 598357172
82 83 65112211
61 65 313348935
81 73 118237383
57 77 523346069
17 44 813014077
15 60 571879093
35 91 345253589
38 72 39470471
12 27 694756915
6 67 60320001
14 17 986354641
66 99 867747120
93 31 576932565
79 64 12604551
45 73 672655605
95 83 303343017
11 92 312631315
93 45 625426173
42 44 982397395
55 44 899109899
99 56 431032815
18 13 810156889
43 56 515818415
42 43 836386760
56 14 367000427
79 98 680377271
51 1 404796107
42 35 425399465
97 48 714850007
68 56 32438555
29 41 242923552
69 77 828727053
93 5 959270443
88 44 398288364
30 88 393943607
33 72 729975672
12 74 380739272
47 74 826856605
28 17 657027303
6 44 682616447
89 61 830108101
7 21 218596618
94 49 465432303
37 76 306209745
92 16 265010131
43 79 927736761
8 89 199564726
86 20 853485146
11 64 874987533
30 96 41182577
40 69 696426983
19 27 804595746
41 76 373602149
86 77 188500645
3 60 832660457
19 49 768391621
48 73 741230319
47 66 592948604
29 60 551992409
24 25 651529035
99 54 960493623
19 75 701523395
21 95 517369044
4 48 771240187
99 72 728263957
36 8 924136229
30 27 308275973
5 73 185126384
25 22 935562553
63 33 556630753
99 84 333170444
80 23 622714571
4 85 466644962
20 88 383487433
84 52 51599358
25 1 228821557
9 94 943545637
86 78 162041069
43 15 426104439
97 22 796543138
95 17 27783742
46 7 626410747
18 38 457251414
97 81 209584635
19 8 971257463
57 60 742607203
74 14 106344781
25 95 278598113
61 44 322707435
20 97 639219481
82 4 741039159
96 60 703567247
20 29 626341975
95 26 299516211
83 33 639298421
5 88 487887762
93 94 264547421
5 29 130506434
48 26 693123075
20 50 514349950
37 32 992359957
19 57 964251279
90 28 931671416
90 36 107393960
71 16 735121131
39 99 702865575
46 38 195175923
53 11 135612320
4 33 621290039
99 75 763741365
15 13 983960834
81 18 506848626
39 58 239575481
99 3 363263991
47 39 148088004
47 72 811365523
82 57 769431227
42 14 995411366
63 31 802136795
58 34 730818287
36 56 712022708
29 87 951778783
90 82 614909134
29 70 496342843
37 6 698050813
87 15 309692113
99 69 861960151
97 33 610086171
93 35 409063387
15 64 385766075
31 57 901719729
84 5 512478440
45 16 293212573
42 71 422481479
54 85 690043019
34 22 912683879
53 75 483564373
17 22 799645853
74 30 487714997
86 98 288801361
6 43 526525773
29 62 875117224
41 69 54987286
51 95 974075181
97 92 870565265
3 85 814002629
67 91 253778383
2 19 504369440
47 80 722849315
7 83 79622265
2 7 437377689
18 92 659465225
66 20 359177093
26 77 560784815
46 1 547130528
37 49 870385941
59 44 521754803
97 52 295372815
79 23 486443701
80 13 635787407
21 1 497369879
18 33 200218547
66 35 33015131
89 34 395949009
66 14 586331953
32 23 904841931
4 98 638858892
27 60 42201125
27 77 436530585
53 61 808561891
48 49 810982288
45 26 366689459
24 61 331451631
21 98 283259617
71 73 206133403
47 75 229646407
86 14 937506177
81 79 366723802
99 50 12143273
58 72 397856795
45 55 592774165
87 55 156351873
86 67 510622241
9 44 788203577
43 9 733853475
80 58 520804261
18 41 660524915
5 59 457361803
87 46 316280170
21 78 645401083
41 59 683691187
93 10 981174477
74 22 811126011
30 2 168613309
51 87 971329464
97 65 611271549
74 48 315916574
68 96 729094962
8 64 212870981
35 57 574473821
81 55 873066067
37 50 646196591
47 76 521376523
50 7 793488960
31 8 358077109
7 72 704343757
2 31 31885197
24 56 896866641
24 17 367039383
90 65 721081039
16 33 374095665
51 67 760323191
40 59 380985317
90 77 766771139
63 10 894408029
2 28 597606689
76 98 309716105
82 75 271926436
90 30 392205518
