100 4950 88
1 1 1 3 4 6 6 7 14 14 16 16 18 18 26 65 99 113 150 164 172 183 196 223 226 226 284 364 1173 2088 2937 3911 3933 4015 4504 4563 5050 5082 5319 5334 6050 6561 28510 29172 31715 31727 34417 41518 42795 45273 49308 50728 63358 89125 97983 104416 976345 1074536 1141584 1275075 1294967 1673887 1807086 2044401 2048190 2116019 2206574 2207641 2496945 2543934 4244337 4902958 10727932 11702757 11734469 15909642 19136103 19145025 26992499 40430615 41385480 41787486 45460739 45637139 98437810 218204598 226781541 395464504 430772160 444633633 528759142 610541043 661827217 672688813 790947513 908530056 962547234 997728724 998540491
81 6 820965970
39 100 261989473
33 47 221788897
59 80 945755953
95 47 332648628
9 14 95662306
54 26 604991344
88 36 823266806
32 7 234030325
76 26 477172982
38 36 638763090
9 85 403596469
40 100 229247736
59 93 718692665
10 100 131404161
67 78 371057742
96 86 109358131
89 30 973870274
51 70 887252680
80 86 454867628
47 4 7243337
100 69 615462852
99 21 867949169
52 24 501599560
5 94 954076330
60 72 595754565
85 36 758148291
85 14 184417378
40 4 43013704
50 59 711813098
96 69 347770112
87 91 979861947
98 48 443985141
79 97 130038254
88 53 33033143
9 42 638911387
96 29 844620360
78 4 861811108
68 14 998870800
9 96 833198634
95 71 216536832
80 6 835154074
79 84 670369906
70 19 431660182
31 72 25537404
99 36 219619356
72 6 665204613
88 19 618243212
57 14 942275157
54 83 967193285
9 80 604874378
93 53 544745171
18 100 209499539
23 89 204497569
61 37 389925110
37 60 64665691
36 46 488087960
23 63 895034399
97 4 405828551
24 6 808852028
12 36 110584982
88 39 728208064
77 80 454033608
5 32 762354405
49 13 649232324
76 71 510105540
91 21 68513279
21 47 379848895
82 11 973793594
27 93 691884906
17 13 569984202
90 53 347920196
12 62 583797076
50 61 368836339
27 66 690330449
56 34 179043941
95 39 161190949
74 64 85636648
78 25 622442979
35 37 676993813
93 69 393319522
82 55 142020822
21 64 690383354
51 32 854651692
80 15 280378508
77 72 469077449
100 14 153226260
43 65 623440806
29 100 683022802
70 43 842415005
42 99 815505591
98 18 20861025
83 86 547662213
50 21 509904367
39 2 26995851
98 13 941916891
56 24 306584132
74 7 884892713
75 92 127480274
70 93 538713144
78 48 962082994
97 62 475004495
54 4 95720441
39 47 491367471
21 4 94983777
68 24 178084451
9 28 765692525
94 63 280013364
59 71 874898670
55 80 110345036
51 76 612325693
9 36 239438700
77 67 929118593
77 15 135949556
78 53 985644784
57 72 964938981
54 30 828784573
77 43 520798231
17 57 450493285
33 21 335710093
81 25 341386319
97 78 105630296
1 83 6739200
3 62 62896974
94 13 551441981
45 75 429834365
79 69 266788603
37 2 16027903
63 6 770807846
90 62 691779743
59 28 198601086
35 69 270974404
83 58 330292977
34 6 38934796
35 48 705897498
81 20 886112326
52 60 801629484
35 76 641107555
52 92 607617982
55 64 117866826
94 86 457840278
66 3 543683397
33 19 284489536
9 23 927691135
37 89 463016980
38 49 517127995
99 26 452048974
76 55 588125921
45 47 922811137
61 98 48526378
95 46 598499600
87 63 700588048
80 3 439987782
88 2 485403098
87 15 731092666
47 24 785808732
14 2 457639213
78 58 608370551
27 79 978507396
46 65 857205157
69 72 386394090
56 70 964778438
87 2 196046302
95 60 118546151
50 25 904989803
88 72 327711354
67 36 843934776
8 63 308327498
95 41 710778728
8 57 26182910
1 70 846245846
50 4 345884871
99 15 234475792
37 24 253277916
93 86 677902388
43 23 852751619
74 100 874892986
37 11 264844091
19 29 160580968
76 84 488983915
67 8 282465395
50 78 608053383
9 6 683068538
43 46 278647176
51 3 264137561
66 64 9902959
66 55 592951477
31 16 41935592
79 80 450627891
38 26 973434617
43 48 821212540
90 47 533314684
81 54 184846292
51 71 1329195
52 85 100995605
32 58 808882061
91 48 480814491
85 79 303148485
32 11 539178715
81 3 711305997
19 86 452330595
80 23 275800220
13 6 646493223
35 4 668706328
53 14 410079332
84 3 845900032
33 15 965731479
5 97 64363259
27 30 811234949
91 13 630235080
90 13 228149066
88 41 999187362
68 48 984345037
9 64 618141129
28 75 456945552
95 13 756402975
37 80 440260938
38 84 812933948
57 6 116194629
10 58 243086381
57 2 351679682
79 46 112040118
55 86 315670389
8 68 71738547
17 93 819253786
95 100 479525054
10 49 458725790
12 81 560345308
1 36 587741587
72 11 537514832
28 22 11721391
33 20 208522838
90 59 57765737
66 36 502030943
81 95 92325344
42 43 801543948
56 20 319704427
50 12 519597997
52 78 934525575
10 76 88245854
84 41 269291498
59 18 676432873
77 48 16628075
62 48 135024000
7 11 170736332
98 10 201363563
86 2 370162873
92 89 225969342
99 95 816889771
3 57 285987900
51 53 279423017
74 41 379314840
10 73 128109003
19 37 877049680
55 73 974976724
99 24 844850072
84 80 439086628
70 62 527212558
40 15 669035701
50 36 939666599
12 54 259351186
91 73 619325259
57 18 562376372
17 2 104655146
72 24 222420743
76 43 996068710
12 47 80146220
48 20 525370389
31 76 604054055
50 38 464247503
35 62 330897227
31 69 290516548
28 62 629587968
27 89 14734034
52 7 215791295
58 25 492003606
90 3 635916494
87 56 451956709
33 24 343394706
88 76 483340976
82 57 50243626
55 13 669470513
8 21 70890961
79 53 345549022
39 73 625072402
32 22 816971637
57 4 930715785
52 57 569704215
27 20 182525772
42 31 699400283
40 56 612292574
56 15 667491695
40 10 252168845
84 30 918033328
37 48 151776171
1 23 375107627
23 16 175778446
42 98 25798921
61 3 321485580
86 48 811677204
55 92 205307426
32 92 466447814
26 24 423121844
23 58 953852947
70 49 363532968
19 16 285851980
26 25 521732073
38 73 508505254
49 22 152111667
90 95 538734172
19 36 875605544
88 34 290600384
7 58 122414085
73 14 660397141
66 73 811571966
76 3 983580376
35 93 475048369
17 64 707447284
87 96 40014842
40 13 624055645
49 63 757159857
33 34 77967684
81 83 728284462
79 68 243974154
88 92 629333578
94 18 855021023
26 71 599055753
38 4 384767746
60 100 288841120
60 71 563087072
92 69 571767923
81 75 327954719
35 74 204410417
98 89 224565107
67 83 486763980
87 64 216032778
32 71 117858492
96 73 413257846
96 65 39572612
12 1 611977262
71 22 90840406
47 73 462715739
87 95 418196518
92 15 444444097
57 41 694069740
50 10 156016808
88 59 741615900
36 65 734783232
21 86 252894850
88 97 731420839
94 8 37365974
99 22 61204058
49 93 992453581
42 8 81370134
10 33 378389609
42 3 421753307
88 46 31819448
53 20 24024198
10 95 442492330
90 5 715347336
12 25 2477758
52 17 303052004
91 4 901458897
50 72 24032068
82 84 461188715
76 4 238632497
87 94 441719494
93 11 750979189
83 4 254883995
5 16 627872972
68 100 642230691
52 72 649968061
35 94 980927527
12 14 363186005
81 37 452463859
97 28 780845080
33 3 691574991
82 69 304161443
44 60 798506671
51 73 176006233
76 36 394509292
52 31 318814032
17 71 173658959
99 4 916836531
31 46 344368621
10 71 648864605
98 1 557424869
98 43 862529861
62 53 785905702
97 94 820047908
96 11 624416418
96 25 645474702
96 68 977460550
40 37 527950631
32 30 621053890
12 65 101446104
23 22 711971318
77 60 510847727
61 76 383221264
38 20 3582323
99 35 936076373
19 21 887055249
88 38 786499495
94 4 838198152
10 6 24821256
59 23 314662221
39 58 342217760
87 76 874755295
89 2 455419816
68 64 271011842
49 7 850870979
43 22 524186826
66 33 101428062
74 46 910457678
76 63 419078192
51 29 499766576
60 16 901370430
95 49 203820766
85 4 628159019
77 79 28073881
96 40 754282008
90 43 626416223
44 51 8537160
82 47 637823641
49 2 919649446
7 18 86499937
85 25 681306829
35 1 763127577
52 100 687353399
87 27 152341827
52 39 373165567
8 86 343966153
7 53 438816074
12 94 759362174
52 2 820532993
67 70 149103585
46 22 729966640
80 11 655155519
40 18 924189733
78 89 774320421
10 23 368158991
98 84 335031133
50 17 611367099
28 20 61071839
61 80 574821395
9 24 935966825
9 92 710665457
38 69 926658520
38 13 310043334
97 2 836045393
88 47 176373823
72 53 417329774
10 25 12702775
93 30 477896592
87 79 378997803
41 6 859019623
19 65 694554357
98 70 348094537
59 53 440771851
29 64 675433564
44 45 623275470
66 97 376175829
75 18 962638589
40 75 690890390
93 37 627407247
76 78 571573631
5 29 92985628
91 46 307651681
37 3 370469470
8 20 577747148
30 4 654001855
54 60 949931408
87 9 826192700
90 93 50350876
99 56 774254258
7 86 268191339
90 24 321583556
99 93 740999495
58 11 797913116
8 89 491252275
60 62 369783653
99 66 34420479
77 36 619209451
61 17 211899454
1 71 397522179
12 15 209312719
43 80 898663205
42 95 427890696
96 35 757660345
50 2 118992683
54 51 450132125
97 59 317770302
79 26 317841198
100 89 229759760
37 43 418984018
27 34 746792720
78 100 26818550
50 35 221739553
82 31 601149919
29 14 197261102
33 100 190717265
88 91 762570984
41 4 22551885
94 57 173729433
46 25 845898141
52 33 121460616
55 30 528094845
83 34 668920935
50 98 508516573
42 63 935108312
31 58 503600464
28 11 95873343
95 43 310444859
68 4 692764948
9 69 667768444
70 26 820914450
7 25 469829470
19 30 738019506
45 1 551062862
10 30 48894425
84 36 541808746
1 6 631674334
17 3 938794684
28 68 64287518
45 91 53604530
17 66 899210463
7 62 729246314
35 8 438412676
85 30 187012238
85 72 801169211
5 100 771899917
35 18 480092995
44 24 778870444
1 68 721302427
69 4 833888627
81 90 691412134
57 73 733843196
87 72 119970955
6 22 814956826
49 11 305296739
74 76 358186667
17 22 62960286
54 16 13174640
51 6 542400924
5 73 735967771
61 19 362675636
17 100 560574598
88 3 636518410
21 16 177529473
99 97 571493291
95 2 877601240
95 58 371236495
1 18 561167187
81 43 37577758
19 25 634969679
43 57 349892765
96 10 511042552
68 36 304037799
18 15 688417543
7 75 807738002
57 89 273818169
38 53 667272175
35 70 475831039
13 4 686582985
1 41 920552118
98 56 913719253
21 25 671305823
52 30 958526858
5 34 388434397
26 46 386923493
80 58 319172815
91 93 109968994
31 86 66371909
63 62 962485056
47 25 383959637
51 75 322999284
88 54 423393879
31 93 162753575
67 35 88567928
44 76 579773173
18 46 635222990
59 46 598613970
90 30 778436115
43 14 905528950
45 66 609589483
29 6 694430762
50 90 731645755
17 43 656428380
35 80 276900863
68 16 328942160
83 3 886007092
16 11 446492606
49 80 156822261
86 4 232026025
42 73 852979563
89 4 702351851
9 48 852818312
51 63 384101202
91 89 929283789
75 39 981009060
27 37 965140436
85 76 512061833
42 80 449965743
5 40 16700599
42 7 601375867
28 47 641239813
67 39 448003062
44 61 761301434
76 53 263267138
62 20 977684238
70 74 236739321
61 94 662363427
93 26 362191010
76 39 676557110
78 84 57094715
55 23 649936428
43 62 672939915
42 62 974367135
97 3 672574963
96 78 430549973
81 28 906317386
45 26 939902832
78 60 447876291
93 7 98657703
85 58 840819605
76 41 107446507
55 65 973930050
12 29 719197714
48 4 396002760
8 39 534572517
5 4 403106164
26 73 802008947
33 26 491251080
29 72 451893590
93 80 993250537
40 2 398352262
100 22 308444871
70 39 306597866
38 75 845610766
88 56 139348517
93 47 535847084
90 73 477034377
81 22 641037066
79 73 830646191
79 15 389005700
39 46 37592346
35 28 124942016
12 70 972754610
56 43 822545668
9 91 777965950
15 24 568743725
42 15 458754624
33 86 611455673
61 40 743441387
44 75 859957020
17 59 43201141
9 81 908318226
21 53 195426594
52 79 598880782
71 86 543842539
31 29 988584460
38 40 465599305
56 39 588563042
1 84 514766786
12 26 140556670
40 57 609065948
85 78 28227379
55 37 92151628
12 72 970205761
56 26 762539476
68 58 416748313
99 55 189758676
39 25 698177078
44 65 431305080
95 11 975560986
67 60 742133790
82 20 299113761
51 69 593586225
13 14 86643129
37 47 490291555
84 6 859011535
3 64 451902150
50 60 197234682
26 16 557401204
90 76 728528210
62 14 939581774
34 47 400488686
22 20 912680917
18 48 1032737
60 18 938833561
9 68 435141086
5 17 429580878
78 75 211643565
49 4 837505876
28 60 968201026
15 65 498758495
41 72 803198149
75 46 209300659
64 22 893459686
16 25 870951077
53 46 331644932
33 48 491440257
95 14 641505821
82 35 863809239
54 46 923873868
59 41 701957393
34 92 574681773
86 46 355666865
45 80 564724396
76 30 919186305
76 47 408412919
9 67 527680571
88 23 93700193
42 97 174407485
52 91 143245040
79 16 395163070
70 63 104257296
44 79 742299803
87 3 332683764
26 30 890117929
40 39 91406722
5 31 30803835
82 5 22731599
40 47 13131108
17 28 23510588
40 1 529352698
42 28 965832771
88 75 651274036
61 20 690467033
78 73 267576644
96 71 68676049
34 46 502215719
58 22 691787499
51 31 871731724
74 48 672928783
40 34 196758073
59 89 579056497
34 75 831041240
17 34 351039115
81 89 915112504
67 4 185573207
91 15 128503690
91 63 135142888
19 15 758762217
100 24 684825778
77 85 505214668
8 47 394442674
55 16 149572207
43 47 303002192
77 29 888452757
69 14 691924559
77 49 830648267
98 93 251551606
78 62 271148969
19 4 631697548
82 66 606842556
51 33 96493647
67 53 907149904
42 12 107593965
17 58 51812313
59 24 799666063
74 94 593608982
88 9 992673834
42 86 914396844
29 47 272786292
17 91 66734245
94 71 458988193
57 15 192795937
76 21 192220033
45 68 169769784
97 20 276500689
1 33 202494642
17 65 642869585
5 14 768729793
55 58 979348804
27 6 962807502
50 92 830940975
5 24 99518908
71 46 260131846
19 71 161619240
84 16 969367938
85 63 328812175
7 63 344205846
56 6 380146928
17 73 830296431
50 26 60543589
79 57 631540812
49 8 854686191
99 28 755848658
83 89 356471371
9 90 700536897
54 66 536636759
61 13 62719096
80 69 406909497
6 11 951773807
27 51 555237227
83 14 638691586
47 2 123893615
84 57 782483195
42 92 65218312
82 45 327779213
38 43 60647143
56 16 461905118
21 72 613268667
17 80 713810562
84 26 440752417
60 63 204024106
61 97 612625402
38 98 542483243
59 75 686618423
85 26 645493248
70 59 846637022
18 64 98454185
27 17 222552218
31 25 346179616
10 20 996938298
33 11 296319742
28 43 214776671
67 3 436889324
39 65 863119737
81 11 647063057
27 75 106505354
92 64 26060099
63 86 569071043
59 58 628624994
34 57 201533926
94 64 915373745
12 34 426547017
84 39 274220168
59 7 833906808
71 48 501071191
44 86 820754531
83 13 437542082
81 46 110201339
96 15 328635362
83 26 515394499
52 19 433675954
67 11 778971517
56 13 604899571
95 84 11795355
94 100 920182703
19 22 232604352
40 65 818761725
87 52 806436875
90 70 695081117
31 73 259469182
40 74 538974844
6 2 560047297
64 36 708953789
54 71 782081050
8 29 71313702
77 75 97920524
15 22 748928734
77 52 880300039
12 20 996045865
79 37 852907915
5 36 32578979
59 68 176571665
5 21 999209038
67 51 764751493
96 63 631506415
85 28 201302310
85 74 132926435
10 54 752184134
81 29 568799696
9 78 143778958
59 13 654082710
9 3 854841503
97 69 60709941
51 13 168967728
81 57 629304589
11 20 25284877
83 57 795864713
77 17 356378435
5 56 586201564
92 71 583082492
21 48 524497419
3 71 244824734
84 11 529014779
9 66 98998301
70 47 888682846
12 5 913167697
49 86 561620482
31 78 817605175
31 68 895211638
97 49 973544217
88 26 345444483
93 62 493497249
42 75 165936372
90 23 500944463
47 86 851587133
75 13 435968526
17 60 154576888
74 59 479718778
39 86 880817206
100 62 863823353
98 15 648278930
31 34 587061529
90 75 740848944
26 13 832851639
93 43 122544071
3 30 244960974
41 65 819101986
42 56 99504002
35 31 109127040
44 11 345490802
64 62 381233298
87 42 107629063
55 25 898706781
85 73 900591522
94 93 709087334
87 6 89529447
31 55 552909985
44 41 162591175
56 75 758013223
50 52 20372750
82 98 422014056
60 64 901216834
96 14 539436147
72 16 457845626
58 16 549231970
49 62 228004578
45 95 950432116
94 83 755842297
75 11 706963663
57 53 788816642
35 2 487165782
6 16 107887213
100 73 167498760
99 37 647750525
34 14 645168257
60 8 724481596
81 59 806705995
1 86 387754750
6 65 822987757
48 53 355214138
87 24 965036224
71 15 724158133
51 4 873026747
61 81 587879465
91 24 480808838
76 8 996304665
45 32 801443127
60 86 317370151
67 91 91713881
1 57 321716158
83 72 511093477
19 13 59970681
9 10 460715014
74 43 289447049
66 7 150669364
63 24 526997908
39 62 50195304
91 78 117133380
91 41 523600971
70 2 984130409
16 2 11804248
79 76 92581888
84 69 412066835
17 24 707576161
18 58 760307025
45 93 148768165
54 35 226762200
73 53 346920718
33 13 638205303
63 20 236642272
99 63 657636996
78 43 325698125
51 72 720831084
90 15 897746370
9 61 769689187
61 63 511427151
42 46 288697714
43 89 394365544
85 91 271820806
90 83 515474369
95 69 765255334
81 63 240686821
34 36 336674623
52 15 183738854
17 16 107589968
67 89 719588564
95 20 864255528
97 13 556944074
8 73 249210203
66 26 823489127
59 6 632438506
51 41 694825156
54 91 605931516
17 11 912555978
33 23 462322793
43 64 704678727
3 4 948093515
57 75 512445927
99 14 634229572
15 2 888497181
92 20 604108210
82 67 17566440
54 39 594108373
1 60 415804128
56 28 650472384
60 58 936239531
50 45 54834691
37 71 836662569
74 92 534190630
58 20 646962257
57 63 343236273
17 14 625377100
67 16 631719324
42 58 804375249
59 25 688656954
10 34 857544448
45 69 16387001
13 36 626399075
82 51 804282716
78 2 700412055
17 23 281335018
8 30 245707913
99 44 994264474
81 13 881207164
67 56 619012032
32 20 398839618
27 23 459439638
34 89 318165030
61 93 772855196
1 19 819820915
18 36 906808688
45 21 272764105
40 97 102084497
33 71 816103782
85 29 732633818
90 100 121559426
80 4 410153164
35 84 231758145
38 2 149120841
23 69 86673493
74 75 55201008
3 16 580721585
56 14 685681039
50 42 831066432
50 57 555890720
66 43 110719645
29 46 661427160
26 36 355626729
27 31 814498228
82 85 875260651
44 40 169710521
90 4 510052260
45 19 857583208
78 26 355377502
52 11 454698938
66 8 646146866
40 86 623009462
45 15 735926714
74 36 965684002
62 30 418219202
98 66 265097206
94 26 47438074
13 22 115652525
74 26 458553543
84 71 136303805
43 36 264143384
85 18 166699444
96 64 579007129
32 64 597583790
68 63 862476853
10 94 849088960
28 4 466812827
9 7 248249732
7 20 612755776
50 83 477614250
49 72 858979131
33 30 987956617
59 15 782046041
9 86 651213405
44 39 900012331
82 90 545249469
28 94 946599103
50 31 179485583
91 2 469819437
85 41 13346026
98 64 676899516
13 25 187635104
75 69 494793631
66 89 685103105
72 36 497444597
27 78 730942142
60 30 959646754
62 2 26299677
61 53 564469406
35 79 985246216
44 98 2939789
38 19 570725952
12 21 500577623
75 41 30316548
36 20 70937237
96 76 541915819
77 56 430294821
12 49 861620078
77 19 572660268
74 47 499413843
39 16 927079864
97 26 103642745
43 15 441915454
44 2 801536965
55 47 306144162
79 43 717152621
39 15 966873191
36 62 423176255
72 22 656835957
9 30 864534998
27 64 962963980
44 68 935544102
28 14 913205802
54 59 825057191
66 28 904108075
85 89 795094849
42 93 684360341
98 69 823875661
73 22 772028115
56 32 757737605
91 26 682485851
45 16 53929018
44 7 642566773
79 60 680005866
60 47 116140667
8 26 280661444
92 4 948732612
23 73 854307718
84 46 67415117
38 45 182703399
8 18 205718112
85 47 257504687
80 46 976939588
66 29 914151757
77 63 75533249
50 55 405360185
79 33 623719857
76 69 116334202
93 8 103864286
86 20 669586646
59 62 554000828
54 8 494758298
9 47 280621075
67 32 678609145
43 6 98330385
85 92 627562302
1 100 195371385
98 63 375052529
61 31 777751091
61 6 581201079
89 14 729430937
35 51 237463326
27 38 521739276
44 21 677402103
87 73 152258933
49 92 984120931
82 38 63444983
71 65 367944326
44 30 455121428
37 23 952265545
35 71 456863664
77 44 555349447
1 80 840671704
89 73 583791499
19 26 796330131
44 57 765822997
7 69 799951621
34 73 6638576
36 53 640887065
98 20 371538543
9 52 359647635
53 22 835590208
10 83 614585743
1 89 925395551
96 28 913417366
81 17 290852619
22 4 166278759
87 70 220015006
77 50 998849278
98 2 476424279
17 19 484513395
70 75 98064508
23 2 819646445
50 3 417679773
57 20 490025173
1 34 566435946
12 99 719037974
82 83 407377592
26 41 493683258
12 64 254366509
42 32 743293432
74 29 335059114
79 20 852331873
38 34 378366173
87 13 917855744
45 85 112102120
32 26 563194431
94 15 178215189
82 17 359754001
54 32 741422322
52 46 660113745
70 7 882561282
96 95 310409681
96 34 103424585
98 68 206030646
43 60 985116441
44 56 553805024
82 97 827617249
1 92 805803317
81 10 862847417
1 29 138911162
81 23 217522228
44 94 724539295
87 10 835986773
61 66 906526983
82 8 288962852
9 53 896539253
31 37 734130746
67 30 765233999
44 85 330707554
8 6 771996276
11 65 664560423
77 18 871590425
52 23 378586721
10 78 722535482
27 81 349565738
91 33 701476647
61 26 897131954
33 53 910682617
56 68 773617345
82 24 139428208
54 18 818785068
32 76 685569058
35 95 116865841
43 21 795772801
59 69 680514747
11 46 2463549
88 14 674920236
100 20 412820654
68 65 827494792
91 31 708240622
73 11 477407956
56 78 946270594
10 64 294258445
82 91 680368676
75 89 97253731
79 41 489109196
94 34 353383608
59 16 145619918
34 4 303650623
83 20 434667886
27 24 213542818
74 21 481576633
59 33 360439744
96 13 759697929
61 86 934999446
21 100 925298152
40 3 619692735
91 58 757902326
96 5 269147544
41 69 861746609
10 37 529360815
79 65 585644535
76 46 941979359
47 36 561957476
38 22 58953315
93 71 16161919
74 30 128769026
82 68 324681161
40 48 167214225
42 91 96929927
90 58 142665517
99 31 775186544
10 84 712917026
99 92 208770928
52 74 181023142
17 39 605801606
40 62 579289447
42 24 801733395
27 100 17838295
45 33 509923117
51 8 904531296
87 20 661121255
79 75 464218465
32 2 208170039
78 37 931922040
87 37 694580761
3 13 65349801
85 100 360954657
12 78 280550660
75 23 544910812
41 13 400332973
5 83 411951439
36 30 794009804
92 14 123298575
56 73 748758414
78 92 612462398
19 100 809164431
71 64 640909473
86 30 361307472
70 18 808663073
58 64 341229500
56 47 886677618
92 30 240469727
42 39 715836390
13 11 934077205
87 61 353646754
72 20 622935414
82 94 569642770
29 92 223165700
61 49 857491901
60 68 132844297
42 23 471989726
75 48 986618228
32 47 409754238
62 73 231232381
19 6 588269995
40 53 603772085
15 62 347839419
81 98 653444226
97 60 331749774
74 58 182882415
35 47 559085718
81 85 563244848
44 72 22128154
52 25 550993705
71 62 503521106
41 20 961895056
57 36 901721872
56 1 184746884
44 89 999101730
52 68 58532959
86 73 746703478
69 65 503090380
61 43 687418728
83 62 235961713
42 44 179124798
88 42 218964754
32 6 341727972
63 14 288568086
78 39 8937080
27 49 675335945
67 97 285676417
38 70 762810604
44 95 642615126
52 13 367755909
83 24 780814264
36 89 762046117
90 66 489218744
79 94 842549387
49 76 146098772
13 72 998302971
83 18 936129685
50 22 412994034
54 13 743200349
10 11 278298376
40 92 237432027
59 22 29135833
91 71 359000913
26 72 625205051
70 86 398444897
95 30 499001141
77 73 169057918
40 72 960092352
55 100 903694941
3 86 514344794
8 41 5041013
23 41 629604537
35 15 448612877
93 73 476727297
44 73 559400023
74 93 85660170
33 2 918712956
12 53 362790807
41 22 321309264
81 45 86678182
27 84 867017930
23 25 265191687
43 24 271152860
50 5 11724768
81 18 76246604
87 82 278911321
91 62 251045302
36 22 908528557
54 78 127919475
84 65 287093537
32 84 333894096
28 19 40595105
10 47 863428223
17 4 383375823
50 34 924640505
5 60 703043950
85 49 888712681
93 100 246226918
96 2 735166567
90 41 690775036
38 3 749914092
91 29 332532583
12 22 565447621
5 70 634031260
60 24 83423126
83 25 219451682
27 46 156105284
96 30 811340702
61 30 307612156
9 76 105182998
39 53 499037568
55 19 65288311
9 40 781344593
60 29 465679150
34 21 847183111
52 22 552595726
66 72 962944095
1 65 127587649
59 92 548819650
56 59 337002118
36 6 506032737
91 68 854148278
50 6 629749849
86 16 921810679
98 3 234263143
34 41 262833845
13 73 175251341
42 54 101531574
77 91 727543329
27 72 735557562
54 93 586978300
18 72 731623115
38 79 681369941
49 6 25658505
88 64 4161551
9 97 113547242
60 39 35632132
12 38 416059453
79 100 132060133
57 22 802993392
27 97 727643623
71 2 715921400
21 2 842632237
37 75 879127890
32 63 49993177
91 47 356768426
88 82 499321260
1 91 437984267
27 11 606490006
24 73 185969682
4 25 624736992
93 34 201229250
54 19 939671080
38 93 846848296
5 62 842325408
18 2 887658172
96 19 216757108
94 89 591303999
54 33 99760439
21 68 625436774
12 23 11428343
74 22 423188868
33 80 920098952
37 68 498802580
91 64 496144459
94 41 46803300
5 58 249725371
84 68 229194239
44 1 177809311
38 97 191722076
49 73 845920523
39 48 669649785
28 71 93374027
52 35 140557527
97 41 545709026
54 69 673720861
50 99 747848302
90 6 366205434
63 73 693061171
80 21 550532494
5 18 938397869
97 63 853439740
1 2 850160033
88 84 366011855
52 93 280527044
29 16 194423461
3 23 530628427
1 14 742275896
98 80 301197617
51 24 863805335
90 49 78409945
70 41 617475016
38 76 256652392
95 34 989934986
91 22 313460234
81 65 413759520
10 13 658266070
27 40 383258464
87 98 70765160
38 35 205793017
56 11 361318043
21 92 935625251
15 14 623305728
74 69 426761985
91 6 527268747
36 11 618180924
49 64 997457867
40 43 115978966
95 25 293223819
45 29 432796094
38 11 981547749
10 16 48634690
75 24 890026963
71 63 298941018
42 67 847985928
95 1 198022440
7 3 186816555
26 48 891816125
28 48 423884718
17 36 33153507
33 14 832820105
70 76 828429123
99 68 43377965
29 25 379639618
66 23 921276125
70 23 454553924
56 7 109050722
98 95 802844424
68 69 807834529
31 26 315620457
51 64 116659664
81 84 213140286
27 63 304383854
88 99 964491732
34 80 953386285
27 58 152376345
74 72 972871642
41 63 102755002
47 71 988797426
89 16 299916772
24 16 580514488
83 75 573703745
58 30 172275023
37 64 86780128
76 92 893444748
76 83 355271016
83 43 202524892
51 22 33900005
22 30 373985943
78 34 341324270
26 86 460549506
27 25 699320645
95 16 862010363
52 69 504512766
10 29 705671742
7 6 280117206
67 74 897985406
12 98 153906481
85 10 642005052
58 2 786226572
52 73 933478103
71 25 774944363
16 22 51181046
76 23 534418196
74 16 151576031
83 37 207356595
61 5 362149140
91 65 547081322
40 19 316177062
81 93 293704832
81 97 286147534
12 43 782862177
90 35 180746867
98 75 650284135
78 47 5094643
8 92 648627266
43 69 877036244
77 7 501287133
17 84 68432502
96 91 334340293
66 69 564549909
31 21 526516595
55 41 215192295
27 73 443494806
82 72 659496541
65 20 62384460
37 15 111843424
90 39 448164142
28 57 886398649
57 62 836120070
51 59 893654974
54 29 891922479
10 43 327461616
55 2 40745195
60 57 585255619
40 73 656931639
12 73 335111446
86 14 200953356
92 68 862576127
37 41 879711358
50 65 517711406
74 8 695278710
1 25 478983730
81 60 630750729
9 17 922537257
45 5 41835707
66 37 654887620
94 24 433750655
5 11 639728576
78 71 342485666
29 36 911057468
38 85 876181215
9 22 348585615
90 25 547538857
27 71 634390431
82 42 678862979
9 32 411674017
77 20 823706816
82 28 692928372
67 79 632201043
64 11 582664566
8 69 507587355
32 62 754069892
44 26 549691911
43 4 585563516
99 78 726734207
90 19 302179478
71 89 186654595
82 50 92796875
44 29 206685925
32 15 57461333
42 33 79862857
9 31 168263183
5 68 50650629
49 3 543706078
54 55 712152132
17 32 124644594
28 3 292451547
67 68 310841015
54 7 37391135
97 25 146559573
57 21 214323805
47 100 18870523
66 84 375612417
27 16 472361818
63 89 329546832
27 5 860029902
18 6 383528188
98 91 961038507
29 18 90003451
37 13 36452234
66 18 313979743
55 34 372048184
9 11 562180396
50 91 561253213
61 10 65955642
20 4 638481669
95 21 366359759
27 91 218066195
52 70 64485340
12 27 120512970
50 14 101750453
86 22 966089762
28 7 58346704
98 25 534134616
44 64 938183062
5 25 215128994
90 94 72840192
82 49 61992075
80 20 646915975
90 46 462097476
99 84 872095860
82 36 819333907
85 24 218791721
87 93 367259023
85 75 425668634
54 80 902640126
5 46 433759253
84 7 61594100
11 22 914028680
66 19 998222436
18 47 851294360
33 36 982285892
44 8 639333907
50 20 932494264
32 59 314437086
70 22 448526587
66 58 94555618
59 8 873165531
35 39 748957578
66 53 274113522
58 48 188428558
45 28 334315478
95 33 197600195
88 93 167870571
1 72 360016145
88 7 144650540
97 57 817309270
88 48 829360989
79 18 425961956
98 79 293462635
86 53 491969617
96 66 654046268
12 86 500097607
77 11 710399087
3 25 859853873
42 40 415228745
40 78 768510831
76 6 532200020
99 3 883470965
42 45 990391243
97 33 871453071
41 11 802497119
41 25 682089739
97 71 165092940
61 58 888630263
37 20 401015633
54 76 407101416
41 15 264806622
51 83 198995660
31 36 100277004
13 69 711955891
99 25 799025937
58 46 936005738
81 4 951137600
50 53 287262418
66 70 766144171
52 45 84565260
97 14 376315232
33 28 820711484
1 3 384247085
92 47 546297783
79 28 819273995
95 23 546497762
42 30 548834528
96 16 485922956
31 100 372050426
63 72 35867180
94 7 880499798
79 63 771992797
47 48 471167780
87 92 846964464
29 20 393022275
85 7 814703064
26 21 635688778
94 29 633395341
29 24 489986493
35 59 826731379
82 86 782137716
60 20 695033579
96 92 60635731
96 62 452670414
76 16 452494492
70 83 387707730
83 93 497225550
85 64 679018969
27 90 678907803
61 55 634552665
33 46 21346597
96 1 556952248
5 28 312025492
96 50 431323256
90 78 415029180
69 22 781127087
27 18 461461381
61 35 750960555
38 74 900340030
85 53 911077881
19 47 38494512
67 62 525005903
63 65 691700098
6 73 485945520
40 23 664128790
75 86 639377780
40 36 53042810
98 11 876515333
98 36 638666901
61 24 222338871
89 11 993208599
16 65 355436534
80 14 736226067
77 74 535829493
49 58 534227995
45 10 348413023
81 73 958134477
61 33 440031040
98 29 651899030
59 65 776406851
21 22 808441846
34 13 208309893
55 6 744934474
71 73 838017563
40 35 765081976
51 100 945675456
32 69 161375354
93 29 367786386
38 5 22746466
10 68 478104307
42 78 104449427
29 41 597333097
90 17 34943185
94 2 274977081
77 98 126931590
88 79 154241495
51 30 795944362
68 62 299834002
66 21 927092615
62 25 535872033
74 84 790500662
75 72 888114095
55 4 270076000
60 25 522493677
59 72 391676118
47 58 808774623
26 92 717322682
3 48 314537272
19 75 647547142
82 30 248892415
38 95 793248085
41 14 439849458
88 44 507085247
38 47 173151763
90 68 448260470
45 4 598878209
17 47 269800867
61 92 803691450
82 56 60269657
10 65 510179730
9 82 85464420
84 47 92879525
81 2 796384589
17 21 72015484
87 8 325048993
82 32 842022873
5 89 427972575
97 46 332884895
51 66 3335910
79 39 236285991
32 72 596393656
85 54 486117448
69 36 330297285
61 84 469408758
66 92 910294918
74 33 145488821
77 81 136848008
21 69 204483222
13 86 303830869
40 20 233768275
90 21 18594349
27 74 679666421
17 29 124439288
79 1 852131406
96 21 306841222
99 58 80268815
12 55 689239589
96 4 34517981
49 100 995652441
27 2 707747632
84 25 810611880
74 2 805378364
35 30 857243471
66 57 43538979
70 100 462753932
88 35 550629693
32 55 691112502
8 25 949805291
87 41 735726202
56 65 493076779
55 83 363407990
29 13 470908069
10 86 409699571
28 92 645568883
76 15 658716553
79 23 893906805
29 86 590093097
27 94 245635102
98 23 769765502
42 51 152434780
81 47 90426631
34 39 590657930
3 100 962812669
85 62 803489959
39 89 409295718
10 57 252294251
59 83 193078729
87 36 191604960
3 14 979272564
63 22 406801020
31 3 733710241
92 6 198807631
88 29 273308004
92 58 890661150
91 25 475970934
42 57 859171349
44 47 573281415
66 95 516039264
70 20 198954369
63 4 746400950
93 46 445981997
72 25 283267076
70 8 530152399
9 75 80879612
70 73 827053517
85 31 86621522
63 46 937093811
52 47 264359441
40 55 763324611
95 73 103725576
57 58 238023548
45 22 632027646
91 57 884708387
32 19 703128757
88 10 48864411
44 46 807301821
3 20 869936176
87 33 412541323
27 10 769616156
61 7 964258887
18 22 445007252
35 64 795907539
97 37 259509989
96 22 907810292
10 62 377573558
37 57 24948418
99 18 681889673
50 49 464066161
46 4 203988468
51 14 896933663
38 21 140698725
41 24 315293145
56 21 224320574
95 4 584567782
5 20 626355986
97 15 204135561
34 20 55701229
74 83 992093991
33 39 700238512
41 53 292347294
3 65 70614721
52 95 651502869
24 22 913882688
34 2 60620168
28 64 776477774
82 93 534708967
66 49 864113467
95 62 156798916
59 64 193860949
40 49 893185812
98 41 558682132
61 11 628388329
51 16 991419072
35 19 845099720
44 70 652707197
77 53 392738539
56 18 220566767
47 89 544586197
85 17 443294856
70 25 706012222
49 48 918804672
34 22 711619929
1 76 632248533
43 20 412310605
59 34 760330952
81 40 672092409
5 64 596869173
81 71 985641052
51 97 662443344
94 23 965111236
1 53 154813712
59 29 29728781
79 22 632728312
46 2 886179647
35 60 504802147
61 39 822128584
49 94 830126752
49 75 492153902
49 89 956794424
94 16 865678806
10 70 95321816
15 69 834614911
84 60 279789761
52 34 256252028
85 57 30222222
61 36 679922385
33 4 733262984
42 79 192134581
87 83 505909284
84 20 738329792
77 21 859042976
49 19 522142821
3 41 582992254
90 40 761477735
9 73 44148372
76 64 346113353
27 4 574161934
90 7 888809304
10 7 805499609
59 4 27936687
46 20 24823813
45 100 943387742
70 71 931724381
55 29 397196531
37 21 939686001
1 78 215191528
26 63 134578604
42 100 801896676
57 48 567256430
97 80 296354879
70 55 421971229
42 5 590808746
88 81 192105660
45 30 731208396
67 61 719046048
96 89 313070590
26 58 724378427
88 37 288191952
93 92 256506425
50 44 315321199
77 34 602059839
35 58 290056739
77 13 388143696
82 100 938201024
32 74 826837942
98 74 88112955
28 63 699410970
45 23 795698976
58 100 236651330
61 62 356326741
31 89 417942592
5 79 595542036
90 28 803300464
98 47 150289471
11 25 988431068
24 53 464021459
40 6 174052427
28 18 132547862
49 55 742449941
42 18 489620771
56 3 662592406
82 19 479929638
70 78 18091714
54 56 797034678
10 48 235738955
69 6 573444456
67 14 587530241
42 70 184186567
77 68 743518308
52 32 278252859
92 72 741485034
61 74 724525762
45 51 528257126
10 39 933554903
28 58 653351456
88 27 872000361
18 16 987090333
9 55 522985515
7 8 927365711
67 93 896617810
50 74 427161765
77 26 771030511
81 91 875787778
12 69 68336852
9 98 74475965
71 100 480419448
35 65 858064085
50 71 195257459
55 7 563486444
1 62 980804758
21 20 454842578
37 65 408459479
83 92 545240809
98 71 732609260
61 57 927657779
5 23 213202187
55 20 319330455
35 11 522790718
7 26 107722596
17 35 996257091
29 73 849969741
70 31 91358398
38 100 885956814
62 4 226016584
95 19 768149144
7 92 253202443
74 62 579448840
98 59 109204624
24 11 129466786
94 69 127983100
49 65 738924477
67 28 953062915
26 75 244193354
21 11 146549710
51 15 222595678
9 56 401558806
34 25 377072046
79 62 382175319
17 94 122286193
57 71 395999371
40 31 436458307
95 24 298524320
54 94 5565523
50 85 584770715
93 22 828773005
87 57 954898330
96 93 652337288
90 34 887624063
31 24 351594243
60 46 457350773
53 25 786369771
81 74 903373733
33 72 203154798
7 23 735418588
73 48 619354590
12 59 661955903
60 65 439657594
96 27 963174892
27 29 265588329
27 57 464069336
24 20 923707969
41 100 443838392
93 21 421717908
17 8 372821001
3 53 252559412
56 60 830309670
47 46 397493214
67 23 54437673
44 71 64386778
76 86 18538452
54 70 793087927
19 92 655326299
87 35 49554053
19 64 458783335
54 68 113681567
88 83 963189079
87 12 72676853
74 71 326058945
49 39 721208286
97 24 358909865
28 6 414234284
5 55 421968555
3 6 357413598
27 7 871299487
74 55 685679921
98 5 202146420
87 7 715934376
52 4 437270528
35 24 353839933
52 83 653055740
90 92 456065448
42 10 115566811
57 86 550396981
82 48 669937143
55 48 852595897
1 21 114716748
42 52 66554991
61 47 572538775
81 24 50999449
90 97 103271582
99 75 478694513
74 73 797046080
82 13 276650378
54 28 271142578
9 100 532233801
80 48 767813760
32 53 464389997
67 95 567603748
42 16 12683384
19 63 277052957
95 80 936814953
99 54 811523912
86 25 25361595
32 94 919185054
18 30 862476141
27 68 281110946
56 92 243887559
5 51 207640023
33 43 49141993
97 89 225285377
27 85 757765053
91 83 978423550
83 22 947098474
77 46 373424369
3 39 383907311
10 91 152182404
37 46 760209647
44 10 747105429
47 72 639973085
51 39 278576793
70 65 502038894
96 48 573696066
19 53 65096773
64 14 270193134
93 39 202431767
47 30 994537680
97 93 315141353
100 48 155024977
82 62 378222589
35 75 230588222
87 58 688718635
82 2 20840137
67 85 345680306
55 69 293511125
93 60 972809679
38 66 31311478
58 6 482226387
50 100 269911967
82 16 908344138
100 16 53514913
45 14 293212601
83 36 469361822
64 20 184675223
76 2 510993560
9 13 639539033
52 65 383695437
12 60 921522545
97 68 872093558
50 58 878994924
95 94 404589939
52 49 904472353
11 30 262222113
61 60 720625343
67 6 634185703
67 75 862958152
38 28 649396038
12 18 260162657
41 86 219957368
49 28 274866457
60 23 769290866
35 25 27430774
38 44 823975663
97 64 853676604
27 1 368728963
29 58 568506450
8 2 438144564
95 32 722812039
43 16 758833226
42 1 109672763
98 6 698721632
74 23 345599933
54 22 755305647
87 97 139511742
31 7 392688199
83 7 402461834
94 22 108546752
34 58 313265719
78 33 562129740
98 7 793506067
64 2 257241782
66 32 567481517
87 54 121957885
64 15 154194027
6 86 834258207
19 34 924539239
69 46 350563425
88 55 912701504
1 4 749223866
40 76 161186781
90 80 92948590
95 57 932553613
38 31 319615129
50 86 316538339
60 13 287728938
61 89 17869188
60 26 104774476
82 54 549251763
56 2 384708200
31 53 668534036
8 24 664334919
79 86 411145896
79 58 117744050
21 14 187602385
7 68 321123184
8 4 61500237
56 58 294107451
91 55 343864134
43 3 738942270
72 14 629295067
9 59 803021589
55 68 58066605
88 98 540419425
38 39 946162860
44 3 310321822
30 2 68738175
88 22 152458102
44 20 118181937
20 2 227569623
3 2 253832884
74 39 553208239
17 56 405102610
96 26 23301672
32 80 474259222
88 13 351747442
13 16 839754287
100 13 753939500
40 80 85068303
81 48 543821277
60 14 584227365
9 39 814130914
75 65 227275788
75 4 322150113
95 3 143938375
70 60 168322766
67 69 204923704
12 61 797260133
88 69 470352622
66 91 515396467
55 89 225365460
66 41 902181599
28 93 578568536
82 65 146238051
89 48 786437626
51 43 829643477
45 37 337253340
43 53 678792090
77 93 776441966
28 21 844612531
94 48 818695402
44 31 389497938
56 36 478587974
36 86 44441334
77 70 156691406
37 34 91273261
52 3 743310272
3 24 905056865
14 30 834701803
52 29 959204012
78 23 63938748
9 15 233857969
5 54 511958717
88 57 252425680
66 60 553048960
10 59 191562898
45 46 281852784
41 16 439963155
88 4 237874735
79 31 502369206
67 18 928041832
52 44 746584662
67 2 286712269
64 13 950427839
56 80 227690203
31 39 44159164
98 34 3187259
56 51 385891628
3 58 275514693
74 78 367737808
16 14 985349770
5 35 967273266
38 7 791160800
74 15 265563003
90 26 90000464
77 66 189803394
70 16 446868762
54 92 562058177
84 73 637234304
42 76 540388342
99 8 593316339
40 94 252867723
21 13 797041525
94 47 555626369
38 83 712310579
37 62 588791788
75 64 615241315
56 72 13948164
74 37 320976342
96 61 769259333
18 25 390887193
35 53 868365636
8 46 764816032
96 41 601571196
19 18 260270265
43 72 58452802
33 93 409608287
77 14 945529294
92 13 826123598
5 78 38393338
61 90 556122903
69 89 35570468
39 36 867405627
66 63 59100093
9 1 231274338
77 61 527773295
81 58 942535745
37 7 597421801
27 98 597923727
32 60 781278938
34 23 7203461
66 6 266574615
60 53 449293097
27 43 523623124
54 48 601881240
85 86 718825664
1 32 334788617
52 8 159375768
44 23 811521749
91 80 599732956
79 93 99737678
47 14 195362505
51 28 691319399
91 74 922561338
75 16 498119742
90 79 975209293
34 18 190830290
68 22 45116448
98 90 229516853
77 41 97638855
39 41 807763057
66 16 72332753
87 59 889044237
26 53 565941560
97 76 894757605
54 89 828459603
50 13 808089481
85 48 937857226
60 2 64657939
19 7 324406890
100 64 123870794
33 65 318366119
63 64 335261502
87 46 262606552
12 80 129816283
81 1 963100414
40 93 245608811
26 11 599393241
33 41 523138285
77 30 635783911
92 23 52754605
80 7 891603552
27 76 46268685
64 53 486187556
58 73 607978316
78 72 172832829
99 85 537741559
89 86 660214889
27 19 688159197
42 65 574042111
10 4 420612731
5 15 352019098
77 86 959425699
43 71 858903956
63 48 912127716
70 89 720670192
18 41 652424614
43 41 282885649
43 73 167343606
33 22 923708341
42 68 631310082
57 29 245696604
100 4 6435760
70 11 462466974
42 71 866484403
95 37 688111913
55 43 250369056
97 58 592298203
50 40 643123570
77 90 830309014
85 60 389997954
51 23 553875622
9 4 357301371
80 60 426607955
55 63 485952107
90 8 630671404
33 57 345647216
59 57 610583705
90 91 485264811
54 64 462050531
55 3 490537814
28 37 94354601
56 74 302528620
21 29 997646888
85 33 22914978
55 21 364608736
35 26 147451515
49 31 641235114
38 30 478210235
49 33 234340951
98 65 277315568
96 33 856271034
31 43 636313885
53 30 738585330
100 86 507125506
68 25 633389310
35 68 852119393
82 61 947484915
77 2 261849167
70 46 24192848
58 15 261366894
55 11 195837620
44 25 168952536
96 70 256589074
54 100 374392722
40 24 695745693
61 56 468140462
80 26 302291421
79 32 194758233
17 95 827303043
88 86 632144620
23 65 658161272
95 53 719310691
15 89 298034274
1 28 62658858
14 22 822166046
91 53 448123654
92 11 423334181
49 14 375412717
99 2 760887159
75 62 157010564
88 89 270501811
17 15 697096466
99 61 119840325
97 83 208553082
31 47 734992175
93 3 307550866
7 47 700237356
18 89 871086260
27 33 922149842
74 63 18455574
70 94 964112339
57 13 143470874
42 35 787742718
66 68 851419731
94 92 650992923
84 86 766394862
84 29 935029743
52 48 906550475
9 5 491143699
28 36 885292364
12 41 172763298
27 60 154305355
81 76 593593634
91 30 749564375
96 67 755352320
12 75 729986592
43 30 647552500
77 32 50246224
87 65 107383585
76 80 527666846
40 11 67132163
99 98 583222928
9 60 70599059
18 23 985626366
56 4 616033653
45 76 333287297
10 18 351735158
23 53 6518093
96 7 136247912
67 66 759014778
12 13 798495340
87 74 789338410
88 77 443069040
84 53 905625568
8 53 249433814
47 68 923946152
70 48 544803256
42 59 275430881
38 48 537615816
49 78 278770784
100 65 725453944
51 62 732498219
44 53 559134636
60 73 520003688
55 60 468711412
22 25 509173684
82 44 321665465
64 30 203867402
76 24 794673053
88 58 611805540
70 84 355373838
19 72 538784476
90 22 244054635
49 25 89217904
99 91 497002226
87 50 359441402
67 81 892890765
82 79 588628712
8 62 812922221
35 34 293614101
28 100 594164485
90 31 654199363
39 64 76144092
45 64 772703942
54 37 30954596
88 28 950508169
52 51 382519641
79 49 496807157
40 59 716979074
58 86 857347901
42 85 465960141
76 62 818438941
45 74 771207099
3 69 111343273
5 47 35636615
50 75 687365511
92 41 140643669
39 4 135727317
99 69 269377826
87 17 945387383
87 16 369758347
3 26 802327232
35 49 47548808
78 19 346325400
8 100 172039975
94 25 749159728
12 6 365889084
88 67 621794620
5 72 682827691
37 4 293254865
95 55 774302820
98 45 629100032
82 99 303143320
98 73 623095864
66 31 16149692
33 29 358971430
1 63 429682583
26 14 74731075
100 25 418289580
82 46 87303372
96 32 206249606
27 3 812830858
77 16 231214150
76 22 54534770
52 21 196411298
67 98 741479829
2 25 516468214
87 49 17582262
8 65 995884331
14 25 856696634
49 68 142720191
91 20 466677233
12 17 223953754
98 22 914444321
85 39 304587286
67 57 480700690
88 74 192326911
35 97 686884415
12 57 703376839
64 48 690143594
38 78 416191766
45 18 504799045
78 93 975764265
98 17 114018967
66 2 529207183
94 53 576309442
47 13 274856010
9 93 42013190
10 15 294299434
9 44 820996432
52 58 6774335
51 18 25151719
80 13 972451873
52 76 897539250
94 21 832362435
70 57 220035657
99 43 92261643
3 21 643630535
18 53 773501772
3 92 452771965
66 94 907349049
35 63 709998412
100 46 481797204
21 23 750572013
59 73 376309454
50 79 305681563
17 48 527976583
44 84 351102275
56 91 533960437
6 14 897823368
85 70 614470897
62 6 407292694
92 36 61193570
84 14 43903156
6 25 479661524
98 24 813740412
69 20 101387138
96 85 121807858
27 35 782154156
43 8 759031662
45 73 608604310
49 15 942518683
95 63 819574761
91 100 121770542
59 20 242523838
32 48 32343650
51 49 108643548
14 46 719489069
1 94 116092779
70 33 986160806
56 71 120718544
56 8 765735512
97 55 836670567
55 26 257669424
79 29 803964889
77 6 372347484
30 20 574775697
10 26 638728628
23 20 505426700
6 46 23646645
37 100 36116086
64 16 190425621
82 25 653774491
11 53 360140467
13 62 172475388
5 48 267564838
18 69 759319955
42 38 896566197
88 78 907874942
99 81 657575767
98 28 400280655
50 94 632703600
67 71 280329425
80 68 546300511
31 71 244760519
6 30 808150060
85 22 585195246
15 30 278786036
94 3 302814905
71 4 370761023
35 13 66016015
9 2 867298318
94 20 143136495
64 89 466386286
44 97 54468534
71 13 676750300
59 30 633341451
83 60 340587557
9 62 878842185
49 30 925925200
87 75 681456933
50 84 34804347
95 76 982718667
82 22 918363866
5 22 173423280
82 18 655404419
90 89 125715491
44 69 690473152
63 25 989976607
78 46 911297428
87 99 626454934
87 60 106139975
98 60 803734215
26 89 553010547
77 23 482460747
34 11 71137835
50 15 927688628
76 29 763931913
1 15 938053077
12 51 33911270
59 21 648825603
3 47 433611294
85 51 794173621
83 21 419396093
85 3 268447920
96 17 476382644
1 22 566104170
10 63 682546061
51 26 646738898
37 26 195828712
99 86 771044194
45 17 569432886
67 22 291806574
51 55 407313535
95 65 806778379
50 43 917136652
51 37 299133613
78 15 467980920
99 94 211926126
94 19 177839146
23 72 911281474
49 84 89422657
75 14 450083410
50 89 296142425
91 39 143525803
5 6 652496783
1 37 729595130
99 19 986461832
79 89 126839886
73 16 810251784
95 75 606959928
82 81 840122419
82 71 504681357
76 19 584021864
41 36 179662848
38 68 56088965
52 27 531645609
44 91 423728983
35 46 678674789
70 92 228966318
5 57 780066130
26 23 309405874
12 79 498285379
9 21 247962322
90 32 300120765
45 83 874544800
74 53 322341499
61 75 205314668
38 29 944268908
67 31 301282314
84 21 581824073
46 30 476442899
84 72 12400845
100 15 710601398
44 22 981124405
73 20 284164301
39 71 694390516
79 13 787340483
93 18 788671939
10 46 343019077
12 31 962040679
10 3 195308240
52 53 30335965
10 41 593081291
75 36 996367354
88 43 213543824
8 71 38875728
17 53 9510616
50 30 800239501
67 92 979585867
17 33 361620618
56 83 148135615
77 8 328068116
92 2 538307104
64 24 549807172
51 57 735793831
83 15 635417412
38 32 529401732
93 14 928044786
70 68 256000899
88 73 452022531
44 14 370355945
28 16 427829631
88 24 805565838
9 83 775527168
28 24 221106178
45 94 825768189
34 86 689179323
90 64 728856698
98 37 139136179
95 15 726951926
83 65 776696972
96 36 264291893
67 54 205478180
5 71 734157821
76 89 855889985
69 25 981672990
38 91 938774830
58 24 83838623
63 13 793487816
99 20 370600880
45 63 527497085
5 53 209004028
34 68 610898620
44 100 713515805
81 53 216072682
96 98 406723877
19 11 623787519
95 72 323366023
32 31 309799955
26 20 580506879
18 13 653535524
17 49 167816026
54 21 905959845
51 11 788552657
93 6 615259572
87 38 244604050
59 39 738511462
7 71 760138052
54 57 330695484
18 68 156811132
50 1 9588561
41 89 987231816
93 58 204996441
97 29 510922002
59 36 494228039
67 24 188521101
87 86 150626133
84 4 907429039
27 95 880032695
80 72 672545149
77 55 203426994
38 25 437008657
100 53 39902079
81 68 190977884
35 7 983049421
77 5 794445505
88 61 559557059
81 94 29647636
83 63 30481746
70 15 242775905
12 66 523905369
83 71 799711941
56 30 925972089
47 16 705831373
54 58 77997646
81 33 422410711
99 30 984904707
41 64 604533463
79 66 848354039
55 46 665261657
91 3 155219767
90 74 678940444
12 32 902972491
52 18 184310756
35 100 940740133
67 55 15852277
45 31 974769819
51 25 299652869
70 72 401349735
5 26 332278070
84 13 660075725
26 4 620927540
37 73 904988858
90 2 971905912
97 47 179058015
96 20 519621221
61 41 955045178
77 42 967763992
26 15 17337614
8 22 4909018
8 14 335478358
87 29 286318102
56 84 76423897
74 6 285404579
80 92 162138756
97 11 271943687
32 4 171637196
77 64 921740202
54 2 603006279
45 11 504464873
76 57 408703830
38 63 711053549
99 34 285610581
82 63 491861782
50 29 346332984
57 26 625794710
61 16 682075235
37 86 613840292
78 80 793117004
42 81 884310777
35 55 445917817
82 26 953776019
85 90 725156334
27 86 653030976
99 13 374312303
31 94 79874729
61 64 870423556
72 65 253577483
24 48 18013335
60 6 362206708
91 14 790210925
28 46 10133913
47 65 162488427
67 13 846159902
81 100 919421423
57 24 998565136
32 34 706702972
69 11 15055389
79 74 550086128
36 24 732232238
81 30 15548356
56 64 274302296
94 30 39877914
7 64 254039115
38 57 319498633
51 78 790334284
17 83 267126343
52 40 8218392
17 70 135707972
87 81 486653650
66 34 283328986
89 46 954411584
83 46 351183847
31 4 843221218
33 84 596063374
88 18 335265590
71 72 591458440
17 20 165840928
40 79 290530815
90 18 93801352
67 15 177608438
87 69 645733531
44 43 987259893
45 84 924909822
59 60 724135765
79 30 378450931
90 63 501609432
90 10 860964296
56 22 140214441
78 11 446238490
76 7 166815581
38 65 606970272
45 55 497326313
93 2 880278907
42 49 664123983
8 64 189997967
9 72 41504274
59 37 326838830
31 30 433378577
15 46 156359390
87 45 654701097
63 11 467825121
45 41 645548899
1 31 579661142
57 65 158688733
70 53 821306640
44 5 843968751
10 75 624894827
67 5 663011737
1 39 930930043
74 11 789429487
80 63 494035630
35 21 953427192
54 86 174791097
50 81 235350485
87 66 424368031
83 100 530533200
34 3 725754401
28 53 496667452
60 75 670976322
49 23 220961167
40 28 431304753
54 43 417264761
80 64 779275362
81 16 488704610
44 13 326160794
73 46 481618729
85 68 71680227
85 15 547885523
9 49 966716059
83 11 535055429
79 51 810662280
32 75 961652826
97 53 462717819
37 8 398349941
45 60 282937715
71 6 617467125
18 39 567535632
49 74 1596370
38 58 12492088
42 60 809164727
85 20 559137734
31 65 940136647
61 72 363957632
51 86 316427664
27 47 666637703
81 39 7051512
77 45 551767275
34 65 972130242
55 62 188835489
79 34 834827090
90 65 970873671
45 20 316481662
87 80 139049022
28 25 686607569
56 29 815084979
40 66 697256548
75 2 373592461
90 11 732919747
92 53 11530003
28 13 287368314
17 62 399523926
29 75 209871456
56 86 660815491
77 4 836098468
67 63 296250320
87 55 238018785
75 73 632996017
78 36 163082697
27 70 204934417
96 57 388012432
82 40 817806507
23 86 72195039
40 60 389676877
67 34 465164385
5 37 33858879
76 94 920224308
79 11 495283616
44 17 191737750
96 90 62110612
98 14 79711156
42 4 19951347
23 14 556229936
84 19 215472179
87 85 869552932
54 3 545075228
84 8 814871423
88 62 229617881
24 65 757368746
61 29 269967047
51 80 497351994
40 58 975547345
57 25 43393552
81 66 891831901
82 10 415562100
93 64 730968233
49 37 234430781
18 86 704173833
94 80 311885262
61 85 546236288
81 69 217333083
9 51 279484874
64 4 724667784
31 57 626229232
6 48 515369395
87 78 838275661
76 93 799483826
75 71 663809085
95 92 627083106
78 6 817828459
35 56 968388148
81 32 696355804
94 37 611051452
90 33 382332333
17 72 978769328
35 78 755908242
11 2 432537539
91 92 920964233
42 20 345131334
59 11 509324473
31 60 23819634
98 83 472906354
82 1 974182461
17 51 271861460
96 24 804970523
64 86 480883747
35 22 881649795
50 24 511153987
60 92 806126230
50 51 77827222
52 90 12136103
56 37 148950399
55 36 498915886
1 47 419410574
93 36 860579698
38 6 222400527
95 93 592029383
66 62 624271211
16 4 938209395
44 35 268374706
45 36 235368742
79 6 925479818
98 97 467747519
61 70 224591559
19 39 867121144
29 63 562559453
67 20 249296616
95 59 377604371
28 80 814268374
34 100 493064567
5 93 83654912
7 39 652258358
94 6 441424438
81 72 646690324
45 72 87056104
66 48 718494949
34 72 646121871
60 4 675249988
12 30 164994715
54 84 341005208
93 4 800658
54 74 119524579
26 69 681824390
1 24 812068728
80 36 440722491
77 22 899610323
77 39 544758008
61 14 870436338
1 48 987998655
52 64 727454758
70 32 825834780
99 39 946748581
77 100 711880237
91 86 814025585
90 56 386025835
82 23 384328678
41 48 173248701
82 75 374254330
27 48 611255625
98 8 39396742
15 20 266197335
56 57 78976486
90 54 417710976
19 43 88850244
38 60 398878389
27 69 901346226
73 4 224056276
1 16 192926947
83 53 205789114
35 6 251129986
61 4 664220409
56 19 362076860
92 65 97529619
52 26 759121562
79 14 500955398
57 46 513485085
44 67 331676685
61 8 61398487
85 93 290833223
72 46 790568900
84 94 329570016
32 39 230343616
65 25 209350588
32 91 267344980
82 78 701261813
45 89 826693729
66 65 519206785
3 18 111304731
71 14 757277477
93 19 894791685
75 25 177023122
77 71 497699241
83 8 85143360
67 84 191552013
92 63 787893086
86 11 343628714
96 38 318122817
42 36 119572142
40 30 685838734
84 23 693555828
67 33 940696063
40 32 216101926
67 94 877404936
18 63 348614756
37 16 337172853
99 45 287790061
47 11 373910272
42 26 965205520
56 94 852558365
50 47 339824019
63 30 583392994
70 69 388542283
98 33 646786864
61 2 641940261
96 37 952595749
78 29 668758953
88 71 479822506
61 100 955726708
7 22 789359963
95 7 5890479
86 65 239800310
97 8 114657134
68 6 892163210
71 68 187029978
60 36 640429118
74 4 614474013
40 84 605631946
19 68 356150105
90 29 9984375
32 29 161552982
73 25 213258814
77 1 343757680
53 4 451668734
32 18 15403762
12 19 725882550
38 37 245991156
66 86 529310987
10 14 999363735
18 65 768347518
68 11 876385543
7 13 366445073
82 59 631299341
37 30 724841779
67 47 353879982
94 72 313878386
100 72 380035646
98 57 333625667
76 100 433294749
90 51 548697544
36 14 588984259
88 90 912455970
59 78 121684005
21 63 807795084
63 53 836205724
98 54 815850392
99 90 815721102
80 89 840828003
51 36 15545357
57 30 719035389
91 28 732294579
80 2 392315184
77 33 190477404
97 72 125598836
87 14 673801884
36 25 69517328
54 15 881784119
75 68 248361515
6 20 60068689
94 68 131231338
71 36 977582423
5 13 483971347
42 72 956179251
28 30 697538907
93 15 540247442
51 74 58974721
9 63 7106798
37 63 592784836
11 4 30302358
79 55 146328760
11 14 164419610
37 58 547073502
39 63 499246192
50 80 838528305
5 41 491675956
7 100 392897991
5 1 746875299
32 37 761291426
78 57 592889544
32 41 811214663
5 8 804564952
43 11 185613215
72 2 325507115
59 19 506556836
24 14 515646345
82 52 273092700
33 6 737526577
41 73 271678567
50 16 395402982
78 13 330278530
62 65 104461139
27 83 983807235
44 59 247358058
27 45 519654563
87 68 731770650
70 29 16620975
100 36 793735148
12 100 844311389
87 21 214408351
87 84 290489140
29 15 587876298
99 6 564356178
61 25 228277981
50 66 576957039
95 97 416792673
82 74 21666931
77 96 708909955
98 55 328389312
42 94 954949618
84 63 836135571
26 6 233240386
77 95 398401269
82 60 187466341
54 11 939720012
1 13 785030907
24 2 86032653
96 56 401156886
57 92 686370601
56 62 502413071
33 94 254257039
85 35 474937623
67 25 554677190
47 69 676904123
21 75 141755733
70 6 736287271
93 48 100604319
96 8 797008729
81 64 21385605
93 72 843257337
50 28 153536511
99 47 145044592
9 70 589971941
82 6 847290699
54 65 410568594
85 21 476098847
56 66 199895441
94 11 856098978
82 3 883832506
51 68 684069802
47 53 272445529
85 69 525700309
78 16 703592057
12 93 400514639
97 36 265588295
96 49 492925043
45 70 325611106
9 65 129133794
16 48 471127435
15 25 893183486
10 31 154822484
19 62 594284427
7 60 350258673
79 59 826918539
81 15 185151369
92 24 298862623
50 63 546289471
44 15 330794679
34 53 211023128
59 84 913551911
32 24 339699264
67 1 415808652
79 71 650661845
84 92 780373023
82 95 223941489
50 54 948878758
80 22 517411945
82 15 111024192
12 91 936816502
66 4 826189028
75 47 559640123
59 43 282854480
5 66 167466151
92 39 883814779
49 36 551874917
81 34 110639690
77 27 947500573
21 15 982660132
63 16 541306729
93 13 571727804
43 2 418241808
96 6 635200211
54 14 841677608
74 28 360526913
54 97 800425403
91 69 793608119
84 89 371612011
47 62 245316570
17 7 35390384
92 46 331800028
80 47 553670716
58 65 243217174
88 95 872600395
96 94 685589596
82 12 974220763
88 85 337198759
27 62 638838229
50 37 773464004
52 28 893882553
33 75 681897078
12 4 137411426
97 73 784277356
27 22 976391294
40 71 890868729
69 30 256099121
64 72 36058306
32 3 699105480
88 30 96135418
68 2 40115264
84 58 59281191
56 41 119287742
76 58 187780774
37 36 371885555
90 72 218247204
32 73 16292524
5 2 667601294
99 83 115478326
51 58 426371736
31 2 125294938
45 39 794957000
95 70 562345425
74 57 4332806
44 6 442418234
96 12 57003976
33 18 911338919
76 25 345003049
71 58 542237046
76 75 552723906
17 37 18143074
8 11 92443351
8 72 639957063
42 27 300248514
40 29 146163620
40 22 95095249
79 2 488345883
12 74 918139558
38 59 925055789
40 7 48875243
37 72 904740913
93 23 329822363
87 47 123499210
1 7 531879117
87 25 203765798
81 92 498977566
12 44 156575302
12 24 188328091
98 76 694040061
66 1 508418061
37 18 29626495
29 11 101313130
43 63 460194553
40 46 304269751
17 63 831497104
26 62 987500631
99 46 991532809
43 39 864869289
7 72 867103968
54 1 206943840
97 32 295248673
12 7 651146537
27 36 680177011
91 34 61031500
67 7 227597232
24 46 703887880
18 14 479599056
55 18 142585194
52 71 671932081
15 72 420614013
19 46 178854924
10 35 85675813
77 69 514321031
56 79 914136115
87 100 358363227
7 48 603444993
80 62 290626262
13 46 80642004
34 26 496872989
81 86 110482672
23 36 221330619
95 91 542110701
99 70 244311283
87 30 116744992
83 2 622246825
67 21 385539655
28 41 632007140
100 2 794462061
83 16 60373397
97 30 173234320
69 24 832409465
99 1 668608292
32 65 350478242
50 64 291100759
10 32 26926359
55 71 241336748
95 8 518496055
17 25 625048094
54 24 252782026
1 93 973298516
28 29 431823101
42 53 164128402
73 65 4709995
61 45 537543289
95 29 601679477
45 79 454972403
23 6 664508132
43 25 122324420
88 87 699767388
87 44 56532816
36 2 749705370
44 63 894384009
75 63 16245908
9 29 318061538
19 2 849782868
51 21 687127869
77 62 353657569
95 36 61083170
77 78 928532427
8 36 627035845
80 25 523410283
49 41 403089036
31 74 342195320
56 48 555096809
57 100 7222613
35 83 201912286
10 55 556393572
87 4 574784590
2 4 196246171
96 51 134026665
78 86 959239563
56 33 228854718
83 30 840611205
54 75 60002972
5 95 155951071
32 13 112150089
44 55 657735158
31 84 914763871
18 11 4529314
50 32 828653565
10 74 751861776
88 45 665014381
81 35 548729847
88 12 864516720
1 58 925843759
67 10 517568425
76 28 477955101
85 32 667416199
79 91 877171181
77 9 106307769
44 83 739595393
28 15 229557925
68 86 46711543
23 13 328216352
71 20 506603573
28 23 766721300
52 99 35355973
54 41 487852560
1 30 430907157
29 30 165491926
56 95 55118358
77 54 465695812
24 62 706691665
45 48 773438919
54 23 871637211
38 56 884819921
76 20 46073173
61 95 343387558
44 16 42058691
50 69 6652935
51 92 714726706
7 65 977869166
93 63 950884012
98 31 416277332
99 5 995626729
97 19 690374286
94 60 596239258
17 68 668138394
34 29 799800746
40 69 161122212
37 6 107891862
93 68 520168665
74 25 912245738
77 38 264096107
54 6 574989167
9 46 111379514
55 78 420609464
90 84 588072188
97 31 97154970
77 89 575270212
19 48 706353547
21 30 356639164
90 48 298543409
45 71 237018524
39 68 974746494
1 74 707387667
33 92 775684504
9 37 825684106
97 92 996909090
35 57 413155765
10 60 665322334
69 48 963155622
9 16 691864769
39 13 500327708
42 29 411504222
91 72 199805590
77 87 324991296
17 86 33284740
16 20 178949928
55 15 592141790
91 19 360347918
87 51 735466175
12 97 685403256
76 18 124281765
72 62 42324459
74 86 784617591
42 48 453136133
47 64 817499085
88 60 359127058
94 58 214862609
56 55 219711789
52 59 687621832
45 90 851337303
50 8 184653749
78 63 48967744
17 46 528560240
88 80 597899244
38 71 671047016
9 57 991189944
55 72 243366644
70 36 793330124
98 39 91818089
67 29 210720398
21 46 60683378
97 16 482558229
34 69 501302270
91 36 447078739
51 20 952877432
85 97 860113815
12 46 109326059
77 59 186370170
55 93 397749204
88 20 218133576
99 48 443037936
95 64 718043985
24 4 359480651
44 18 761435432
38 18 769896581
64 25 748430079
41 58 970342375
55 39 119673501
56 100 1382814
8 3 417846614
48 46 281453503
45 56 915472961
70 91 212213569
78 24 352236980
23 11 318767192
10 56 153899269
93 41 352944467
99 65 794314445
96 18 854104933
38 1 233252265
42 69 953115005
45 25 386952283
56 25 294493214
41 30 442835041
69 73 206733952
85 95 64692903
26 2 552848408
38 90 248878021
99 49 762987628
66 30 509171804
60 15 612086858
56 89 660821163
45 24 963783244
42 64 380806903
78 21 717254159
32 16 950714920
37 39 900419421
81 41 208683376
17 89 608314218
32 46 969046270
78 20 962732688
32 33 633122984
38 81 68132973
27 99 201313236
38 16 886340845
69 16 213892498
91 94 11207082
34 63 159818042
99 80 395231355
93 75 529902342
51 7 767328097
48 2 408567244
66 25 410728086
96 54 211954119
61 21 852160977
67 100 861682688
10 22 677255636
82 96 397393860
5 65 574790750
33 25 644322239
66 59 847939291
80 57 508640764
12 45 786343390
78 41 620024530
96 99 229491838
83 29 812968793
79 25 777441934
51 47 907210506
3 22 829152669
79 48 526959762
13 24 61190018
56 31 620902428
17 18 572437942
42 2 585143371
88 21 200636241
9 25 236336574
85 55 238223593
57 69 52505831
97 84 209297126
82 73 868351504
66 78 689509127
3 15 387775478
35 92 426222637
96 47 695878032
21 36 458823645
12 71 693773089
88 16 760045607
7 73 346575890
3 36 963179566
85 56 645051630
56 97 98169218
51 94 239154693
44 28 254775497
62 16 216309404
9 26 105696930
82 27 878329560
3 89 912665814
19 20 866015090
82 39 814163103
81 56 821941315
12 92 643510337
32 68 557469648
10 72 740770245
79 64 699567269
55 53 145465817
82 76 847892073
38 24 437330509
84 2 104019967
69 62 265602048
82 4 850464008
68 15 125221276
23 62 227214645
84 48 100798172
87 22 88093034
69 53 280328149
11 48 476213134
38 80 368751258
99 11 131380706
84 83 68290689
61 54 149476054
50 48 993903976
67 59 935981745
31 59 420914062
82 64 201223486
12 63 53979121
40 70 419782587
54 72 255933472
40 33 728635416
79 72 511691560
83 23 900967384
39 30 611468499
87 34 514465113
13 48 234665343
85 83 485544769
50 56 527376596
31 11 852138661
1 49 580796763
18 71 415798364
67 86 939098370
17 78 8824201
38 92 300016226
90 69 498798102
72 30 777252649
31 19 448586363
94 39 796180512
68 72 665115957
8 13 565894659
55 14 160799607
88 52 758420197
28 39 113641172
97 86 172174386
63 15 913393009
70 21 290149860
67 37 639365985
33 7 630848962
10 97 931298637
18 92 630439864
90 1 111364117
54 47 177788470
27 13 398248280
79 8 51514264
37 29 634078163
33 8 965418656
61 69 801841065
56 76 937867806
61 15 21513390
10 92 582816353
88 33 291006873
85 40 486333845
98 78 162508829
28 86 106931631
31 62 655990723
85 80 110627509
66 22 374190619
52 6 148367957
52 16 915488008
78 28 180281341
69 86 266120262
12 2 811227642
80 8 289893297
78 65 34340565
75 58 258927275
32 8 666738915
76 14 807034168
9 27 822730256
21 18 598488991
38 17 690156072
77 94 323262294
54 79 334246113
75 15 485621591
52 37 7146058
64 73 167559485
77 58 408951484
99 57 445695207
88 11 707796390
23 46 754702893
84 15 150402340
45 43 857536065
18 4 833222819
19 57 1435805
59 94 959008958
55 75 382611642
80 29 745697549
91 43 102822576
74 20 244859701
98 49 779107849
79 7 481717634
80 30 535094078
90 14 194092680
79 70 843874560
97 39 591370125
87 11 6851965
97 23 287785659
99 59 995239432
45 13 44989060
76 65 564468536
87 39 650081408
98 53 613670885
10 79 268734315
57 64 747240043
19 23 72258276
50 68 553355598
99 7 109114837
58 89 443493220
37 14 856944147
16 53 692160089
5 84 257471672
44 37 180523921
85 1 657054375
91 18 355010314
91 7 394348407
62 86 139375287
60 11 588950830
33 83 335675348
52 89 758048086
49 46 190355469
21 71 707774916
52 43 531223802
59 14 27276148
40 41 488834952
55 57 551259686
21 58 679188284
23 39 687992932
91 37 731380651
43 18 727901545
49 71 931770213
12 40 147237727
81 49 207424084
61 73 643140324
19 89 22046780
88 31 700554074
94 65 867082060
53 65 58881824
37 25 353994577
17 76 48010807
77 40 852983311
17 30 849902470
56 63 300987428
45 97 381303728
96 58 195687393
94 14 644521486
17 41 450668224
12 83 735739462
85 94 476089888
31 14 18106686
7 24 412156455
99 72 419710720
78 8 77539760
91 11 551823294
24 86 686681269
1 97 900020732
85 65 606383246
90 20 71537555
99 62 671799224
7 4 792295890
74 13 768448047
44 34 685402478
97 74 973121670
29 89 868868969
15 36 262518086
9 79 847048286
85 6 557664353
85 8 877470500
81 36 332227105
78 7 518272891
40 26 333542740
8 75 350194366
49 24 848449429
3 75 572209573
45 40 403561150
66 74 567171287
38 99 884008736
93 89 952032114
12 58 382524140
88 96 343177820
49 20 940243845
8 16 392095560
61 28 273113297
31 48 952826210
36 48 242919596
10 1 563746566
58 14 271174054
6 4 725274083
12 10 318802312
88 17 865840820
79 36 173384258
5 19 535461790
27 67 767273370
37 92 693108625
41 2 683426570
78 22 795794599
3 11 173408493
55 28 176318792
70 4 431877298
10 93 668647991
42 37 155647961
77 24 214857105
38 51 449880893
1 64 893986149
70 58 22611588
32 28 115959826
96 44 890436316
48 14 756119346
82 92 65172330
49 53 432316683
27 15 650928252
84 22 707154743
45 53 974210126
38 41 369148436
50 41 191935944
37 69 423925963
98 46 403909072
30 25 85783108
96 74 955757852
10 8 43960987
81 5 545312153
68 30 784417159
5 10 221885496
55 24 378925265
27 92 804735182
94 75 361847489
44 32 627643036
96 43 632715262
43 29 443287940
29 23 612806752
5 30 537950062
7 89 548565576
61 51 567861861
98 21 266284549
61 91 820166300
83 41 675650095
17 26 860842865
98 40 622435629
17 74 797502485
58 63 164594997
35 72 572705248
47 63 294675443
14 20 384472101
42 61 170413190
10 80 935421575
5 3 976254339
31 18 448004655
34 62 492681073
66 47 208517969
89 22 641450879
29 65 139859303
52 63 399344775
35 89 268951167
74 65 440977454
38 62 398417112
34 48 503320683
38 86 731335100
27 14 35947171
31 6 425693361
64 65 144386609
32 25 885433892
53 2 765880052
78 14 641431277
1 59 670987966
99 33 796027242
22 2 919796837
42 47 333088469
68 41 447074837
99 71 777104989
17 69 922334969
66 11 998856294
82 70 484882029
70 80 249596678
33 62 823094637
81 62 377905779
7 36 543977998
98 86 605295310
50 76 975193264
8 15 481288215
43 13 66932379
84 24 847085220
35 14 827515778
67 46 491436440
65 4 239518956
17 6 456519683
58 69 126345063
29 4 666348869
83 73 220825758
61 71 412527743
96 45 336646738
92 48 443207426
27 41 224147526
52 98 882587875
97 91 226553063
91 23 696407500
49 69 742787749
88 94 142011817
67 65 343984882
79 83 829166669
9 18 643332083
99 64 941500907
52 62 293320748
40 14 765879290
54 53 322602851
95 6 665534273
61 32 324284900
60 21 573114086
85 59 743667455
96 83 36195056
88 66 795983058
95 68 755709773
29 68 974812872
75 20 682820153
42 66 661185135
23 47 667902174
70 28 537958505
72 86 35703469
31 75 409989220
83 6 782913899
85 2 299297776
40 16 202431129
58 72 411061781
15 86 687773035
70 24 320799572
67 73 857551226
100 6 237548265
50 46 416871239
94 43 739022372
12 85 62779785
42 34 140275446
45 6 135830343
33 64 593039456
72 73 950394978
94 62 787589401
85 46 423582020
87 62 353611
5 39 778625965
82 53 419972481
44 48 543796929
87 5 412916784
52 66 8494589
80 41 205320463
99 29 641534437
80 16 913678737
68 73 466148805
32 14 853887378
10 28 736150584
31 33 998576542
50 95 900851903
3 46 541764116
85 13 110717121
42 22 2838130
57 39 789901826
67 49 304128461
16 30 715258469
7 15 563708337
70 37 168458350
52 84 90642426
7 41 57644394
34 7 461618373
82 7 590946766
12 48 223415586
67 48 213946103
50 23 593881699
40 21 785147833
77 65 145899285
93 57 764223790
1 73 294380606
23 48 514171918
54 36 598659550
70 13 974258810
99 10 13266067
9 8 50674746
35 66 296303152
27 61 860053305
61 83 636488161
88 100 225135358
60 89 216543036
52 61 748755732
28 84 320991623
18 24 769962473
42 6 959089680
91 16 111412195
10 66 971332925
80 39 347352361
52 1 598890680
67 17 725283936
27 8 740733654
49 18 659071826
33 60 177051165
39 11 805583588
28 69 548251292
74 89 917893253
77 31 160093394
78 3 360766696
96 3 614953622
19 60 395058032
77 10 675043342
47 22 684519321
95 48 113185652
98 30 559163157
60 48 580441499
39 14 891347434
98 94 76898401
98 19 491881939
21 65 456661829
32 100 154608805
62 11 64972715
81 78 89167567
89 20 945175915
12 16 339472195
92 73 509073112
80 18 139427817
48 25 640044709
55 22 257248421
61 65 904706207
55 8 702604792
81 14 13139108
21 6 462232060
51 60 907547644
49 21 807637620
51 95 321529800
9 74 797485400
13 20 269333749
10 51 882077252
76 68 459283425
84 64 933444752
54 73 196210634
44 90 865813477
72 4 987627595
33 89 966626964
81 26 184990146
60 41 367720162
96 52 115750844
32 23 169858911
42 55 86500828
5 75 475785309
59 55 181351711
79 92 236333180
68 89 836415968
85 43 236970458
42 21 416491885
92 22 719121065
90 60 666110310
81 21 599154012
62 46 246103993
51 93 188976114
8 23 172562057
77 97 686757835
80 71 779042965
28 83 865018744
57 68 226585631
31 15 819398145
82 37 875751988
31 80 750961381
17 79 745092514
91 49 141359316
88 65 330060799
26 18 202845618
76 72 864718983
33 37 398193980
34 30 53056970
38 15 476540194
52 55 255672262
29 62 670917854
77 99 683914101
68 46 765873105
26 68 313533425
52 81 167709697
99 40 926309806
42 13 19116090
52 36 233376002
67 43 855245248
27 80 789143081
44 58 974449668
52 5 251559380
36 73 751781017
12 56 496022280
67 90 169787818
54 63 501432381
66 100 622974145
90 37 683853586
42 14 764694985
60 69 260539462
18 62 57718332
49 83 413792661
40 95 167640224
98 35 567153758
88 70 695977691
22 65 742281255
38 14 888182492
84 75 425628020
99 76 447542430
52 10 170730545
95 31 955232841
26 100 70660493
54 49 793572654
49 43 343561954
5 33 111993771
32 78 261626870
44 80 223000949
67 45 330975236
44 33 916848653
59 26 870437328
71 30 428715978
29 2 463872717
87 40 656708625
63 69 932523476
98 58 66817363
37 53 194900864
51 48 436233062
74 24 734668080
15 11 314829047
77 57 750788297
10 89 533291833
88 51 778207586
82 80 436732596
15 73 142721900
12 28 978860480
77 51 543773032
43 68 351139039
52 86 933989755
6 53 293490626
96 46 190454651
90 57 406113229
49 29 250435679
81 31 962820412
78 30 663438718
27 26 611510558
32 36 780141090
54 25 227106933
45 2 20680327
28 34 850525213
52 14 827896475
83 39 922859371
77 25 317497431
50 39 501812949
50 93 135319434
26 39 521765323
97 43 124643320
9 41 296207559
9 45 259919971
7 16 743871206
98 26 467993001
31 22 318626197
12 76 852687955
7 30 158201069
31 63 639716835
92 16 524231068
99 60 788226964
67 19 651339808
80 75 425870739
75 53 799507505
81 8 318380687
55 84 384555127
26 29 306192882
12 39 106507990
97 6 432893077
84 43 799287103
42 25 926484726
67 72 675098759
42 89 326770139
5 49 66264942
44 62 677091128
35 91 72267027
24 30 771229920
45 78 120814066
43 92 995830316
85 23 991507965
74 3 464749147
58 13 29263148
45 54 767423385
42 74 686452152
7 14 474729397
31 28 515139888
84 34 270168357
49 57 48584638
26 47 410252153
1 26 459994083
98 4 283617011
93 16 919914947
32 21 771092801
45 7 770113606
23 100 559977224
43 26 48503674
51 91 361641806
1 20 32895170
42 19 307682910
9 35 18468940
21 62 501731182
67 80 14939829
10 69 277407372
32 86 727909458
96 55 268107447
50 62 476386544
87 53 371622767
91 75 196728031
15 4 19872753
40 89 592394003
90 36 584837326
67 64 414869556
38 10 558215905
23 68 975285397
56 46 387405294
99 79 242978350
62 22 488036143
50 11 21133574
87 90 767244042
93 25 466061071
81 7 610666303
97 70 594340565
66 14 248019063
74 68 477016702
36 4 408721498
38 8 615755095
96 79 307330490
92 62 171703672
9 19 866137471
81 51 872410001
59 48 377212699
74 80 943534560
85 5 74561113
23 30 583379142
61 79 342531886
43 7 372696730
78 94 923988017
88 25 284341593
76 13 359309006
51 65 350427558
12 33 235000767
49 60 878872015
63 100 851730363
79 47 452099469
57 47 934780733
50 97 753091316
95 83 100060202
85 37 406098976
19 73 496141537
77 82 523550387
35 73 322711135
34 16 446507267
61 78 45221777
91 76 257284770
78 68 348282354
99 89 161283970
45 8 907411059
51 46 454871718
85 71 370196508
38 46 941857580
17 97 219066935
3 63 80893089
35 86 70602920
83 19 529903961
51 19 341456846
49 34 761204937
32 83 785185248
51 2 168880787
100 30 97372706
31 20 554310089
67 41 159436898
42 17 909626734
96 42 59743543
95 18 378054312
66 76 781843787
38 33 130654340
63 36 987340252
43 75 505469644
96 97 412251770
81 55 163914467
17 92 996251192
83 80 115208190
40 91 75633895
26 22 186438942
98 72 812679835
99 41 132663639
28 65 114133730
19 41 373258429
17 54 382802779
68 53 433602764
59 63 64484546
32 93 858067333
34 64 851980903
63 2 786950409
18 20 820314153
70 34 494356056
48 65 487326123
35 36 795764637
96 59 458150712
5 92 862483350
82 58 791326722
81 19 162512627
87 71 197104778
9 84 753736339
88 6 178253216
81 70 546298635
51 1 752364746
87 32 860652605
35 29 352077065
89 65 86110289
45 3 195621600
77 3 206523379
97 100 683412063
71 69 4876112
1 8 248998901
76 34 767372909
38 67 569488590
92 25 408405124
61 34 678423402
50 27 591738870
89 25 857507842
90 71 174021486
19 58 459473929
12 90 781654732
93 65 631901434
80 65 334899553
35 23 652155728
59 86 281463780
65 2 97663243
84 93 535014731
27 28 582011252
66 39 153519503
96 39 28980743
44 92 947998442
21 41 7324784
64 46 862571732
15 53 168699783
28 89 241177276
12 52 400024090
40 25 616988406
96 23 625300227
84 62 652119382
60 3 930532963
47 15 295791111
44 49 164370469
5 86 501469593
61 59 682143626
49 47 42692152
12 89 508166964
50 73 837913889
21 24 895082534
45 59 684628931
88 15 768498823
23 71 335554567
47 41 51813413
81 79 975229183
97 21 872164464
13 89 482608190
9 58 972738165
9 43 12477079
30 65 48167017
5 69 487223683
79 95 507231601
1 46 354165327
84 18 952200008
14 65 356875058
87 23 163832197
82 41 202225812
42 11 792392894
87 43 271162033
45 49 919242900
40 54 834422369
33 69 156719042
56 93 285998000
85 84 584725550
74 34 400151915
3 72 673805758
87 48 642227194
59 3 849414024
88 1 731430537
57 16 728204007
61 46 864559050
52 41 12565624
97 18 621542752
57 11 377697708
35 41 769343834
31 23 378384120
19 3 27911124
97 22 549321249
20 25 972105523
33 58 653037820
9 99 216186602
70 64 435316485
79 19 82783282
44 81 656787007
19 8 571613335
28 8 845777352
98 85 152539686
41 62 679788624
87 18 695229791
38 23 730215438
34 15 847587061
95 78 747412529
58 4 420669114
78 83 294580972
19 80 757193080
74 18 288020439
12 84 31345445
26 64 552584343
38 61 335950161
34 71 229887053
83 68 62714168
66 83 120166401
17 31 788508924
77 47 459284786
93 24 28737791
48 22 648688833
85 11 209497942
88 8 346897180
59 100 869227871
96 31 538930571
51 89 486153916
40 17 202480056
55 33 672868482
85 16 76813870
99 73 225264192
77 12 972383628
27 55 412671320
34 8 324614812
99 17 571755867
56 69 278894242
44 93 622934626
83 64 502164032
90 86 322212722
58 53 492459149
77 84 706310542
45 65 898658974
29 39 546368957
41 46 392797687
35 3 192339521
44 54 275774023
95 74 676315926
83 69 942204268
96 72 1800692
40 8 327366501
29 71 49069622
87 19 934097422
31 83 223423998
74 14 185109356
66 15 798135717
66 75 440196981
7 46 909467914
50 67 561278679
1 69 300095946
87 67 315629404
31 92 773141074
64 69 47394547
33 16 64110547
66 46 364661532
52 54 993635331
9 95 224644702
31 41 546399495
36 16 577531797
96 60 806644833
77 76 910158150
13 15 532374997
87 26 573820757
44 4 924030482
96 75 210976570
79 78 755440252
43 100 255299648
5 80 787844553
13 2 303077170
38 72 410474716
49 26 470000105
99 51 381340175
71 11 355121301
45 35 610962161
61 22 811493882
34 60 604456899
12 35 611226194
59 2 167400859
88 68 769136123
72 48 231613360
97 65 392766285
98 100 607626016
61 1 244453170
77 28 190119931
73 2 51015035
84 37 421832516
82 29 239526720
27 44 53816009
44 66 44944187
66 13 543376272
64 6 946202069
99 32 334925479
7 57 515690829
51 84 510429877
98 51 12340076
50 33 478405929
12 8 873634298
66 20 991178037
15 48 104206627
39 6 99868754
27 59 800810753
82 89 343889700
19 24 716631114
27 32 545945119
95 89 62887893
61 48 915824919
39 69 172263709
32 43 946138103
9 50 888868254
77 35 759372091
99 67 971338540
1 55 196990617
12 11 745715393
12 3 78595520
7 21 173616241
23 15 74446595
7 2 42964616
23 4 396721848
1 43 611215670
99 16 237011654
32 89 737172160
9 20 43729173
40 68 45164952
94 46 755124073
10 36 494594886
15 6 350519793
75 100 587705494
82 14 329476810
71 41 19515841
10 21 31434348
98 92 994825461
5 43 931722772
35 32 829113254
13 53 307239453
42 84 183513676
79 24 747483047
5 63 547986677
45 62 984010551
32 57 940972925
50 19 962486035
87 28 642385835
100 11 137854388
1 75 389979361
12 95 358406852
52 75 872713451
23 64 812191086
58 62 222498369
28 2 287808956
96 53 279510687
45 34 455416055
51 34 411760970
38 94 221687990
39 20 783303938
94 73 308643050
84 100 936726260
48 30 641703888
66 93 498267406
83 48 850862288
87 89 389835188
75 30 760590792
92 86 803500214
97 75 857160321
32 49 168270739
95 26 726334439
76 48 686395705
57 23 50735755
10 2 411267852
17 10 487765100
76 33 531277652
42 41 554300866
35 33 645623366
83 47 346227822
99 100 309696510
99 74 463664124
82 33 271287055
70 3 311517298
27 21 594697434
9 34 490786704
96 100 104936304
29 22 599182053
44 78 589045200
72 89 85791661
27 54 942894248
26 65 989489270
9 33 307234382
17 75 581490968
77 37 137035960
8 58 866358018
87 1 832163817
5 76 20691695
27 53 784387178
17 1 400333861
52 94 20838509
74 60 416102768
74 19 255378614
88 32 440478926
13 65 963963748
96 84 170061993
40 63 599576013
7 29 934670845
42 90 823174298
59 47 825523438
54 34 770972176
5 74 582310592
34 24 356874611
33 73 11425898
79 21 51410282
68 13 37735607
85 19 142566557
91 84 224278116
71 53 322455402
12 37 271087608
17 55 685852687
1 11 517913018
76 60 47569622
80 73 728950246
44 36 881521498
61 23 352007498
5 91 710405297
14 4 138128526
52 20 678868413
3 29 517595782
45 92 49283968
21 89 633518876
47 6 132209918
76 73 467343295
19 14 306446557
90 16 781962356
29 53 914767601
91 8 958386884
82 34 160490557
8 48 102287938
88 63 53999461
34 43 177787980
69 2 157049764
35 16 889728978
98 32 436603928
88 40 79740742
33 63 982079377
66 24 585491858
75 6 195943845
15 16 722566788
66 80 173774568
98 62 201366377
97 48 891758839
31 13 653492459
35 20 360111173
3 68 646575348
50 18 930906172
24 25 192578049
67 76 182180483
31 8 90555622
71 16 634004269
97 34 454672681
50 70 424583190
13 30 288530322
61 68 564519561
23 24 24730369
85 66 313392488
52 56 238112841
38 89 791020702
45 57 762583709
33 68 312481071
79 4 291915163
88 5 507850845
99 53 544976275
81 80 734849393
75 22 760468159
91 59 59546810
10 53 970420558
56 23 44718017
99 23 133653694
40 64 883240370
52 97 705943253
70 14 301284427
61 18 365383381
9 38 203134953
78 18 760182093
24 89 36808564
82 21 973505395
35 43 626825745
21 73 763132302
38 55 13289885
40 51 713210616
52 80 876331283
50 7 199752877
3 73 76552270
96 81 688656315
44 74 753429012
92 100 925247430
43 58 262256665
5 59 353424493
29 48 289052
97 7 131657743
10 24 763517220
52 38 126122007
80 24 939428600
9 94 273456738
45 58 874523182
39 24 77831893
56 53 687852366
76 37 644036287
67 26 684415119
6 89 77551451
98 16 602281734
28 72 717188993
21 39 199241721
54 20 171312621
76 11 361447439
80 53 975876384
9 54 232988943
78 64 377161469
67 58 487776599
27 39 994531431
88 49 400116452
70 30 897197588
12 68 188470953
78 69 756656070
49 59 864533253
58 36 4191494
80 100 291965285
5 7 827022773
42 83 903315423
54 62 803569527
62 89 626857351
12 67 613132053
37 22 276977437
44 19 505817920
28 26 684022301
45 86 310479458
55 94 61118920
16 46 403023419
73 30 427398200
95 22 698557700
82 43 803819490
54 31 361404103
59 76 916296612
95 28 137882824
96 80 940088732
95 86 669779749
52 67 653574706
89 53 975206766
39 22 31379880
87 31 868962161
18 73 155146948
71 24 232772935
40 83 775158078
49 16 721721056
38 54 630898719
10 19 119912538
43 86 477796217
56 49 260693829
93 20 108421467
29 69 615277911
27 56 510665332
19 69 580549798
47 20 427942589
79 3 352057782
39 72 781285494
9 89 958593227
94 36 282719699
77 83 937219755
38 64 97393217
54 95 466061210
68 20 417798850
67 40 690543142
28 73 989846676
77 92 214942540
85 34 979321961
9 12 84999936
90 55 890626197
9 71 755843583
88 50 274751903
60 22 13774749
66 71 864738858
31 64 464831896
91 60 627326041
27 65 790813389
