100 4947 52
1 1 1 2 2 2 2 2 3 3 4 4 4 5 5 6 7 7 7 8 8 8 9 10 10 10 11 11 12 12 12 12 12 13 14 14 14 14 14 15 15 15 15 16 17 18 18 18 18 18 19 23 29 31 77 93 116 118 137 187 202 210 223 286 297 336 549 888 2341 3029 3671 3758 3836 4504 6304 11452 32140 53073 105379 128419 814099 2083102 2110644 17671031 26758863 58707548 124641855 141503095 225419056 292306737 303604983 382212580 552822725 666791689 718660754 723808575 749242120 937150674 961597099
52 61 413900368
97 29 73133717
6 62 846967946
7 26 345418497
11 32 604971118
40 19 924195925
94 93 864583265
44 37 208212006
42 28 631313273
75 30 332493928
92 82 80838699
74 62 950655224
31 60 918263044
79 93 384259368
41 93 349266782
100 54 246328770
69 87 129380379
41 92 552531817
16 5 273099488
44 66 36995667
20 60 217530663
52 25 369464981
85 58 910003132
74 3 852757865
33 75 199440234
11 20 342064453
39 87 631998474
39 71 50603249
6 80 377091387
91 81 942338303
65 27 450141865
52 48 212267931
26 21 384933723
32 36 395589795
85 27 518417633
83 51 483378254
78 96 583395003
91 85 246702267
91 89 333151901
6 38 183453663
5 51 705153318
70 54 79476945
33 14 898532979
32 5 678886276
2 4 333762228
63 62 456676553
91 16 879669697
34 31 311623879
11 4 408394070
23 28 493057761
16 78 59929670
13 72 717329970
41 18 739671987
69 62 691953372
74 36 600422302
97 70 206145698
73 79 244584001
20 3 259002805
55 7 675444785
97 17 12961230
39 23 697465548
92 45 500159959
39 95 591703145
58 80 802748442
79 68 420865591
95 88 447395007
65 36 909768171
70 26 756756110
38 40 601733509
9 47 792860203
82 3 756660618
3 36 493100465
33 47 985470618
80 94 770478361
20 77 718393379
55 27 50116428
95 24 426073418
67 89 282605095
99 82 41531484
76 64 798297149
92 48 731322870
63 54 813297225
88 26 716456018
8 90 917611759
2 60 11932254
84 82 611451084
8 80 651045451
94 50 714553665
10 28 290127160
25 4 577274206
80 61 66985061
82 83 374857154
89 19 470554823
13 39 922870021
72 96 38839344
47 1 95830698
85 100 914464541
16 33 201029061
20 51 101078646
52 94 505011254
48 53 54483789
58 64 335388433
6 42 990419312
74 22 382518272
12 32 985271779
99 53 803589427
52 75 23337726
40 68 442830848
62 31 487313725
2 99 450148828
97 72 357698493
56 65 46755348
81 24 441535536
75 4 525137646
99 68 701356986
56 73 31434263
6 84 176147363
11 44 868997651
39 69 884631322
55 98 645289955
34 18 281372017
80 36 674938674
39 76 421901415
26 36 445585905
57 77 288705977
11 42 536539572
9 48 208199087
85 74 715582038
2 5 545246014
13 31 658791066
30 37 785388870
9 22 601298818
92 81 926079880
84 79 71363134
17 50 49585336
97 69 403554600
50 98 555476497
84 53 524217816
96 68 539908344
74 35 129470964
83 15 314704622
64 93 653507030
46 70 229879001
17 30 374662256
3 50 238273395
85 19 443876472
51 45 791560058
10 70 592442320
86 30 484527534
99 96 441831066
6 98 159299562
88 4 763435094
57 25 11833680
57 20 261437315
52 56 342754892
2 76 933051434
98 1 911581508
9 85 968842450
57 98 839594728
11 55 579424024
10 99 714495384
35 73 27998410
32 31 668553003
82 75 673037289
97 36 536087084
92 79 542734148
32 90 815801352
56 14 312063748
12 39 506974989
80 87 625844482
6 59 381810199
65 26 104562327
2 45 488036055
41 66 252852524
61 26 960783402
86 28 689262214
65 43 956240241
41 69 513590712
59 15 743920394
17 15 971244045
46 84 594244022
58 83 448316252
59 64 588927909
59 42 861660985
14 36 680268298
3 37 623463920
94 4 707355232
55 88 156078544
74 24 637175786
53 21 565316820
70 60 475795624
34 64 885211431
48 14 673585539
74 7 197640412
99 28 838352914
29 68 148861667
81 45 595417967
24 36 273071876
72 14 522719036
73 33 123403998
55 77 817370765
2 48 12416237
8 88 303731941
20 54 799970612
41 23 709458099
67 98 437086433
41 84 722317745
32 28 250126863
97 65 306912629
56 71 836304837
10 33 891336900
46 15 810833129
52 93 699458087
48 30 536729303
31 4 993725840
56 21 122195079
52 11 614107891
32 79 746711244
66 60 960344793
55 19 382747732
16 61 502308623
96 50 868727937
58 19 734707470
86 19 293449870
35 44 137476337
33 48 203003238
7 50 560130095
55 5 350374908
3 62 373163494
86 45 661840681
35 48 257143322
24 19 668811677
29 31 783498393
99 88 977948266
65 93 976906115
17 37 288912521
41 40 432195669
60 51 881605917
8 20 595984297
11 26 549180466
100 47 367789578
38 51 353894277
96 31 170390650
24 7 14270115
55 90 234565149
91 20 325955170
96 5 440715791
90 45 644467769
9 37 1301655
12 31 172878267
8 22 624856520
6 94 437923652
20 96 207906242
10 18 306176420
78 37 737449181
35 75 137505126
50 64 183217494
88 62 551862630
42 23 514471836
20 80 926808650
2 55 611826289
14 60 973220394
50 4 221858703
32 75 645683776
23 48 876141956
86 81 222402081
2 18 220915198
92 5 914495772
93 37 960847996
56 79 523762165
6 68 34225014
9 26 108810227
35 1 189179877
8 3 71220808
97 84 567525240
67 72 316644214
48 61 244617934
79 28 523737663
77 87 61299838
82 88 955968467
39 89 333417762
24 21 184327593
69 61 118681996
17 64 790808987
50 45 112653125
12 50 231430859
38 22 307330484
11 59 368324131
35 83 886121640
76 25 986685165
56 35 303585252
76 50 147022799
59 79 839295436
10 93 950814634
88 27 912297902
13 47 358540473
59 22 548238328
52 62 378241059
73 84 311677619
75 1 817819038
20 1 179062073
27 53 288514838
85 59 278623138
55 18 710496227
32 98 809081047
34 45 717598228
46 26 849650101
52 82 20286390
79 4 930864577
79 26 52773890
32 70 302538129
48 98 414715281
30 54 92738529
7 71 107175325
65 42 893226197
77 27 182429681
56 54 417310546
67 69 949218526
51 30 844121167
76 71 800211216
13 60 500029616
9 24 826880873
41 29 322790937
15 45 842704534
42 37 311913846
95 96 246074011
49 41 676022512
23 7 564471509
39 84 800096167
56 61 512156977
85 17 18378630
86 29 391008346
73 89 229250915
25 45 463593959
82 93 101270901
8 35 118692027
72 48 596902321
60 36 906254004
69 4 268234465
87 45 636464015
22 93 184438405
46 58 754566973
89 61 846192148
35 14 443822834
33 27 347258203
28 45 660850980
29 98 527651063
8 36 499072228
17 5 432249352
73 78 163479535
85 51 650985227
92 83 26342466
10 31 265943340
82 30 900700880
12 44 802911468
66 5 943748708
65 25 828149672
10 80 340886542
69 79 306908356
57 44 709361606
91 38 730348165
12 42 171118707
95 70 421102803
86 51 94652716
75 22 963896067
35 25 485000156
69 54 827645272
13 44 79318865
78 76 317059239
59 45 945577859
12 28 958596812
23 61 920800925
67 65 867359084
42 94 453040934
77 1 857309443
58 30 783881192
65 44 190472119
86 34 130070419
34 51 873488239
58 81 941411347
12 29 191321749
62 50 376684930
39 40 556491685
61 71 108918939
95 29 853510047
48 93 688605536
81 31 786827676
65 79 812041358
1 36 819759436
54 45 899467444
41 2 814714489
59 93 866692604
12 45 451912458
12 99 849317231
42 54 516548608
95 42 111680504
44 64 286805203
65 66 249740212
77 14 584876845
35 64 908724501
86 89 585988600
86 64 496830456
87 5 498292948
80 15 991988409
57 46 988624775
8 94 127927985
84 66 172102239
80 70 470852868
58 48 483980712
56 80 259777513
80 14 844168260
73 37 719458898
92 25 450278948
71 64 334180856
10 89 725199390
55 51 838399715
12 18 29624071
69 45 758916886
47 71 294170783
16 25 982555518
80 5 69490753
55 45 809629659
73 98 694959671
11 53 127301886
19 5 998204079
92 78 763247648
99 51 292330982
77 7 5815092
10 30 15955878
80 76 284496719
99 21 363961508
73 69 372297216
65 87 923321841
2 27 437537338
78 60 774651302
18 51 213418325
57 34 760493354
81 53 108827510
69 94 764689713
57 31 569110520
9 30 389884859
32 38 924389249
42 27 851339942
69 29 641519911
11 89 887347373
98 93 462635414
60 45 276789166
46 59 365707876
16 46 618209400
15 62 269929121
12 84 494125658
41 70 398932021
49 40 526712217
2 88 760650839
80 17 490651331
80 45 202060948
16 42 605215633
78 1 793772590
97 79 745016290
44 48 931033833
13 81 402165263
91 42 274902621
34 50 274956904
68 21 847234814
89 23 367947868
73 82 555724888
43 37 497184590
2 23 818155623
16 58 993700739
6 95 460548748
2 58 355178141
63 94 632346772
17 89 270556464
74 88 652320085
91 39 652541615
24 51 820102443
74 1 74429913
94 98 75347505
73 76 397232790
81 71 69499845
58 82 32125437
46 87 85803192
92 72 573140188
63 99 244602697
8 27 812106375
10 92 845234694
65 3 83279364
4 51 98984457
68 54 982419376
80 62 697932263
67 6 933662108
34 3 47656913
99 54 948237022
52 59 456182275
46 82 976812979
79 89 261150280
44 34 848127911
97 10 538139653
56 91 29372675
96 76 704544426
3 30 604410411
66 70 135117727
97 19 475335324
75 7 834264643
41 13 940980402
70 36 65332159
100 23 487464633
32 50 386105735
5 64 443527062
39 38 258439373
55 68 294432813
33 25 892200316
3 22 488661682
85 44 27487788
14 21 121502553
57 7 347872835
42 76 989807672
41 14 616591935
12 60 686654228
97 73 795314170
66 96 470088340
79 98 995388135
57 53 45083595
2 34 113043970
10 40 888368724
34 19 640459568
46 51 147728625
96 18 408763797
49 51 527572581
95 5 590599623
35 51 53507338
73 15 354297788
84 89 784630876
100 25 560502823
95 69 349018233
52 27 181455597
55 43 451137269
47 25 957704276
57 69 808574403
31 36 823290506
84 62 41532134
67 9 450319082
62 71 199161689
35 58 378700640
99 66 611676664
8 21 549085712
76 48 103989929
94 48 678172813
88 94 959215890
42 21 747642929
61 31 77382236
10 17 853288365
81 43 464966574
84 76 634859096
35 29 785667920
13 20 301370227
7 98 482086883
96 48 170763560
95 43 902039384
42 75 881949833
52 24 542297951
32 30 479311033
57 92 278846148
65 28 148645164
49 68 561542987
7 68 326109078
2 7 127502857
35 47 540209380
66 42 992262806
49 64 254228337
67 93 908376622
13 74 771856233
12 88 439670187
61 14 229879343
24 14 555370055
63 42 770825062
85 93 196501030
100 36 639104780
13 54 613599359
100 79 356025194
39 29 111413878
49 98 692402571
33 20 762355763
8 77 30335146
67 26 881330726
3 90 729133431
49 2 911485151
81 21 274289050
35 55 901766048
41 34 8666295
69 31 430536465
47 19 154906792
54 37 683192441
86 55 120097164
27 5 888238158
97 81 571763790
6 82 512653787
3 47 498282366
41 74 569277993
83 19 772175858
69 36 444584293
95 53 119108772
34 95 790948865
76 23 752757008
20 23 541206098
44 31 237517747
46 55 631870836
98 37 199543092
67 63 244296744
44 27 844644793
97 18 22312286
76 24 492135542
41 51 262205707
53 36 122561793
63 82 545958957
63 4 169374220
38 30 900825040
16 6 121445166
12 23 316788056
10 3 139641261
38 69 564154841
15 93 689493595
23 21 555033378
6 4 198514478
12 6 194904277
17 18 748409599
40 27 609467071
7 64 687410744
95 59 648449307
35 71 18389497
99 64 6539322
44 23 690281660
25 68 8688562
97 41 265436204
99 50 302105457
82 54 25286998
19 21 483536992
2 53 93178618
35 98 340998035
10 65 324766851
99 62 753834750
74 84 308250092
13 100 825642966
14 71 372892911
2 38 346163839
52 43 525184562
49 82 49790132
42 90 955104115
6 7 133388049
2 14 173660846
49 58 768825045
46 19 803295023
12 69 744951880
24 1 899060663
61 60 352797184
97 3 144689317
16 96 284777912
82 76 863969769
92 39 526254500
24 40 465402744
57 95 413378070
81 88 275764570
24 4 652113535
88 7 717744418
42 18 933974113
57 79 352598671
58 15 109558542
6 79 447379062
86 26 408343131
92 28 726905199
71 93 301735064
65 40 998077836
80 42 976428887
12 95 844507352
32 6 833630645
16 19 219120485
42 25 328263922
95 54 615169290
52 36 173152720
11 46 889477948
81 82 295745136
10 23 43228464
95 17 965767690
96 24 155321736
72 54 399239699
69 64 406944089
73 96 596566552
33 76 111790064
67 40 985821696
69 26 630516366
75 53 508328839
44 38 638711377
41 28 395495363
86 42 256546817
24 45 81402004
10 90 433489301
74 82 131262549
66 45 245560587
24 61 686942256
85 48 99693844
72 32 4544652
90 21 835882684
70 98 202629029
6 14 818211280
38 24 245298958
49 77 55668948
74 5 601026986
67 55 317661894
97 93 379114377
17 88 383114420
56 95 601535281
33 94 801971637
4 64 488227008
42 83 34416866
98 45 745281651
56 57 513148230
43 18 694294395
16 83 400546800
78 83 949817717
80 53 622321057
89 21 679830161
43 90 51889765
81 36 668149113
20 84 928391325
13 71 327205215
2 25 45781407
32 53 414971173
91 58 797798806
49 33 585947941
62 60 442688461
95 66 519191855
43 31 660295367
82 40 45485842
17 53 267789398
77 30 466153503
100 94 906357733
81 64 407224955
52 31 687593255
95 79 662093914
19 30 618227736
73 72 258396929
10 94 486354387
74 75 201752621
16 89 87524570
91 34 276135861
16 7 649243229
57 11 21278194
94 19 512352911
99 4 807107536
44 94 742467292
41 36 575890112
86 66 81719045
16 31 944634434
69 7 332584877
46 4 64825373
85 7 115102631
43 17 161003536
85 66 107481519
85 71 970741764
98 71 946349542
96 70 279729372
10 13 230469181
81 17 778886046
96 89 693360161
57 59 505083697
20 55 59289090
53 51 262107004
77 54 350845399
67 37 512300099
32 44 351462672
69 14 870047420
92 89 206859012
73 28 9190916
34 4 614900663
57 66 48447155
39 20 429760353
23 94 880262278
57 70 825080536
39 99 7847233
90 28 751615452
73 22 455973337
69 83 308818267
3 40 586960829
70 93 324761651
42 96 566503068
34 48 615948133
27 64 289213290
13 95 491578581
34 53 772589198
83 5 437975845
26 45 729263562
91 96 621678097
32 82 175258859
52 33 648872395
89 28 529123304
81 48 682064588
3 29 819601034
38 27 357774520
65 51 549060857
12 40 700074222
41 95 584644310
63 73 965189319
76 29 255876759
32 7 967423137
84 42 73053517
55 15 309436089
89 98 467410933
75 26 757234842
34 80 277074445
59 51 991754643
48 51 236353278
99 45 252616686
72 76 696552729
19 64 348995461
89 7 522450412
48 5 499781425
55 1 216749261
18 19 561897810
75 5 772748146
95 31 479414540
49 66 72640440
39 54 334425214
67 42 902723397
2 39 633889401
58 22 918571446
85 15 828456898
44 83 294248186
100 60 176472858
42 31 332126699
97 12 288486506
54 1 816129662
10 64 927108305
29 71 338108393
13 16 855716444
8 7 890723629
84 23 340243667
81 51 928434593
95 80 303842068
76 19 649073754
72 24 791501595
74 55 326817044
38 7 46102095
67 50 531436798
56 89 561961586
70 31 999277337
100 27 487176620
40 60 497609228
18 21 523140523
99 61 748947437
32 76 930746197
86 83 402392179
59 24 439141720
41 75 623729496
59 21 140827764
78 22 228288912
75 18 802328386
99 76 900712658
82 18 601466554
2 79 658359326
40 5 589869917
47 54 16337872
20 50 169930984
44 7 168663412
85 68 603095185
52 39 294317856
85 6 791026947
88 98 571680039
14 64 754712066
75 14 859658107
9 14 100151412
86 80 371019266
13 37 686866569
18 4 153252884
10 84 177767674
47 21 384125215
57 84 364986525
41 21 317566698
63 74 762608037
58 23 520415094
11 36 620759167
96 17 307503258
19 28 956404307
94 1 934710269
65 82 346823032
11 69 35982171
55 69 257027650
13 98 959378440
82 79 587752010
96 64 984693442
56 24 101423690
86 21 680030010
2 26 475269508
35 45 622054247
94 25 382893917
79 64 534563478
58 25 506331680
12 61 943476860
97 88 745511276
3 76 563408110
92 16 5796133
91 6 308554334
44 15 542968726
51 90 128774210
97 33 728827803
62 61 195050192
85 16 91081890
56 27 636381024
91 44 613594626
11 78 907442075
32 54 777431544
59 40 499091195
49 11 723113014
89 26 540274268
74 93 448595174
56 100 408514977
46 33 140195250
72 40 927207703
82 60 379595233
97 49 679665132
25 64 195335449
89 53 771860245
33 55 593885736
12 33 453519108
73 21 921084923
78 26 867005558
58 28 49985081
1 64 263826429
97 27 348121857
100 98 283795234
32 83 247712200
88 93 490678723
42 71 543380659
41 79 881829215
50 71 78655215
56 98 459555491
97 51 878456114
20 7 142578310
80 29 262700742
34 89 458000846
11 37 351176914
89 4 673540703
66 30 17524937
45 37 758020408
55 70 725252812
60 71 718491097
8 16 235180520
67 84 937448609
8 92 561038653
3 45 689844868
84 40 643301952
61 53 373728201
67 3 968524544
41 42 502059881
13 94 709034068
39 58 80226599
63 34 651157059
77 75 946392486
96 15 135057652
51 93 968511140
49 85 358769043
52 3 379856965
24 25 322332740
69 96 786853069
9 73 434507285
33 82 832491246
86 50 632021788
10 25 64009362
99 60 341409199
63 95 362998229
13 14 784409242
21 28 982436529
46 1 433731262
55 28 484678527
44 62 309583601
23 24 237763847
92 44 68114280
65 80 667012066
77 62 23396095
57 94 348020040
74 39 634103387
58 78 283162098
77 15 839872690
39 34 226196170
77 24 504762132
27 31 210444462
74 18 71266382
65 23 307090338
49 42 366867901
41 12 183188971
89 48 55269966
49 93 207907914
32 37 478855549
7 4 307579011
17 24 763946777
8 31 681181773
91 4 453952872
56 69 285244445
88 30 905635084
65 99 181376836
10 21 232669823
84 90 30455275
12 68 248304440
97 71 116609768
35 95 944379272
34 28 399657422
89 70 512041635
67 38 668435668
72 44 396440849
83 24 660611504
86 35 931482660
9 76 645928550
10 62 440825920
74 14 300713096
100 89 19631264
71 28 57476973
86 65 346434212
46 39 845247916
59 18 653898630
67 13 783342278
33 99 325070286
9 7 842525716
9 35 581054611
19 22 240771833
6 88 308895639
56 30 464520163
52 71 225616893
65 83 149972902
39 88 187728769
85 40 552343485
56 6 150673797
95 7 553781527
74 40 170027241
53 98 13737453
33 100 747273463
56 37 803995437
39 31 641168
6 31 161083619
36 37 696738220
32 47 66831331
88 29 613824556
13 18 79455450
85 36 695835200
48 71 598545801
69 60 645183096
65 72 902779843
12 22 174360996
52 86 338351898
31 1 128181272
43 15 508355699
52 57 774436999
77 25 229320219
83 76 389233623
92 47 806564256
8 29 953858203
99 75 383221071
12 72 692920692
69 78 557781543
52 73 8604625
94 14 253536821
49 81 586750786
76 28 965207110
94 60 191184086
82 28 416581152
66 23 878513912
100 68 700727465
92 60 971413841
40 64 953731602
46 44 832810766
6 1 67344450
56 85 276745556
97 85 524867243
3 55 569885643
35 68 9490987
40 30 831084392
5 4 394831534
77 61 56731013
8 64 541348451
72 98 285767356
76 70 479046170
65 89 944148012
72 26 156738315
97 76 710057922
73 30 436844363
57 18 609746242
25 50 544693441
12 93 645803372
66 94 333141977
10 41 608373978
11 82 94923332
13 58 119204847
96 51 701023163
100 62 223330259
14 90 263814703
52 26 132742470
69 23 326235841
77 78 859932974
2 75 670253573
80 90 80744046
35 96 112648525
73 48 48627961
79 25 292798944
9 74 498747430
8 66 470639212
97 21 548032231
87 21 206044563
72 84 859300434
78 87 548302897
41 98 403431363
41 88 929136193
13 51 763978148
43 68 815136603
44 28 444749047
42 22 761803531
16 48 230023939
94 64 543148469
91 53 336540522
33 77 683837076
46 83 512374962
56 42 484045432
44 18 220664252
9 40 269645835
39 60 78493965
52 85 140563329
66 54 171443478
2 66 168022880
35 37 423761777
49 13 33965636
13 91 380823012
10 2 380643796
32 26 452747815
72 70 721532062
73 51 965968414
97 64 457241112
86 20 243431116
10 60 86775074
33 39 88959540
96 30 130812590
74 46 119970367
11 84 296025895
14 93 889624252
9 55 789313635
52 66 236273923
86 18 347949022
32 69 705487752
86 92 540072853
48 45 434948310
3 7 133016551
32 39 354082064
60 28 937326727
9 23 941921101
39 3 519146468
69 17 525267009
16 44 241357566
52 6 90166448
70 23 457240512
97 99 814719331
49 21 139972406
56 88 30778214
84 71 130036202
66 53 469585520
16 81 628202885
12 80 273586936
85 64 859781395
63 69 617610424
47 22 421230578
43 51 27314214
12 20 44421512
86 44 938189240
18 31 587052216
76 98 277180315
14 30 686076653
43 45 464740649
32 93 42244565
84 83 50274852
6 78 199925952
73 4 804475605
3 69 603182828
33 59 424038695
96 23 617215803
29 26 784994538
100 7 89632827
72 7 932389675
49 10 61685050
16 79 550186349
86 2 207070734
35 17 597407035
56 32 198464037
72 100 959181257
67 77 221444208
53 37 433755282
67 20 826407882
20 79 506868962
95 98 342412671
4 22 432396576
97 47 951341261
18 23 610533386
92 69 101503340
86 57 929896346
56 72 953237168
52 21 17292594
42 5 643687927
83 90 484817807
56 39 977225166
58 87 228804490
39 18 962207377
85 82 582370295
38 82 396517700
39 81 280784430
11 71 92248783
63 45 435717385
24 5 966533334
42 53 299412184
91 83 166883193
99 42 824155031
91 78 139112978
22 45 649729899
63 85 120716055
3 93 504836078
35 93 112835810
47 76 3754263
95 82 807173563
65 75 35287880
20 82 994726980
32 100 788437819
35 26 94930703
17 25 957622898
74 69 215442760
18 50 551457925
8 83 808092349
43 94 937064552
97 80 267239845
92 37 604789688
55 96 239591657
83 21 281463623
12 70 691769224
12 15 750185373
40 31 33888149
84 80 343810342
13 61 304002309
46 80 340316878
8 12 311026730
66 24 706109372
43 64 760008473
9 60 774110376
91 62 609263432
10 7 7830153
78 28 815073297
33 2 755103570
70 50 560883902
67 1 278277191
12 46 540884982
78 54 826124613
11 17 184503249
82 48 431430403
58 45 114792505
72 34 879691646
60 54 949985480
98 21 201691360
74 72 408616398
97 24 604868305
19 93 346099462
38 61 835177764
52 7 434898739
74 33 781537785
69 53 717487305
97 56 879201906
9 39 201266025
39 47 987450132
11 87 101493059
2 29 2640946
97 92 217835132
8 65 496693758
92 87 407625448
35 39 351115772
89 88 500696773
52 12 691877275
19 37 107935186
79 40 608010741
2 19 274978319
40 71 889700248
92 66 322266987
67 32 73988270
91 48 139212274
3 27 658723159
89 51 86046310
34 60 214150953
16 45 565873499
57 100 113365535
40 25 571791750
88 60 179670227
10 73 912427467
18 5 580998725
41 46 821295127
92 96 649488432
46 88 132922482
6 45 186402469
90 36 263893885
78 23 334739020
8 57 144521459
69 15 847424865
66 69 104570568
84 18 147789668
89 5 555105808
33 28 837937581
17 23 357245200
49 65 185801076
9 70 655251908
67 10 489786620
52 22 720138866
10 44 629252559
29 25 795793067
41 30 445129106
41 11 639073293
65 77 261445868
88 37 227933559
80 26 31235512
16 75 822875914
31 30 217159570
73 24 698892871
10 48 137257891
25 71 234970908
31 64 111158382
77 18 590636578
12 81 498736335
16 34 330583639
58 24 802241743
63 57 864551422
91 46 359669556
67 49 66413182
82 45 625515141
99 26 126678186
78 21 5418388
52 23 629434877
13 92 569192681
38 96 445360820
9 20 347941262
12 62 420446813
8 71 598179980
9 32 190852020
91 73 554724017
39 53 614312000
27 21 842289946
63 72 301722222
44 17 938545717
52 83 290320206
26 93 212356365
25 30 279342128
85 70 857054400
41 65 784955456
42 4 766365507
49 100 243539841
72 69 288822218
35 6 817123008
66 21 731430350
87 15 303816396
15 70 167974858
97 94 871864047
19 14 874519769
79 70 4501661
82 64 341853706
20 29 838754108
90 22 467507601
26 4 687078574
5 22 725045713
39 79 176791428
35 23 541371145
84 43 523412642
57 64 550730960
15 71 144500313
18 90 862350570
96 98 37282129
58 89 239026584
99 59 114082306
65 95 715257148
91 95 208746077
89 62 565608091
68 22 204610294
12 17 138557596
10 53 916061420
48 90 161056193
3 78 573919332
84 37 476440011
62 64 12049997
46 61 284193067
67 4 281000260
92 95 265472730
33 6 355315320
67 73 480360578
55 21 338180530
12 85 818152332
76 21 946191643
86 70 816236675
59 36 121812349
87 26 783185960
92 2 377637714
12 19 429081005
11 6 134715309
82 25 594387018
19 53 89280912
42 19 562023359
65 24 169518399
79 27 211298785
58 7 773940068
13 79 816088098
3 17 132683801
75 51 523288782
8 50 88966737
34 96 575885582
47 94 767159458
44 14 893558119
35 15 270430231
9 6 202495431
13 90 863998630
10 36 236752750
33 38 288895874
66 51 817878978
40 61 320787205
71 36 530135973
72 80 581331970
35 100 491333653
87 76 379453705
85 1 689185229
91 23 489879800
27 60 721962828
52 54 866498357
63 46 381235681
11 19 491449409
77 69 445220250
18 14 360669488
74 100 4341228
8 25 905098037
99 87 213579002
61 45 496201758
75 45 711051354
58 95 366487661
63 87 301875567
87 27 994342392
12 27 501111595
26 31 346026749
52 10 955311595
66 37 216441847
26 64 797448341
67 23 310641712
67 61 669287902
87 62 958218153
13 66 794520058
6 24 841647057
91 68 437417942
9 91 762338635
41 53 38488660
100 4 516339919
68 98 544771756
92 84 730580568
46 98 716463902
91 1 653160724
15 29 898599335
14 1 341034972
39 93 536998956
59 1 544024188
89 71 139392126
17 51 99256968
72 88 998210656
63 18 13276146
99 37 829135578
85 84 448087060
52 68 873955066
91 2 104613666
32 87 838471972
57 61 803142738
44 71 829284933
80 68 846051670
40 51 442939276
81 59 793152197
9 42 953547578
46 37 712420263
11 47 422315261
63 38 211746213
74 94 391096376
66 4 841106104
97 16 443731438
96 61 176532134
47 93 806675520
73 99 85100853
95 51 315570804
72 4 76685108
74 71 340011738
29 90 720661833
100 58 137058074
75 98 785439104
85 98 690964715
7 31 471174818
24 48 658498058
66 75 688368152
16 87 648968893
65 30 595210392
74 79 618716514
72 79 707451209
35 24 929064032
85 39 551689311
86 94 597900131
84 22 695455906
10 9 212699632
17 14 177909260
100 45 312218781
66 7 991049348
29 7 119530837
27 7 380417277
13 25 288147680
8 54 687101083
75 24 942642627
44 70 969326052
86 43 549444805
29 19 603777735
15 48 205435471
51 64 243807694
77 70 633940081
26 30 846657904
12 78 196928332
70 30 577413925
56 99 509566503
41 83 380958591
55 17 110246573
84 14 206450912
87 14 605785653
46 76 619156819
12 53 103344876
13 27 652642639
9 98 508034192
87 68 506393163
55 22 390504264
30 21 444990999
59 5 949275149
53 14 458577132
55 53 869891038
52 92 983487022
25 51 564942015
27 22 823066810
74 23 282872079
14 51 230925806
44 24 447163480
8 79 906523620
6 50 220218191
34 84 665591639
34 81 950394296
3 14 443697332
33 90 875108882
97 11 159772608
68 1 329875361
6 93 676725585
7 93 652213890
47 55 858938342
81 98 493311027
85 35 391142233
43 60 634037790
20 76 49131636
65 35 489849973
6 37 828246691
44 20 282472569
26 71 54764458
46 78 171398482
18 1 426544428
99 80 685636526
12 59 211987574
8 33 111854610
46 60 677509505
47 69 894816445
47 36 543045911
65 31 456254973
52 77 768067050
74 60 283587061
53 68 793101278
55 50 192781352
60 30 782083282
80 37 799405835
100 87 550864738
75 64 973655435
91 64 879807693
75 36 389021970
10 87 797015930
100 42 198530810
20 66 645345824
8 84 899920798
9 15 403776052
68 4 480836549
63 76 357506605
10 74 947983212
15 7 245367723
2 1 290817920
82 50 744763837
72 31 779980618
91 40 138619113
35 30 528102379
12 3 207169749
78 50 815843182
97 42 402869114
50 26 758310891
86 79 975601861
63 88 703898389
52 41 639462258
12 66 393553550
76 1 662201608
73 18 521961536
7 21 57764278
27 90 57702353
9 29 395475623
59 53 635481335
11 93 361396005
34 21 149793192
83 89 640927534
35 7 455827556
58 1 978648285
32 59 315861819
63 61 793294555
54 93 62806841
57 96 511029845
66 26 986651888
46 17 981665535
41 57 946988358
97 13 917880234
95 50 158052331
72 53 84876844
35 78 135910751
95 68 15521412
43 69 848391532
21 36 342517342
78 30 335482047
12 65 756174452
83 7 773907770
53 30 108938525
81 54 281773738
17 70 138883091
79 5 316653540
8 91 840909842
8 75 769771674
29 60 229469418
72 61 605509144
49 83 170321237
82 62 660946906
52 78 317010123
2 100 868312589
42 51 69311066
34 30 691251563
77 60 269343068
57 24 171770805
29 61 111189320
16 37 651761481
56 1 707458060
52 99 517369217
62 29 621859884
74 70 485111174
13 40 17799908
46 24 528170187
14 4 238143519
91 69 81379883
100 29 55890897
16 22 445062203
66 61 756738604
87 71 596567462
86 15 999408049
48 4 245777577
68 30 62046721
55 80 851736840
84 54 818237796
23 1 150582027
2 95 173399510
16 94 233591358
97 96 887939460
79 1 41524405
43 28 944633253
16 90 340810128
41 68 1507193
84 4 30882417
39 7 960199428
77 53 436364144
33 88 268032320
85 20 432207412
86 74 548942694
86 54 372599971
46 14 532933600
44 51 791319707
81 78 297251912
38 77 128012725
27 71 235862537
47 24 474276653
27 14 92647891
80 89 227395453
43 93 55001001
95 87 451162361
13 89 958162415
96 22 609816517
92 15 120926903
59 77 506536836
63 15 97721168
22 36 404321932
13 32 402466567
6 51 772822417
6 60 713892936
72 1 970736657
46 64 843769096
63 39 69683617
57 75 816174639
74 98 734809340
46 54 805252834
39 28 873361466
38 15 15038948
20 19 18482322
95 89 145889015
40 1 391688851
47 4 402974673
15 28 576058718
53 71 94082434
61 1 349530469
68 45 892987201
87 90 815327316
81 62 936508646
52 67 574134145
83 60 313013285
58 43 892304633
72 25 268829888
52 79 614409149
9 56 120806738
75 76 930134115
52 76 472799203
85 29 946501040
16 76 157915617
79 75 283784265
76 62 229295715
97 48 995372109
63 26 54112643
43 70 797526522
67 33 65546334
49 46 680241066
97 58 599203737
18 94 600946920
56 59 558497066
56 83 145997853
99 43 934795703
90 37 67424641
66 14 43819615
100 59 630756778
30 22 405070180
96 88 851477854
46 71 281597168
84 59 41862228
81 3 688012180
39 83 938690119
66 15 461802489
82 31 380466924
34 42 529424962
78 64 336672611
80 79 358917837
31 54 993023036
39 96 865867503
97 23 505217571
9 90 341325151
57 71 469869942
3 79 703647309
38 42 280524907
96 53 196867578
95 19 590269898
63 13 547717198
2 83 307707764
5 54 319370323
98 22 718550714
9 79 82184564
16 15 13342041
10 42 752217470
6 5 43692335
85 38 34466699
62 68 352954845
18 54 525198372
65 58 57043736
66 89 955858482
35 38 874419075
44 39 482937426
91 70 45479327
47 14 163590864
52 4 870545282
24 30 651748197
47 88 142588940
52 98 387458751
67 53 45160751
81 28 38843398
71 37 682943993
16 43 379141836
70 14 337579996
32 96 84780984
6 53 321393676
15 25 892260716
6 66 705739392
47 17 550016857
80 7 260635405
42 1 559957021
41 62 161131754
48 22 278251958
86 82 931619827
32 14 191697395
44 30 667908203
25 26 549656032
34 54 110554980
73 46 31189498
49 45 431320766
35 5 334664729
81 60 364495675
59 78 252732416
91 32 443228198
39 64 204826156
20 28 490059412
77 19 283530142
25 98 204669849
3 59 268302446
89 25 635244302
60 64 855107020
34 24 382851845
41 99 32196834
91 43 700820390
33 66 454914650
49 39 688404933
43 25 466103369
7 14 673906040
70 48 361564085
33 37 921412006
29 28 623646940
83 14 157602033
56 93 510230092
12 43 204199553
100 83 219880194
4 28 858451892
16 53 106256794
15 51 114646341
69 30 823229075
44 81 472679704
47 75 850700759
57 39 818137716
81 50 271738989
82 42 968460046
11 77 445675762
79 22 261906716
14 45 437730041
24 93 94861561
55 89 901507281
95 83 725936232
62 1 150259906
8 86 159535722
29 50 664013900
6 89 5279504
8 17 768298932
84 98 743492855
95 90 849768690
20 36 540844801
8 58 494409510
97 30 200532928
95 64 233372630
83 1 205000608
88 61 868122044
33 21 856543225
38 50 651035333
63 16 115114010
68 36 625092338
19 51 566939615
42 87 977745113
16 3 157235869
39 70 543051178
3 18 269531148
8 18 861073720
35 62 182884105
41 96 276457659
97 26 481747798
92 73 7972507
86 62 396223086
14 68 496422491
65 100 472517404
82 29 241088902
82 68 622648644
38 53 976096075
33 31 589036063
96 60 103913377
82 69 188246203
6 3 514577597
63 90 885835401
6 70 465439001
11 25 736201899
11 33 549877250
10 96 922589522
13 48 929914395
6 47 720564520
35 40 436293484
72 93 310424895
16 71 414478500
57 6 167927710
50 54 27072478
42 68 54568699
14 22 360773347
48 64 668340653
43 88 936034882
75 50 858074543
13 80 496939460
9 69 69497699
73 38 268016864
19 61 127407844
13 28 464900895
97 66 852429988
34 27 742509713
29 27 946252300
58 36 733517561
84 7 8330023
63 100 362288308
67 35 577390806
33 78 817101603
35 84 772454883
65 94 594704417
15 40 316652642
57 48 915780748
16 95 68198708
95 14 806279413
56 96 598685991
6 28 489705156
74 42 460436028
92 70 817533039
80 93 16988615
13 50 480428913
96 40 283024309
84 96 9877848
9 82 56972585
44 60 374128220
67 75 287122485
75 71 828391583
44 45 633015905
62 4 971714883
76 7 909027214
9 41 779136597
72 22 604587697
35 43 354224595
85 83 583437104
58 71 603213942
10 56 540479123
57 14 387825976
73 3 2169976
74 53 795722705
98 90 845057851
79 36 155661188
69 1 313630668
38 29 795379575
9 58 213650762
13 78 666666084
35 61 525054765
66 43 529376275
89 37 297202856
74 45 117473961
72 62 379200886
65 69 925564313
62 48 70128594
62 28 104065481
80 64 106251985
99 58 91153338
68 5 555488560
95 93 937072842
96 27 253856426
58 62 357864697
86 91 239781876
34 1 132111586
76 89 311959900
7 30 170780091
49 12 557988260
95 18 50341166
62 98 793185167
22 64 361287094
75 25 462853261
52 88 918053259
82 77 499394299
87 7 923898503
79 96 440341530
91 29 232219064
91 37 590100145
57 72 587329612
20 87 329385835
78 45 749821140
92 21 123296331
31 90 691363410
23 50 224102642
8 44 256385909
81 37 539668653
86 72 477159791
67 62 363132734
15 1 68216364
56 40 428690988
73 77 787533470
63 10 950671282
10 14 587695510
53 5 371745642
47 79 43494294
20 17 349140070
2 81 698161862
32 66 562621255
44 95 322278402
85 26 329984759
8 82 425518617
11 85 321122849
92 75 926863001
2 94 781835589
87 60 350928560
32 24 662363367
85 45 20340088
95 45 348177667
96 29 787449578
12 34 525523321
73 45 245962277
63 58 858332414
80 69 336116323
84 24 733502704
67 19 450767714
98 36 971204604
13 7 509495322
72 5 765442189
41 82 600381641
5 45 763850253
78 68 436397133
2 61 124658211
20 45 319277491
78 19 783548647
79 19 438401250
97 74 847514519
3 96 186428896
11 92 743103803
97 4 207816297
84 68 847394460
58 60 631184346
18 98 792691982
99 77 629130327
40 45 12396872
95 28 370091394
49 34 54280275
91 11 671784512
52 60 261794749
72 38 582452886
91 18 233139607
76 30 935776225
17 54 605804495
85 37 642649287
73 42 392809634
3 51 639233945
46 53 335267060
56 34 38141865
63 84 81484810
72 17 202648300
47 37 398218168
8 76 297705720
56 82 589009769
17 31 829214826
83 93 349242235
92 62 556960030
72 20 908533743
80 88 660375106
97 82 947763963
72 77 66705347
97 6 308129120
74 25 558747084
54 21 694368050
13 88 429098515
6 20 188769713
17 60 155345772
72 37 224247690
38 48 864801509
72 55 200790201
8 59 440449399
3 98 188307088
47 28 893609148
43 53 72101629
53 50 218088604
15 36 727283926
9 13 867950849
78 25 858451976
57 27 291742943
92 27 242344531
91 17 225277699
78 4 38667686
85 5 496941045
41 100 834421699
43 36 789703377
94 5 83688783
34 77 762106277
100 53 415028067
82 61 751778925
85 23 474291790
14 31 941012980
48 1 925112048
13 19 744230521
38 81 959460763
63 89 917107288
81 42 605685766
59 71 118694913
25 90 709564237
44 82 23297400
66 64 650759508
25 14 616645507
56 90 534312223
81 87 969270068
89 24 832416481
97 59 945371476
11 18 274357965
47 64 816206813
73 2 810670162
74 73 399053427
69 98 225905880
44 36 569872442
69 40 69242361
59 50 203538169
67 31 810873760
95 78 835971459
76 51 233457055
73 14 149427495
15 68 803696946
32 77 242079030
61 36 875431979
74 66 560279704
13 33 468746388
33 19 99476773
92 99 956207074
69 89 925530281
12 21 668209706
13 56 782955144
8 41 285870160
67 39 417161205
18 26 349005095
9 33 858203115
56 29 431653445
2 62 171277050
49 26 197145033
11 60 129423488
74 90 441852509
73 34 672134302
74 4 506091255
25 48 112137084
74 43 571019892
12 91 256416585
57 45 33004440
47 43 195870239
70 24 335261307
70 27 333659935
73 25 56671578
50 28 160650721
3 53 461882843
77 50 923527494
59 23 265311076
73 75 539447516
19 68 969710314
35 18 683029867
71 90 673205245
63 92 913605459
89 30 65110130
81 69 793106386
56 46 879455312
83 75 1206742
95 25 638572263
100 70 880365726
78 42 251725864
87 37 658649349
8 5 819029381
8 15 851267372
27 48 387358458
91 71 640542095
80 1 402616351
44 19 993351617
72 83 390389374
13 23 158103544
58 14 929729939
9 46 466695744
41 90 548017573
69 88 233978243
49 48 86560743
85 34 717045773
97 39 874714729
97 46 440497546
73 16 898722125
58 61 353796419
75 90 848511008
86 5 260135113
46 45 841850082
12 47 698703238
11 29 123805689
16 70 579190921
79 31 516870140
34 37 102353759
17 28 985039021
70 45 601469298
10 100 816526321
20 71 182862649
13 85 785505857
86 7 243626689
74 64 888380731
82 27 54542153
61 98 505748382
41 81 260999950
100 34 464086018
2 71 286163971
42 30 512559192
67 78 337652738
83 98 551846445
35 77 364818869
49 91 670683570
87 51 30849536
20 70 977075386
94 31 634823270
38 18 575358642
19 36 208908727
62 40 422599258
55 78 226984018
67 27 529446247
42 61 330177746
69 28 105374351
8 32 706070867
74 81 262989216
49 88 124211974
66 27 630198119
47 62 677406855
10 82 790169241
71 54 227993228
12 51 542998036
100 76 85284722
56 11 986221602
63 56 74281948
3 80 579585277
75 15 835832617
42 14 724518276
40 21 440147220
86 37 802931999
15 31 626922
86 99 294776023
72 42 513063095
78 62 812666500
11 94 165190429
53 4 157983699
27 1 926819962
75 37 660990470
82 51 110376222
20 34 244419710
92 40 346142348
79 24 447472694
11 100 426723918
97 77 243707529
39 14 668232275
65 78 767966102
76 94 156403719
42 88 651215015
100 55 670093324
34 82 959225656
51 28 609754913
33 18 743196055
2 3 482209248
10 46 973418835
18 48 102783356
81 90 886561456
65 19 764518789
61 4 845749621
57 73 979703439
73 27 799684720
94 45 67220335
3 19 650632177
92 7 898301411
12 92 348774682
41 26 976450658
69 68 485745477
3 75 950792184
75 27 237909815
99 40 779368130
3 54 8110093
20 25 285031109
86 16 904401328
57 5 670532606
30 28 348643805
56 28 321354408
9 88 153239156
6 61 383742478
90 1 83774131
3 26 362224736
43 5 302626669
72 28 145690784
73 66 148641938
46 20 166920998
47 18 972632462
64 37 658133987
63 35 364779787
82 14 476841678
24 29 737066645
11 23 333856956
97 57 486153938
41 60 419316619
39 62 325794868
9 17 163452460
43 14 307810627
66 28 19005200
39 90 222546389
65 16 385861481
86 93 71393680
94 36 260463028
67 44 738340665
5 50 228556758
44 53 40397010
11 35 7161692
49 5 302968549
9 92 956477608
92 20 549242550
32 42 42439974
67 25 723491604
78 53 341796477
85 33 972476873
1 45 935144697
10 26 435505801
91 60 577723293
46 69 618435220
31 21 88547438
88 1 455112328
34 55 978501449
47 50 914834116
53 64 740990040
100 31 401339334
10 47 750418617
1 21 880266884
57 33 579121918
86 59 202858790
59 31 621374028
59 4 707004382
34 71 177417250
56 5 997876498
9 59 259058183
81 75 60768056
41 91 568658021
97 68 269466209
84 87 107000895
2 40 246444910
100 81 437997000
39 78 317649427
76 22 694426842
73 80 533011914
35 28 408970650
41 59 714458250
81 93 832420875
32 25 283290080
55 23 756314034
52 38 213274656
94 26 972524203
100 88 715570898
87 94 746031296
13 46 653408808
32 88 183454502
69 24 892380235
92 76 729122473
57 35 946695924
21 45 789408733
58 93 415520466
55 31 634018950
12 96 685501996
81 7 515613655
63 86 322976
23 25 827385811
44 59 420256319
62 51 848572471
81 68 619319423
5 30 608921484
100 40 998171932
2 68 963970118
65 29 847691697
85 69 922299333
3 42 532264627
3 88 738786242
91 99 112946010
41 55 370879669
2 82 988574893
69 27 738171564
63 78 46864758
89 14 854259968
100 19 301207230
76 15 935944353
7 45 528926803
84 75 724103090
41 77 902477246
78 7 535230067
16 17 390583912
63 83 785517722
79 15 924186760
84 47 956273755
20 83 298550162
100 43 533580782
16 88 498994137
29 22 849976679
91 24 968957590
65 88 169723077
47 7 748660138
55 36 7676450
99 83 252818716
97 60 234456904
11 7 997232895
83 70 633517436
55 42 4248162
43 26 717647618
60 21 71594191
89 31 765824973
10 39 119635726
100 20 251640537
97 98 843650115
92 17 500244770
92 71 57373740
74 68 761059090
61 93 74997591
63 55 758002848
9 86 818763399
6 90 977660767
83 68 862451367
41 31 767628019
69 22 319681861
8 38 785191416
23 30 622848029
29 14 280368154
86 40 975751047
11 54 271219842
4 37 669412290
20 90 147227879
8 62 707347370
52 46 939464138
66 50 539399386
33 80 390032907
3 83 271167079
65 81 242188797
16 40 832404077
10 83 224184151
7 61 282802499
8 49 646933693
81 80 505994152
19 60 667428185
9 89 432473173
10 43 867038862
67 43 810708168
67 86 88750223
4 60 352768316
16 2 463062986
65 61 179746086
52 70 173067510
84 94 917054645
58 40 460658710
91 26 374152886
52 90 102086149
84 45 153107903
100 99 391686408
40 29 2429628
32 55 14084600
43 96 655105865
49 53 438450479
67 80 355354159
48 26 122393654
83 45 842897561
87 17 883043025
85 31 662561533
3 48 38275616
34 69 610495945
91 54 555769141
49 24 746993192
87 22 938296306
9 31 871691530
35 36 834789236
63 81 421566948
63 29 344110173
38 70 665328170
87 48 670895068
12 36 424575851
20 93 553435796
25 1 938489337
57 37 860746032
89 90 859546778
49 92 171823013
25 60 547034648
18 53 614818994
81 89 179123509
78 40 940459383
42 89 733977062
12 73 111358670
59 30 769424911
10 75 964880189
15 89 966306456
87 1 524309957
61 5 318606054
32 3 146131278
71 21 983330828
80 48 461929535
39 24 400738569
76 31 454878670
70 1 122279917
83 40 166827820
3 5 818494131
57 68 758459210
86 48 745726740
63 22 131130057
28 93 32303911
63 91 957956042
12 55 409164150
65 76 435171946
91 31 894817757
86 96 581488460
92 55 107526683
8 11 941626184
74 47 479109469
13 96 121668036
99 29 64263931
10 15 281907301
63 44 813645607
73 93 864596333
65 20 600379630
51 54 640408123
53 54 286978189
88 68 970595127
34 61 670688395
79 71 404654755
55 75 280965419
77 88 50853655
34 83 95529578
23 68 159224714
3 64 188150564
91 21 803483750
73 29 354784818
72 78 819422157
60 93 760327619
12 74 521011645
67 100 449957422
79 62 901505816
63 68 333968132
70 94 211070224
12 7 830706495
41 35 933959719
41 3 287356
85 25 806054076
47 66 381161971
13 68 506632406
71 22 936191240
20 94 669893704
8 53 211756865
12 76 139991250
49 56 660093524
17 21 870108418
49 79 495234016
46 28 883503200
9 100 414362001
33 50 670594669
27 36 508982859
27 4 323887620
77 17 119201065
33 70 658648617
67 68 59085707
80 23 852556117
43 23 531421048
67 58 54747950
46 100 140997032
55 30 436997057
52 47 452044758
12 71 123600429
32 71 854566817
75 93 506594775
63 6 943510482
4 98 397770195
19 50 419055844
38 26 970256908
56 51 668540327
97 78 832635991
76 5 761761006
52 29 944308164
39 77 592292532
91 7 691749642
6 71 245448856
39 19 146209880
58 37 971346848
38 43 485175714
70 25 22515651
92 51 897335987
91 79 643211510
32 84 292618888
99 84 652045561
35 2 15013420
23 26 73005194
39 59 439298584
96 7 177878682
67 74 395078284
2 22 593818971
72 30 202164380
100 22 148922104
65 1 178396882
17 71 367449106
63 60 524027024
13 12 848844321
14 28 423867537
39 17 372091884
58 76 913978124
47 96 619680044
63 33 497008402
91 66 991038620
8 51 950470795
87 18 247513392
85 75 822285843
16 32 705910249
44 43 939863101
78 27 796049847
100 30 852425555
79 83 454681920
8 68 72033160
83 36 471479780
73 88 744213528
6 22 744975374
62 90 926535885
72 6 178537332
58 27 624739789
34 79 8464647
39 15 968512907
31 45 46299062
91 3 644124159
9 27 795178338
46 5 783349258
38 68 872720213
41 73 607949562
59 60 455966563
99 71 163937656
89 54 680945351
1 28 995843721
43 62 560788331
85 62 485149542
12 75 742078098
91 90 941688134
83 62 878815978
56 76 983635678
49 4 135722549
11 80 696141169
52 58 123984480
85 4 162548040
72 47 230545630
80 60 8591132
83 94 255804355
14 50 346342573
33 1 265528548
34 58 18675610
17 94 61518298
65 21 828353436
13 53 761919542
92 18 928734232
72 71 600608235
6 30 438732983
11 50 601348809
91 35 675373428
91 59 441547803
81 40 563959260
41 6 520056206
70 40 111637466
52 19 186303617
13 42 839670394
81 19 396225103
2 37 598195318
49 75 663983931
5 31 938861419
43 21 353152895
47 77 253463378
40 37 127638301
32 99 144003842
87 75 587290128
53 45 505946562
84 69 916399903
9 83 820835428
12 54 201292219
46 47 173594373
100 96 329135610
6 34 862722359
92 14 510346615
26 54 220060576
5 98 19254933
72 87 109260611
3 70 384646451
95 37 734998465
65 90 896483245
50 1 915934799
67 81 362657364
7 51 115855725
88 50 586762637
15 22 704258404
43 87 691882676
57 28 803192471
39 68 418786236
59 37 474280432
33 7 230565690
94 21 228178562
64 45 158364931
29 37 218336801
32 1 698763912
34 99 776215685
52 2 476176672
79 23 820949223
47 61 882821531
74 95 88736512
75 62 200010796
75 31 517134904
5 37 189357723
80 30 284989316
85 94 137219892
97 31 321152465
97 86 663783914
74 15 126518821
57 87 475059096
43 83 686241682
10 79 961043968
2 32 662862861
16 59 337637328
61 50 7875716
77 64 911013968
77 31 738246511
72 90 833997900
99 47 563594969
43 79 903100589
38 55 775401460
86 61 314039341
83 96 454007008
9 94 789375455
87 30 949704017
97 61 93175992
16 99 534591881
23 88 969558785
70 5 943796633
34 5 103523546
33 36 611739374
70 51 529210955
94 28 867487529
79 51 110411626
49 36 141577132
49 14 26951506
9 11 8986856
79 94 298852806
42 45 852247043
6 27 495541778
82 4 197513464
86 23 82556565
13 21 778126192
80 71 229676533
73 58 8801975
52 69 738601158
81 29 52016683
100 69 274189988
10 78 209797342
20 53 936519066
13 17 343087528
52 42 37695875
5 21 227413909
56 26 565274047
66 17 903681697
100 82 627027349
27 68 473655169
76 90 723862185
77 26 345158020
89 29 398108879
12 24 784578252
18 70 493401833
20 37 510263591
65 5 278421089
84 78 92151981
15 5 429281122
95 15 957833814
46 95 190855009
72 60 104071371
13 62 931390450
85 95 962792990
66 71 155024011
52 32 490581403
75 28 22194508
87 24 567871398
9 38 902872495
69 50 73106810
6 36 359638600
86 36 441514072
72 81 503699626
9 64 924372865
32 89 512926338
52 16 501086644
27 19 142929765
38 4 679872640
35 34 981818020
59 89 174326296
58 59 177203293
46 99 427072765
58 84 44180396
56 77 378749089
74 2 984680747
61 68 190474849
49 87 955153657
70 68 923502301
23 90 614648792
46 18 282758273
10 91 370653435
11 64 107864032
16 24 803976086
11 2 112627480
56 19 754920062
65 33 49047873
73 47 652287875
91 36 745819586
67 56 386213284
82 21 477741256
9 5 634246045
10 19 11509627
41 44 738263369
82 15 616253885
97 34 839208341
87 36 780061859
33 45 241258427
86 38 23823848
18 60 811951313
92 80 566167407
91 76 772839259
47 5 95221829
86 69 135156975
77 93 301473405
94 54 777771516
10 1 992529769
8 61 83014068
24 28 531366933
79 29 101626425
59 75 855911608
38 95 908369759
67 71 196849969
32 29 803598645
47 23 671742230
63 19 471603305
29 93 612176
74 87 710493752
89 93 559523131
38 3 570988452
84 55 530454150
12 38 411587019
97 95 305563941
62 5 671945229
6 40 133990864
59 87 35278143
65 53 425240799
30 93 749826759
34 98 298068861
16 18 455270025
92 34 111022709
78 5 121410187
86 12 126395231
34 75 735012412
43 19 771281476
89 50 13864681
63 41 990884607
91 14 71864859
4 21 212102543
47 29 208249803
18 28 609846838
85 54 700365298
42 7 826346692
72 51 762324207
76 14 439699136
34 26 220086616
25 28 739365474
11 81 340158963
17 19 743888536
69 18 366448388
19 54 620633606
99 94 282820805
67 14 595057088
49 59 693922589
76 27 894473775
59 69 84145936
66 62 717642321
99 81 596843472
91 93 419745761
59 88 507193256
63 1 39398311
67 11 133136448
66 77 840902880
99 93 255460903
88 71 581610783
5 90 806326942
57 58 218758486
13 36 592883964
95 3 184731727
49 86 227410378
39 50 844670401
83 25 317716476
19 31 509622976
99 98 387447833
83 31 638090077
62 24 265559391
65 37 630282641
67 16 595833589
46 32 606096681
2 69 624216164
86 31 918280269
100 90 308196461
33 68 567164211
97 62 877394511
55 29 327947022
66 93 821703752
15 14 436735531
59 48 561692140
9 62 559515930
56 31 249717290
66 18 918896236
43 77 979947169
88 48 265640222
47 68 572349799
44 90 651669303
8 73 636992992
66 79 875142196
66 22 43743106
76 45 504277356
35 79 803696328
86 88 375919835
6 76 338517614
10 88 84149292
57 42 254563152
52 28 548720468
35 72 168759398
48 21 127253867
77 98 571944894
73 53 464865759
84 60 957251499
62 27 398299495
20 61 803305539
77 48 140038683
1 93 884861657
73 23 260868601
32 15 590891476
63 3 566616287
91 5 28337705
33 93 569097691
65 68 82565604
85 55 721342294
81 5 703453701
42 60 81956905
81 30 157089764
35 3 74046749
74 32 654761907
46 22 386172178
16 80 982194756
13 82 159426482
69 19 858426975
15 50 394224021
12 94 865164813
99 89 497997504
95 4 724853179
11 27 571263625
52 51 182363151
11 83 98614371
21 93 399315948
46 93 451603231
62 19 459545778
24 53 855963759
29 94 146428608
79 60 215187910
25 54 139778768
74 44 253107067
49 32 761315903
7 22 741035848
10 51 223517427
7 5 628289202
99 23 210942094
61 64 289697498
44 75 688207026
49 15 225808650
33 4 506078033
69 93 967717242
47 31 496148999
84 77 625831394
57 83 434308026
43 76 312382554
65 47 975416123
52 81 237590138
13 76 887424688
91 55 535441569
11 34 301294991
2 51 754484758
84 17 656800991
91 80 753498301
65 18 812183040
52 17 862939390
57 16 468801081
74 83 26827981
80 77 316425242
57 50 846741659
91 82 282156273
9 75 283532291
57 38 393333599
87 53 468198693
92 31 214586685
81 94 969105067
100 77 702617961
67 29 422968181
66 31 663917099
17 27 307395699
11 66 619356426
50 93 619990161
92 26 960279355
57 17 587034992
2 31 416899184
49 44 731543361
20 38 941388631
44 25 665664054
10 50 450546244
55 37 549900146
41 24 151740915
65 15 735548815
83 48 226909540
38 59 869310438
18 27 747738532
9 21 553880627
63 32 564993965
33 81 47902981
6 48 903533788
3 68 195129650
47 42 288355978
82 47 605557860
8 26 301461370
97 54 594291435
51 1 669924709
39 55 35067498
11 90 784269748
89 45 452220385
91 19 238193718
57 93 661040311
84 48 219205339
92 30 592435128
96 62 411324117
41 39 520301913
85 88 462585200
70 37 788300684
23 19 719129232
76 60 373107161
67 54 803853839
44 87 166937676
85 24 460818086
44 98 9389649
10 27 686297820
42 98 804540006
39 21 60404962
59 76 955827310
44 68 687057947
88 31 800545612
23 29 568756628
56 33 678725344
8 45 519293198
38 93 653068180
100 39 314730796
47 80 537902080
30 1 710192738
6 96 724429322
44 40 62727410
67 57 925174776
99 3 782241319
85 3 803177205
35 70 991745865
8 95 210393348
86 58 882885164
35 66 145045936
4 93 290212606
2 30 204832065
31 22 108483582
67 47 732085616
43 50 730679502
84 28 919166287
84 50 249660519
14 54 616324139
1 22 328060502
19 98 464131678
81 4 829081012
86 46 565213823
72 29 484766007
40 14 959973799
17 26 648360913
7 54 541836384
16 26 52068206
40 98 153739323
57 76 537059513
57 90 550261500
12 35 511672893
8 46 901354456
3 25 294266454
99 25 963095593
68 51 305915695
63 9 932248456
32 45 380131249
53 22 115435805
9 57 819451514
9 2 159825627
82 7 752410945
96 37 600102288
44 55 631745775
91 94 857854455
11 95 956262103
34 90 395131944
85 53 675435007
17 62 839543164
99 90 632590132
65 74 156988814
73 68 603601971
92 42 941602480
80 54 163206441
5 71 85110739
71 1 194072756
89 60 163075453
9 96 571192817
86 76 82675276
34 7 183068505
26 1 790170170
49 6 428362416
10 98 78001344
13 70 433407572
87 31 473328322
49 47 116976980
100 66 779372558
8 30 957237373
49 62 264814998
41 86 34297740
58 66 353198939
92 46 202666369
77 42 661117218
67 99 532981676
44 6 27706002
52 18 636526951
56 74 622090951
50 36 331216717
12 89 923479661
33 29 724996026
10 37 835265070
8 39 286536193
15 90 609802666
35 50 330080617
12 82 846613985
88 28 840498672
81 1 278686371
17 29 743247537
9 3 286525276
25 53 674948583
35 88 217194077
67 66 93382962
58 42 68855900
86 98 646509092
95 23 13116246
85 50 182918427
23 37 137202170
17 93 235622592
91 27 211299468
41 85 798082082
87 25 181469190
95 48 916623215
59 54 520945516
67 59 910086623
91 28 557476909
100 5 903834713
12 1 340852241
36 93 231205037
82 17 433470587
27 28 928230592
13 11 211410995
95 75 258445210
52 53 856315758
91 74 151695821
13 43 903783611
95 76 200465948
35 4 179207159
91 50 101410252
43 27 337775169
15 94 956228963
83 37 728734773
16 55 904962317
70 61 259772822
47 98 896605365
20 21 26603184
41 58 164030315
11 65 245277445
7 25 799947505
49 96 329655915
18 88 412967051
44 79 753498387
11 58 797721367
69 51 848449889
17 98 513743557
42 17 603720956
6 69 641596118
83 71 849892473
14 26 618987753
6 29 1367636
32 78 933465312
16 98 102168185
27 54 787316973
84 26 890540073
79 61 365574284
20 4 772615756
13 59 840971932
86 33 250299546
65 71 309469306
20 95 78229676
6 75 747800838
95 77 126733441
78 24 212375152
97 35 683344539
56 66 960668834
50 21 540526832
25 37 599797246
67 2 289322448
84 27 379798855
94 90 668851676
73 17 422572450
15 19 677616318
62 93 421655529
9 19 835624364
83 18 908461188
46 72 377685524
8 81 791115902
32 48 615218038
12 98 741552419
78 36 455191684
41 17 3890414
92 100 70932903
15 37 287479616
56 38 54768383
40 50 999502186
41 27 563434316
66 19 112106516
53 93 489612613
59 70 723054496
92 93 190228049
33 5 978942382
5 93 640559333
46 6 961305100
69 21 140284949
40 94 105013893
84 31 315629752
66 83 499189299
57 55 248114365
49 29 895650642
17 68 38763219
50 51 847280768
66 76 389340510
77 71 710156235
85 46 181438707
94 7 308238768
57 82 529106740
38 36 520920490
72 58 435122588
61 22 486639064
17 75 401115124
5 26 616120711
33 69 260044349
36 45 146447405
13 24 133311659
52 20 180507580
78 94 632592120
94 71 73906599
58 54 32426703
9 51 326189642
96 4 397498639
16 54 932437557
13 83 466740874
23 54 766028326
2 80 630106165
13 38 74297957
49 54 129173972
49 80 622889738
46 66 689289776
73 71 108598125
3 21 844059428
19 4 938054134
12 5 544644164
16 20 659630249
9 65 359212679
72 18 915687316
10 29 838087673
41 80 705897218
90 64 907813399
88 24 922665542
99 78 773065939
38 62 831451159
48 28 127811998
92 23 484974073
41 15 558339120
49 16 817578487
81 55 278403810
6 83 829618371
46 34 369149373
83 28 290701867
2 54 859916304
97 55 730207015
70 21 777155031
24 37 650323110
83 4 107958833
69 71 176873736
89 40 680064689
49 7 791101845
38 90 632096322
8 56 370422230
73 83 718260462
76 54 92299846
35 20 76439895
63 66 330121070
18 93 857112627
38 88 905006104
78 31 305988966
8 67 769767510
57 85 568533868
9 61 521550128
48 31 502836751
35 59 722513190
39 36 273035718
48 36 347413727
13 84 93660328
46 25 231249135
35 16 965561880
81 18 151368815
32 51 347397453
66 80 263963187
49 3 284544547
56 84 314481785
73 44 231716245
8 10 932220844
80 4 440003270
59 19 479297609
41 5 668931884
79 50 952668869
16 100 41630050
41 19 154903505
84 15 793494308
65 62 806302452
17 7 245716628
2 70 797525450
18 25 615435434
69 76 27172258
10 57 309397735
33 43 554530906
52 44 301981994
13 77 264004021
84 51 912395763
46 38 444211990
82 26 484653609
65 14 507229339
9 68 201517832
38 37 788768771
29 36 982900718
87 89 558046031
65 7 280642734
33 54 851427994
74 61 513366703
70 90 720118577
98 54 803539985
85 79 867014327
68 31 851772169
23 27 149144286
89 1 19352235
38 98 265410783
29 51 159605642
92 22 47058353
11 96 547903295
33 3 733928702
2 47 783164899
9 25 906031764
97 5 385427940
63 70 833383836
34 88 907078624
97 53 129740523
81 83 940295427
10 12 575689844
35 89 451596864
9 45 747786121
77 28 873123079
69 75 252568574
40 36 757853255
33 87 949685626
86 95 64756390
8 87 111054038
35 69 385984180
87 61 213999742
80 78 162637733
70 7 814314853
58 18 938536951
46 77 208672483
23 36 588342639
12 57 264153344
57 62 667365614
46 30 553218907
52 64 173601827
6 21 330604224
80 40 229972191
20 99 684965368
23 64 689237307
26 98 224445637
100 28 655719288
22 28 259650553
8 4 34345008
43 61 793056546
20 58 743149101
99 48 162870452
9 36 827867398
84 19 642136138
58 17 494894034
41 4 100631845
70 29 707150805
84 88 421778832
42 36 611158690
12 16 548513877
72 68 641715038
63 53 197223554
66 78 257394475
33 62 940108401
95 55 548036567
41 56 292249902
68 50 875858337
23 71 952918240
86 87 720145955
58 26 170453939
87 64 448436094
67 5 882642320
16 50 506163262
82 19 802648439
34 22 553459886
14 98 732900513
63 30 697544491
52 34 176499958
84 93 414734272
96 93 433267797
95 27 650066651
2 50 789815154
76 88 757596594
6 43 771686214
72 23 781712494
41 94 309535322
69 70 184918254
79 7 943253525
32 81 734867329
13 5 88102198
91 33 571830296
83 22 281475871
91 87 519681310
74 6 783641885
75 61 23511646
19 90 20939194
73 5 961638950
91 92 706140263
27 94 63297636
83 88 496543919
13 26 462803814
26 37 429366809
74 30 612742744
16 14 680217145
63 7 407846334
58 70 57851058
8 37 188139886
31 98 252022718
71 45 834620400
23 45 184361471
52 89 476120260
97 22 600119523
60 90 699392460
57 40 256425548
15 60 710672343
19 71 892295574
32 18 306989129
53 60 2898585
11 74 448385586
67 51 75996783
12 100 681761674
34 62 595125036
47 40 309307569
55 14 724140848
72 3 71609833
39 43 987142324
57 60 25991782
73 95 973642181
81 70 391612107
18 62 187089329
82 43 212977076
9 28 258698765
16 36 195776209
40 53 771395784
86 47 14669610
47 89 438101769
82 55 591800088
57 21 199657225
2 84 397418178
57 74 55644298
46 81 378627919
88 51 597704000
47 60 328771829
38 31 658157127
86 78 190449815
66 48 786156140
77 83 755089379
16 84 129340082
85 32 76201633
73 39 364266073
97 32 905722305
97 44 487105437
56 16 130805596
75 70 936957818
96 1 319826922
62 54 978845502
48 60 200067375
82 66 246155873
3 24 718020312
43 54 312260459
77 89 225224823
67 18 598446043
57 80 887615286
69 48 56424257
2 90 378035198
84 1 598253754
63 40 447522419
35 60 581478357
56 94 109660533
65 45 303203667
52 91 256697413
18 68 816934566
58 51 495968145
4 36 492746698
63 17 257126310
65 46 401253229
12 77 607763443
57 91 48525225
34 68 758627325
78 29 825313472
20 18 476589060
25 36 976728678
83 17 805578403
46 7 707678691
95 61 344491100
52 63 917779040
44 99 590429323
82 94 660652228
7 60 205660742
2 59 590292425
6 18 73532897
33 98 70679221
84 21 19091317
41 33 429975613
11 79 555328649
92 36 826069016
70 62 239644149
82 70 475174297
94 61 545214886
69 25 831924205
38 19 358730697
86 85 385812626
77 68 457195715
96 25 541374175
8 100 630494265
33 79 4528674
99 38 547854048
44 78 705133996
67 76 873459714
10 16 207516217
20 62 513345315
77 94 325050185
8 63 267730495
98 30 887083959
49 25 71324784
67 95 205850065
48 19 37308000
3 89 801492479
33 64 187751891
11 15 224139818
87 50 275976307
57 51 864894643
60 37 342227142
85 80 657970028
65 85 472772430
82 90 983514519
5 36 888503468
82 78 247781756
56 87 432810531
43 71 49589554
43 75 413313734
72 36 534817931
44 89 784211087
79 18 466251006
63 43 619291720
38 28 890253836
38 17 214654891
15 98 709718665
34 70 399373771
92 19 168259042
85 21 516538847
6 23 985456933
32 58 959146866
92 29 733850425
58 50 59250289
57 26 113260881
72 39 783548220
10 24 418192002
60 1 493521389
6 58 142696320
46 3 58648806
51 36 235080929
3 28 734773963
76 37 671965158
47 48 377560007
17 22 463827326
73 19 790532438
22 37 546605234
95 62 810926183
83 23 492079155
100 21 274714169
62 26 119812988
99 30 123452563
11 40 788826715
95 71 514952895
33 61 477242124
39 4 302842124
77 40 438503707
12 4 982387218
59 66 936874908
57 3 420115085
97 90 754143176
84 5 13199692
85 77 319952615
10 81 462995225
16 1 595177990
82 87 47158879
74 20 913441968
81 27 636462869
87 93 171351729
83 61 283551327
6 54 376724378
57 19 679301937
63 98 294160495
49 84 286790423
34 76 34691110
63 12 80959600
49 28 23821627
56 2 79623185
75 89 382190409
73 94 204759518
14 37 664939307
17 40 493911771
26 28 50687131
8 23 164375431
99 7 895091895
56 17 550635803
58 96 178075294
4 90 740887841
62 37 292630088
85 47 377042322
70 22 690827126
33 60 143827887
56 7 870614990
13 45 245892593
15 27 898312581
63 21 753266840
78 71 49687774
9 81 10474404
27 30 669179960
82 24 513099710
52 37 670072012
13 29 441966373
63 14 852623183
4 71 894240843
63 59 609463036
46 2 937562646
13 93 607409596
25 31 281591126
3 43 574114652
86 22 229797271
24 31 219900026
95 40 516196243
40 28 904617448
95 36 912519444
34 87 928555341
12 25 161698495
78 70 538711085
41 64 854246161
100 1 426311189
63 71 650769300
38 14 769437077
17 4 728873279
80 31 529898229
59 96 741369409
44 47 805260985
74 31 439247866
33 72 311482428
69 5 591869524
87 79 785375136
11 1 236785202
72 15 47143177
35 99 296599026
20 26 139920434
66 98 58018741
43 24 999706535
92 32 798065855
67 45 313447470
72 95 224068739
92 43 507481537
99 95 388342756
57 54 77063957
67 60 823790020
18 89 402706225
49 23 745550479
91 65 91842124
75 21 790144933
85 90 18893583
67 64 9250353
81 22 387126620
97 43 705305629
50 60 846086058
3 94 623215320
87 83 909588590
42 62 878394257
94 30 763642949
76 40 78677743
66 40 116232026
95 47 597282807
95 30 866839236
46 48 887433952
79 48 961110100
80 25 594238945
6 64 245230891
8 96 574597390
31 37 743957447
38 58 791594650
67 22 634991774
56 48 449450945
29 1 683823786
73 90 202808179
84 95 250066557
55 48 976797789
24 60 210411138
87 98 858034746
95 1 628333597
81 61 266130361
63 51 347706426
87 96 195988527
9 12 520812849
46 68 703381640
71 30 417983849
12 90 722548037
34 25 183842439
8 98 891946814
12 58 116683911
81 66 751334928
15 23 7250335
65 50 621636789
76 61 434882089
72 94 382547970
44 4 581779731
15 26 694602303
59 17 145656838
4 1 879413870
47 87 206220026
52 15 721659112
41 20 5456583
56 68 576786991
96 26 80877522
78 89 950239864
81 76 775153133
32 80 159811499
41 78 693739252
23 60 891894347
20 98 219628405
11 75 432153071
49 57 428971363
15 21 548599829
11 22 454636628
62 25 472493303
72 59 211063432
66 29 172507395
43 48 987045344
16 38 397640083
79 37 473974380
20 5 595515224
67 87 857222609
63 93 196558264
20 88 128984994
72 50 135520347
33 15 31726776
11 68 481745925
73 100 636824373
97 20 896573832
82 36 400678650
35 46 153309574
83 50 989132235
10 55 815871529
61 90 643509791
13 64 690426180
18 29 30282531
98 51 8610991
21 37 91443430
74 27 114533813
44 80 727993842
41 76 955805533
41 1 577558618
41 45 173983630
79 53 496647777
19 26 434687525
84 29 136003036
24 94 525252599
9 93 206773769
58 21 276021159
85 92 85462114
82 71 849893064
42 64 469005402
47 78 101891801
97 38 315643080
27 98 840602065
38 76 957123084
86 6 281347314
3 87 606743291
67 90 177444286
52 50 957909809
38 5 350315393
23 5 989991884
82 37 561977964
52 40 793692338
99 31 876548197
73 64 203803675
73 55 785163577
3 61 757689496
10 85 223404307
38 47 235234700
38 64 576059283
52 100 719172537
59 83 361244203
8 6 956564064
84 64 15391505
66 36 618627788
24 54 525810885
7 53 466946585
86 3 994513694
34 93 138853335
86 84 895046108
8 72 279426711
17 90 924666277
92 4 428669545
100 95 133421402
26 51 30193497
16 29 48938792
41 43 531234545
33 22 923762690
2 96 129604252
49 95 578901762
7 19 351114759
8 93 52501034
79 76 903575971
55 64 577060818
65 48 439596409
18 45 551872355
78 61 473947362
91 45 260462563
88 21 310833865
59 14 629733528
78 51 827310967
55 66 109551576
3 15 192118436
49 9 751652608
92 1 70203027
46 21 842229237
27 45 266768797
97 40 55012189
9 99 53183367
29 4 176004748
91 88 643758207
35 81 75523036
65 2 185142725
7 36 902571583
100 17 784181007
49 71 611194332
77 45 789140122
34 23 316083129
79 30 696069927
96 45 231227158
52 72 326765715
86 71 475361018
3 71 926124986
80 21 907517585
47 83 747260432
57 65 934366477
8 74 184403807
41 72 3277688
32 60 225121544
33 30 112245616
52 65 366784334
56 44 882792456
11 28 527578913
15 54 19182171
38 71 572659505
2 93 825616994
24 22 188124943
57 4 696126792
11 16 936514275
65 34 139760930
9 1 638163203
63 80 640301741
34 43 805970289
99 17 222135490
74 26 76422228
43 29 999557356
49 73 913333569
91 47 781374447
69 90 536215997
73 87 666590720
92 54 115151431
62 14 72853619
59 27 352272789
72 66 809934169
100 48 438215708
41 50 137268382
35 53 559480390
89 22 961559017
2 42 474712847
57 1 466005379
57 2 28199658
15 24 964297103
66 88 23140304
11 43 221467502
74 58 285475806
11 21 516979071
74 16 317681304
67 85 329717728
86 14 451906397
28 37 563852700
42 24 418031794
73 60 631852985
2 78 524086018
85 72 285979834
67 91 671092195
9 66 401483248
44 26 996595152
21 64 489672095
41 87 436377894
91 22 76991481
8 47 696073798
100 14 609981604
100 71 176661455
83 29 391012461
67 15 889871951
63 65 613365012
55 87 149211950
88 5 235712003
25 21 299268640
40 90 671490750
87 70 866094888
38 54 297814773
18 36 817302418
8 85 557291610
63 77 98119538
32 40 353643284
20 59 503949738
41 47 182776423
73 26 453202087
59 98 889541276
79 14 680698469
100 37 625918273
56 92 351439956
20 40 188128732
55 93 618639457
20 15 817044150
39 82 648109941
24 90 563178931
71 51 769082080
88 90 164292482
56 55 137614614
63 97 897902195
47 53 3581494
17 36 202554898
11 98 394245386
49 89 246704094
33 51 482806226
35 54 986250217
13 2 139978732
53 31 525290633
85 2 2410390
32 20 6204763
53 26 314946506
92 58 375190082
55 94 740787634
65 17 49289838
72 89 756233274
65 39 599692098
49 74 569000233
65 54 206242032
24 68 663309555
10 45 201498627
2 72 622815480
77 23 838814827
59 94 303392970
86 24 686595012
28 64 421662478
57 15 210045224
20 22 413539938
7 90 727461971
56 18 257910815
73 31 699355538
12 14 22806195
16 28 437163826
52 87 878668952
85 89 288676723
77 36 943679100
97 7 944666219
79 54 581366258
63 48 282585974
7 37 536216736
2 20 419476575
80 98 939835465
70 64 477666497
46 40 569259913
10 66 112344095
38 89 301271770
77 22 778083773
97 83 417355806
8 19 817198042
72 82 775970117
83 30 397735704
41 71 447334917
9 72 642411502
65 92 442698061
55 76 906506377
32 62 970864867
99 1 117898724
40 4 716655102
62 94 269088600
49 70 81402831
17 48 261482474
12 79 977491061
63 50 327391054
39 66 165234136
67 79 420637607
27 51 470385974
63 28 391237146
100 3 115645943
85 87 780407365
100 64 107648346
77 4 808431071
44 88 826794553
67 41 985213006
29 54 334896916
44 96 480293684
73 59 407573819
59 80 43888351
49 20 354543781
38 60 493848814
73 61 42900037
79 21 88425016
33 89 85109843
67 96 154336020
9 95 47812975
12 26 169910193
83 64 234870727
90 30 672331265
8 97 502864151
87 4 507391352
77 96 214623826
67 88 854854210
77 29 271718676
77 21 203377574
13 57 870667596
51 22 46384675
91 75 381519869
2 24 66403612
65 55 867964903
92 35 646646965
92 88 235911167
72 21 609122430
74 50 583565567
11 76 508114915
20 64 148155832
47 26 901097366
86 32 948797101
52 8 999108784
100 80 352308025
58 75 285696114
68 71 209854330
81 77 497057626
86 68 328325157
65 59 412322763
90 54 680977406
74 29 118928445
57 81 638941458
12 11 316384772
9 54 473667596
91 51 879665996
61 51 651876583
74 21 875941448
33 71 840752007
78 48 252427320
72 75 758258856
95 22 527551499
38 66 310663271
2 43 684249339
99 19 870803331
49 61 946944646
55 62 253505384
41 7 617790577
11 24 676391742
70 88 446727060
78 88 52200112
40 7 34523891
55 79 156765009
82 80 342835414
3 23 106247131
65 22 464363590
44 54 706843920
83 26 478686201
52 74 951541681
94 22 976375612
74 77 15929077
99 22 919783695
38 84 487682379
49 37 802920333
76 68 287010027
55 61 149644850
97 45 54054723
56 53 731566804
9 78 327251982
32 22 833691371
38 1 887192914
11 45 599844113
5 1 976436310
39 45 808730586
16 82 969294458
89 64 457070141
97 89 22198043
7 28 306680491
81 96 822444449
18 64 405736659
100 18 963789751
56 23 615233925
35 19 401981589
4 54 709312474
12 30 872806241
57 36 372237980
12 2 642814780
20 43 178717501
44 58 240367734
56 25 209508616
78 15 173966976
59 28 208964048
8 2 175478272
85 99 875375789
44 93 683707833
90 93 594152952
92 94 891111939
56 15 463014574
10 71 977946224
3 66 289882205
77 37 819850232
88 19 384908088
96 90 342343738
10 38 86622596
63 24 169110975
55 40 572084649
13 35 578814192
78 98 362611201
20 78 777400913
57 47 40996665
94 68 583430257
79 45 537970229
23 62 516297805
50 90 342826804
63 31 909928818
94 53 306241156
48 68 777985929
10 4 40498575
76 26 337751369
68 28 648170552
41 25 232354083
75 68 363360383
77 5 505491633
49 17 4319408
39 30 199114351
91 61 226676870
32 64 904376003
61 28 491473146
78 14 199636318
54 22 108202872
54 64 918284694
88 14 489346689
47 15 89693721
92 53 309834003
76 4 962954048
85 73 360176011
58 77 341129011
20 31 105039303
62 36 127632904
74 28 155200589
12 64 451382477
13 65 36128707
16 4 602291429
29 21 570265797
9 87 572057703
91 98 102506014
63 64 884899037
52 49 76383552
57 99 483607108
81 79 530119391
55 71 994217706
29 45 817150340
51 37 389578467
56 47 177025492
44 77 908195327
63 23 91471456
63 75 207087959
98 64 116616453
86 73 371360179
63 36 728570367
74 54 967204859
3 4 921978679
32 19 111467065
10 69 526328853
19 1 165344361
23 93 444926267
100 26 939853885
15 53 910532207
34 66 606399145
80 19 289996186
86 27 723920351
23 40 427333681
2 15 692180494
32 34 667482949
58 98 479221467
49 60 119308081
24 64 375863762
56 78 608358692
48 50 480397697
92 59 590654973
80 18 72606375
8 89 596382878
83 53 43450281
80 22 539926641
97 75 542471717
58 47 819013923
20 27 857803661
32 95 585183045
46 79 906242754
52 13 497588720
68 93 182719500
13 69 271094782
81 14 852090164
47 59 900831668
55 54 821756461
16 60 473851582
39 48 282840530
82 89 778778250
15 64 451142001
18 15 322272638
89 68 490080423
52 9 767935333
18 30 242143758
82 5 88561991
10 72 895981736
20 47 286659797
39 1 452379943
13 75 761369790
62 7 369055087
12 37 659880876
95 21 207347134
67 48 745057291
12 83 482424016
74 96 196133801
87 54 904116878
39 22 583496258
77 51 69228794
63 96 53281146
89 36 155373353
58 88 478294193
42 29 295324161
49 43 276257715
48 54 509668393
8 1 768866076
49 18 85833540
10 22 402265871
13 3 379316373
67 24 302951178
8 14 43423153
23 22 162134236
95 81 155277680
29 64 13399469
52 30 283083095
10 35 924155299
80 51 725305859
16 47 222534781
40 26 736070200
2 28 914682799
59 62 361592527
13 1 220062410
16 69 316923689
38 75 31643515
59 29 887968275
54 28 331973691
24 98 355208327
63 49 103103017
34 36 996835670
47 51 547706399
6 81 842350966
41 61 265690234
34 38 125678911
86 90 966145361
67 36 578081742
66 25 884387409
44 1 134911353
46 50 967505035
16 72 441826383
85 78 221380513
8 28 774461008
65 98 689680891
49 30 814346387
8 48 937116591
70 53 271934164
92 98 850638
44 29 770900243
38 79 665830645
46 96 583371386
85 18 674021327
68 90 961620114
77 76 452081336
27 61 416776786
6 55 504489367
46 90 887644823
73 40 879843437
49 31 915341318
81 26 431168378
49 1 720719957
32 94 226526698
17 61 510273545
58 4 244312477
86 56 896172431
38 80 537815178
67 70 411779529
87 40 107965242
67 17 883807449
59 43 678682862
24 50 598964923
9 16 875452710
13 6 214716973
43 89 806644447
44 42 690958412
13 99 62728718
33 26 601982238
36 64 717534372
47 30 962467693
42 40 204126983
74 76 747914296
88 45 282404795
52 35 84089645
56 45 177882863
86 17 124556337
92 61 706363002
100 75 968162313
82 53 201560589
63 5 200629407
39 37 544073661
59 7 863843374
28 36 772940669
73 1 513231985
91 30 684508163
86 4 235110228
14 5 136529623
78 90 512717191
100 84 205917856
53 90 791880320
99 27 959602151
56 50 336510384
43 80 927060816
4 30 663355617
20 30 876422681
12 87 674080650
2 21 436336518
66 68 778984567
85 30 64416988
65 4 682093234
84 3 386542695
100 24 814105101
97 9 524952039
67 28 742381042
9 53 556556003
82 98 131001131
73 62 319603648
11 3 422977571
96 71 297875394
73 70 20395735
92 6 332564700
70 71 494333746
32 43 563496008
81 47 21885003
10 6 994903084
21 22 24414232
80 50 137535065
75 54 889950963
25 19 526098913
75 19 830235
55 4 752631355
7 48 118579636
92 3 904509101
6 25 964985926
65 84 822058870
100 93 184206418
72 64 164740475
75 88 531264006
39 51 218231740
35 76 866484558
32 17 713361884
49 69 693702538
13 55 888460250
25 61 825071410
69 42 436905970
11 62 284706567
41 22 335759025
33 96 672562886
92 64 140781939
49 78 704836454
65 6 944772202
10 5 116762421
2 64 206578606
87 88 171705906
60 98 594162443
35 22 568525618
96 28 780020365
8 43 148150298
59 55 643597605
6 15 228680591
52 80 203474535
92 77 950761399
86 100 82131260
17 76 750342949
9 43 965030984
47 70 580898751
59 90 196051483
33 40 249807402
10 59 358427564
67 21 140310864
61 30 359571821
80 27 82475983
16 77 502806909
72 43 985526976
55 83 119628432
11 30 517420959
78 17 372539669
43 7 405038693
8 34 524113863
39 80 25839931
35 80 104138688
73 54 645681127
56 43 660164626
39 75 525843654
49 76 881827096
99 69 754852065
67 46 93073365
29 30 286542914
12 48 913662092
66 1 36262282
17 45 675027113
79 90 678008239
24 27 818605798
56 62 669702671
74 19 228223898
23 98 597474801
92 33 783500965
72 45 554327998
97 2 764692361
46 43 104344561
6 39 2061184
63 25 10879850
10 34 508030873
99 55 116476881
11 73 69096596
91 77 297824796
67 30 258004375
67 12 485403795
34 29 954959154
97 37 494568914
58 31 971659001
49 22 167443159
20 68 682885225
29 53 850620362
41 89 459570044
49 19 612232573
35 32 384244043
74 80 970054329
59 68 313346021
8 13 454560811
58 3 736057987
10 86 771612074
33 17 504248711
86 13 432808024
41 16 593815284
74 89 750749265
96 75 326952900
16 62 188042822
18 37 127315625
91 15 388874859
63 2 232262433
56 20 788361134
11 51 124252392
52 55 887889923
82 22 384242842
6 87 212202531
49 27 196836022
39 61 773360825
67 34 599551133
87 28 290389653
27 93 966742749
52 5 330313645
2 77 732702004
23 51 842836237
24 26 555698941
16 23 279329928
67 7 278958009
27 50 42636783
46 36 776224095
25 93 706466209
13 87 807659400
10 68 469333517
94 51 8914897
56 22 753878997
51 21 30609182
44 22 224937429
43 78 391821529
20 14 817174422
31 93 833853664
9 50 759224729
82 59 130428756
85 81 931765460
96 54 681765402
32 21 465913573
48 37 700322307
16 21 450680455
34 47 798529685
97 50 56075886
63 47 688678607
53 1 913528642
16 39 501987707
42 93 456672175
56 60 635032267
86 39 91415035
52 95 293138277
38 21 245275214
99 15 301149588
86 25 766280163
8 9 802030142
13 22 462196183
65 64 975239107
31 28 535270111
15 30 985036882
34 15 627034877
49 99 984435639
10 54 568651140
92 68 44717919
75 60 454376036
33 95 635656543
20 75 150765478
77 90 326610077
27 26 571624286
25 5 790788626
33 34 382165225
95 26 739098025
57 30 681166493
38 87 876847013
49 94 878252766
35 33 877924350
92 38 719043509
59 26 812129014
18 71 211352784
96 36 224315386
80 83 321186071
38 23 969665176
35 31 468550176
18 40 783082815
41 54 662567186
27 37 371074699
97 100 629058316
16 51 385795081
10 77 706856431
99 24 319332990
35 21 779341172
74 17 724865272
34 78 974521113
46 27 708829224
99 36 369204938
89 27 206028763
99 70 298713499
13 15 443604684
88 53 98526668
2 36 545724846
49 35 428315069
86 11 976168310
42 26 161156867
65 38 485830576
97 91 769886879
44 5 118820683
20 48 312947868
99 79 786730553
8 55 670357553
100 50 990490108
85 22 148863432
56 36 716216001
91 72 827089790
65 32 661939567
2 17 608446597
77 79 304135348
44 3 251436347
39 98 503447699
62 53 566649510
100 78 126046539
23 53 42469909
11 39 847559958
46 31 779199191
26 90 707690925
84 25 166678050
87 23 787296106
94 37 867743577
16 27 26655696
47 45 69448948
2 44 139794501
18 7 575991165
100 44 710949990
86 53 404923705
33 42 107352464
8 24 7817235
29 48 362567867
4 45 42033230
68 37 182637882
32 23 145715279
80 96 108957607
100 6 846418922
57 43 906832191
59 25 90230692
41 48 517799230
45 93 857368844
74 51 899647182
42 15 294507938
52 96 115115052
75 29 380651793
57 78 296142199
62 45 136668550
46 89 927490388
98 28 866155226
41 32 75165885
10 58 403561336
57 32 744612110
49 38 849067667
30 64 428026234
11 48 590833344
8 70 222312227
39 94 645372094
56 12 572505037
78 93 578164564
26 60 989945777
75 40 83164621
17 1 104652543
97 25 930554352
46 94 781800458
63 27 356376665
55 60 211135819
25 22 816946546
42 70 763925671
73 20 37655504
84 70 602932761
62 21 952513450
49 72 165245774
80 28 396644773
15 88 341055321
34 14 806068948
89 94 1582678
73 7 947492434
11 38 200771923
8 60 549294948
73 32 82985981
88 64 923279581
39 25 244790646
86 77 733503803
10 61 921035345
55 25 32177640
61 54 307676565
38 25 651013549
87 19 834411131
18 61 931817229
9 44 543024769
2 89 238344040
56 75 456055523
42 48 716800896
34 40 710808239
29 5 663332030
59 61 986758707
31 51 279984688
58 55 674715572
53 28 318641330
85 42 59574250
85 60 355833024
44 76 14941356
79 17 502492798
96 14 379285413
10 11 739997072
81 15 86310215
99 5 190141870
20 24 573070296
74 37 394191025
68 26 602930556
23 4 312001295
6 17 120434479
32 27 333944882
33 53 759792283
46 75 798565486
39 26 487462536
95 94 594061129
34 17 565023510
50 31 251455561
20 81 589510011
15 4 944722745
63 20 987220581
20 89 970857541
50 22 700133403
30 45 230804109
43 40 507412504
73 36 489364635
44 69 158621091
73 50 536102720
88 36 936906398
96 19 818580295
68 64 443373855
72 99 467175470
57 89 770794703
11 99 426650620
9 18 265301492
91 25 929798273
84 61 138244330
84 81 581457109
56 81 400960565
78 75 463036345
76 53 23697121
35 82 988283978
70 19 264499928
11 72 204413737
65 70 79154728
91 100 32597083
9 4 977453932
13 73 368708208
20 69 725734239
52 14 471379379
2 6 230260202
11 31 243399629
74 34 534105787
43 98 931184745
58 94 621635025
3 60 723645545
78 79 939691206
57 88 571858845
44 21 109031121
73 43 617445796
20 42 208337235
46 62 723314082
9 71 560631305
91 84 605695611
18 22 250134286
43 22 307206428
55 26 216344294
50 37 66673800
33 32 98103464
11 14 473491378
33 24 102787924
88 22 777247206
100 61 969004111
97 14 814279248
3 77 605113668
67 97 148596352
87 29 295978194
46 42 476543247
40 54 608449040
82 96 969107549
58 69 231757134
65 96 4175703
65 60 534195994
57 29 950041866
18 24 655928680
55 24 745094360
16 93 835258413
97 1 897060864
6 19 288490149
9 80 853361018
30 36 30515326
58 79 431101083
83 54 158870577
92 74 86679920
84 36 262966077
61 37 345458077
74 48 96336209
80 75 467428584
85 96 392999443
67 82 197909569
72 27 868098035
42 79 830782837
5 60 336690093
66 87 291792534
92 90 11123881
52 97 921192873
8 42 249547428
61 21 460732413
88 54 758283282
54 36 987620411
9 77 782346161
44 50 554894569
11 70 232381428
63 79 561327923
52 84 64135230
88 25 784082713
6 77 844394718
33 84 899539403
60 22 227377949
16 64 428246879
44 84 543536626
1 37 733262917
33 44 527252782
85 61 902252976
38 83 486714959
75 94 979363907
58 90 93534679
15 61 377028795
100 38 5012453
50 30 845060075
62 30 871910806
80 24 291399385
97 28 878255519
16 30 777987305
56 70 1972805
70 4 115217999
8 40 865046047
86 75 654285094
43 42 849615932
81 25 328191148
47 90 391275516
8 78 603063168
3 1 195455151
100 51 585640064
2 87 50304673
35 27 581959107
11 61 706401615
35 87 524619046
58 68 495624785
73 6 808371730
63 37 131955681
33 83 18193953
42 50 514708701
11 88 18051347
31 71 201649133
23 14 9384162
16 68 582744803
47 27 370403877
32 68 707717173
35 94 555137359
16 66 297710134
65 73 237882048
41 37 858047365
46 23 633938000
35 90 166687317
88 40 759518944
85 43 637197822
9 34 649176460
92 50 61678304
6 99 966873618
27 25 445743909
67 83 857791736
5 28 433337257
97 87 681030309
85 28 804164155
43 1 180325269
56 64 471036246
11 5 458692898
74 78 317178651
97 15 482359704
96 21 922828832
62 22 523620143
79 88 371281414
32 4 291481533
85 76 878366917
75 48 150457856
82 1 848532266
49 55 688520015
26 22 64549530
39 42 23972661
57 23 314992992
40 93 550982980
81 23 128658493
32 61 380417680
76 18 534475440
58 53 484367479
58 5 473244336
70 28 324035230
96 94 154554302
8 99 912379365
33 23 877059591
66 90 817712949
2 98 315492104
23 31 487126408
43 30 189898593
52 1 607241825
86 60 611799421
43 4 378280267
67 92 72292544
72 19 437031106
10 76 621071020
73 81 641715505
56 4 538105799
34 94 686590512
67 94 464570474
7 1 65107846
68 60 537144356
99 14 117309898
41 38 992783414
40 48 332979949
84 30 490493762
39 5 928376106
74 59 764218421
75 23 939996775
69 37 784183829
34 59 762538991
44 61 976163398
82 23 602476712
49 90 752150678
86 1 548494025
83 27 422121581
58 29 76940680
13 30 579324473
76 93 182040156
38 45 566240671
52 45 115027121
74 99 804750493
10 32 530617990
63 11 802396814
74 38 16933571
13 4 839863719
38 78 172832910
40 22 756964704
56 3 926388433
49 50 31012304
13 34 144638927
57 22 305700491
10 95 524059034
39 27 532708932
76 36 465135720
9 84 735614722
3 31 193364360
10 20 740600048
6 26 830915607
46 29 384968932
78 18 730534863
100 15 146633377
92 24 849077352
24 71 978267538
35 42 526118444
19 45 296594626
56 58 417825303
95 60 757522691
38 94 278492492
8 69 419581423
