100 4948 10
4 6 6 19 29 32 32 37 44 49 52 53 54 55 61 70 73 73 78 80 85 92 93 95 98 99 103 108 110 112 114 114 114 114 115 124 131 131 140 140 143 146 147 147 153 155 168 172 173 175 505 2844 2960 4087 4486 11577 15324 16905 23291 24025 24228 25324 27747 29754 29768 29846 117941 172551 751836 1077865 2523846 3450917 4934350 5041600 5444140 10269114 27449352 80525558 107994421 138134565 217855525 356649303 356658584 435115887 468188244 497595758 548847179 589607642 608976685 628887471 721885275 731720008 768514425 769971498 783007818 943913226 945429588 970287601 995007869
5 59 45420503
23 35 909192226
10 35 808450405
84 64 405089454
17 41 570725932
14 66 881614329
50 32 254341429
100 51 922334287
84 39 157457926
12 22 631146405
35 44 293464344
39 46 746857293
40 21 318276719
25 98 646175332
81 59 344190111
75 77 616521844
18 91 816774143
81 63 995003829
96 8 102637605
67 62 856470238
71 36 116005437
17 22 87164039
56 34 564894977
16 49 844209497
82 97 976913054
100 19 743097608
5 88 710065035
59 74 546582193
47 6 742844173
15 62 924066182
63 65 364527022
45 37 674139531
19 32 8999805
84 47 230672241
52 37 143533962
74 61 715944731
47 9 341302619
11 29 378456820
19 68 214512717
3 38 631718368
96 79 169057052
60 2 753046852
90 87 365786416
89 40 356875118
92 72 357322398
12 8 917671778
69 65 140795883
44 4 10046002
86 48 226712306
25 22 301934221
80 23 883690712
58 97 836425857
48 63 332492840
75 3 926904599
80 59 411270084
99 74 63686256
10 13 417448051
82 74 640169364
75 86 947797890
29 97 73593550
94 37 586081855
14 54 447321199
45 87 970733420
81 100 625905696
94 61 345289933
70 33 774419191
95 4 355296026
75 81 918575418
57 88 758366129
53 64 853940362
16 81 167463376
20 88 381755356
80 54 416028455
9 87 744344873
95 6 87661351
90 84 375834267
23 53 349948
82 85 563885782
40 83 353040642
1 47 788410440
77 7 658017706
16 46 337452787
23 49 923044839
60 9 920048322
44 56 279565269
10 42 434806204
19 69 977497096
96 45 893947982
81 85 917428164
89 78 709852125
24 66 38837428
56 54 152413844
89 28 494656512
77 85 340531505
1 34 528348381
10 80 601533733
78 57 402445207
5 2 642757462
83 93 861558098
96 15 890948828
39 70 24992893
71 9 606196738
72 36 352790301
92 7 782954146
38 49 135792967
58 4 97148351
25 93 631631471
41 65 456946529
74 63 319438623
95 57 236334213
46 27 460409520
29 72 217750344
53 31 848791609
10 25 398405642
44 57 63000665
99 62 849974511
10 49 550205706
39 94 731939113
29 93 136711197
14 98 676256406
17 76 574833691
41 74 161752991
50 70 745119780
84 63 340980028
82 41 544914041
57 85 703034153
9 21 5325169
99 68 717936286
35 99 523906610
40 41 973333074
96 18 637429678
26 43 516895007
78 48 330206999
55 41 333859393
90 36 992685586
35 52 46416091
16 91 177826723
43 68 945021372
77 99 921064688
14 11 752994257
81 67 208234393
63 31 888942840
50 65 160059021
47 88 444861640
5 42 806353678
84 97 71619542
75 88 77441935
49 26 318644013
99 27 24701215
37 51 407189381
45 46 292280631
54 32 705221329
90 24 440383160
13 43 636457778
1 68 742475119
63 68 420129790
67 48 156159681
17 46 654910218
24 3 392315173
38 32 329203476
13 66 162035991
84 81 708826474
44 7 785105125
12 57 133254089
18 26 640937480
49 30 854952838
89 33 230512323
30 51 190502343
84 99 528779947
18 6 794536485
47 42 600789702
74 6 666429814
80 51 866753784
76 33 325243367
77 39 176789326
19 64 755240124
96 57 609707590
90 8 225171129
12 11 501259313
63 64 370254680
7 21 459012709
58 69 183238213
12 63 320810493
14 46 548454064
39 78 361438262
15 99 306647068
76 37 295192667
49 47 376862806
46 33 813530421
48 34 300911834
9 33 607029709
16 42 583348419
23 52 107672302
100 94 341929574
74 31 297061817
92 34 464773018
92 41 128253427
70 65 779586095
14 44 666409062
14 8 806227666
3 76 376450462
23 6 715450237
24 46 806702819
95 27 742414961
56 4 252369875
2 6 774177745
45 32 853855845
13 79 393047845
92 45 939380602
11 91 762763640
82 68 718046209
18 88 694628187
89 22 199731296
56 72 277956837
28 51 238672871
22 99 122675842
27 37 465591995
28 21 584323016
77 64 807356585
51 88 425203241
23 20 717722499
76 88 918193209
76 26 173294660
82 43 249228827
7 42 525043114
78 25 145074439
96 42 453296044
55 7 841886027
49 36 718678639
83 54 224933168
80 48 189780393
82 69 597230302
52 72 99873645
23 4 455139731
14 57 47258066
18 42 466441979
60 4 866676447
94 51 82132547
3 98 543663983
5 81 397381427
29 19 233602380
1 50 57808949
17 15 453961696
14 68 88619880
100 32 646553383
11 64 206326399
73 94 303182775
5 74 117184398
20 32 878218720
84 69 374805708
84 41 782717607
59 30 637112197
27 32 456738925
98 91 839020180
19 42 380157018
93 32 343108164
38 34 477560251
33 85 754092434
51 87 823967388
35 93 757414753
76 38 864475934
19 6 335029843
58 93 722075355
14 30 644506735
52 19 363506788
99 73 323359527
60 49 819064224
96 88 995357347
4 66 671324874
66 36 741027984
99 72 6861132
44 9 415496739
10 81 87561634
5 34 786283686
96 14 469965880
8 63 5178113
38 27 970513603
83 29 572977974
3 73 559781531
47 19 332863461
67 93 773664728
25 97 202888912
86 67 863639346
52 6 404903288
40 99 386714214
81 42 277355665
24 34 758214307
73 32 298443241
84 31 12733126
38 72 558882050
59 87 635149629
42 68 669705352
50 21 535719854
80 43 298295942
52 94 584628369
59 6 483364533
95 38 635095648
52 15 405378509
44 97 590031275
75 56 659101398
86 94 499616404
39 54 440230327
94 63 371067795
44 20 549326603
80 97 81876455
49 6 167581003
54 28 48864552
23 42 375318862
76 4 334917661
45 56 42094066
42 62 293968274
43 51 294781990
75 93 650984102
90 68 744634844
18 25 736308451
60 39 11642621
74 36 557226486
44 22 911823832
39 51 482401458
13 74 590151230
55 28 37675298
77 80 122065746
86 43 823351128
83 11 253960697
7 99 340680315
75 95 187867281
56 87 12564885
17 37 777035080
22 87 601171322
90 35 869174805
4 63 721192658
77 70 182925169
28 42 201542534
59 47 227821259
12 48 68951369
84 76 695522705
57 6 585510925
60 81 504600668
7 45 395510854
48 87 107830052
92 17 900872570
27 72 719148670
67 6 835054453
49 56 76520546
86 93 99031023
39 21 624253573
92 13 449627490
22 86 826521934
20 73 203877712
50 73 1632763
77 65 187459581
77 43 661993227
83 46 324723331
73 87 151506087
95 13 266970086
60 62 910603291
5 72 900339904
34 87 666143590
61 33 971216444
83 78 255718685
23 95 112782228
2 50 903474800
76 87 274327870
46 20 330227388
12 87 894204348
60 61 778101195
75 90 875979051
84 23 985247059
27 21 707602068
18 11 964189748
90 46 639339645
16 6 932619965
96 19 604074565
90 83 95983752
85 88 807481521
17 9 724813333
14 42 422388854
52 78 743042980
23 34 613367425
76 30 945402544
90 59 744384955
71 85 600714272
38 12 647752377
76 73 968229470
98 63 422993814
72 88 853774993
47 29 350131749
99 63 268352681
83 38 857918377
53 32 986862942
53 13 471482093
83 27 704029317
84 37 804056424
30 48 851084865
13 73 690852305
60 43 967679275
9 85 74415797
2 42 690028755
15 27 444440485
25 19 620655538
44 54 621189597
82 31 798345386
23 62 731923467
73 48 710261210
20 6 199098543
77 58 196511291
96 81 871802134
52 59 530218040
55 46 357207047
92 79 576727649
23 54 739348897
92 6 979862612
5 41 823792838
30 43 117153033
52 61 512469976
13 69 541223052
16 47 762604783
56 88 599775541
58 42 145819292
48 8 642724566
95 20 510960575
69 33 466904038
55 29 700274441
20 4 921285884
2 23 571395150
75 52 249361521
5 68 401018435
52 26 931742270
87 65 410457955
22 19 67060423
18 31 834681622
17 91 404444359
23 21 416721914
4 8 534743272
58 43 748375302
86 26 371715928
12 98 964802461
53 100 862634196
55 26 490963559
32 33 869794135
40 51 472467455
60 19 727540367
14 59 754592172
16 80 222775360
84 36 204239216
71 69 369304548
49 68 994605093
10 41 372054310
35 100 976452281
50 36 489192623
76 72 651563432
75 76 132274254
80 18 240761725
75 54 766279692
52 64 204721363
19 71 925441317
13 9 935003308
76 74 952674161
46 56 753819305
100 93 291306896
60 79 95795684
80 45 834520037
84 14 923661608
12 69 738948974
29 85 257837004
85 64 642674750
59 43 86643898
94 43 867231347
1 67 761167759
53 79 844161852
77 30 723496251
25 94 601798823
52 42 670160560
60 52 547175333
92 58 162213906
50 72 349284710
18 15 776954876
29 63 731265567
46 28 210612897
17 18 495492034
7 47 881464686
44 61 94882071
10 46 576653599
29 43 317005438
60 41 942588932
60 6 703091051
45 6 317682398
50 79 904992798
53 67 825401951
5 50 225753079
38 62 56726849
94 8 902872204
18 62 297704189
90 33 733576348
14 52 934773442
22 47 916221225
96 6 401671677
10 38 71264131
44 69 67806621
24 73 983517760
8 34 175423952
2 32 401855430
13 88 130641875
59 88 101568153
3 8 227965214
12 93 182835119
53 93 602292856
42 88 765007317
7 12 609952962
77 4 509162116
18 67 977610933
75 47 534821815
26 51 415385550
60 67 582192963
35 87 607761136
100 63 516448696
86 4 181425676
82 78 659499221
40 47 691158776
41 73 103307492
18 58 29758710
24 84 400159974
83 53 148984776
49 8 962633437
58 73 373720571
34 64 46678156
4 87 583623187
80 63 821484719
39 56 175480720
15 46 402504117
4 33 437674185
15 65 549561457
43 8 908560898
50 68 999073278
76 78 182977033
75 28 209562678
14 29 925567512
78 56 353246184
17 100 105726704
27 57 261436938
38 47 669237910
16 88 438255656
27 67 286956732
73 36 106663552
70 11 952637902
91 32 818715836
10 1 614201884
59 28 85405118
63 85 507169621
12 20 610526098
57 64 887294057
15 32 71130841
59 36 19086087
39 85 792451955
41 42 81394541
4 62 579517611
82 88 654420328
43 31 239699414
29 71 118122357
59 32 358636695
97 91 487640697
28 87 582841565
60 11 280001987
97 48 894836037
7 28 16257702
24 69 570679410
50 97 990087920
45 100 337491281
24 38 767157210
89 39 653871981
44 66 645311974
1 84 856781016
19 74 114066496
53 33 70053676
2 8 702869737
1 70 103261792
74 9 502569099
23 51 933523884
90 85 577092908
91 87 303804895
50 94 372230489
70 86 405779174
56 29 972172206
64 68 725056929
95 54 562081479
49 62 465262264
7 72 514201340
100 91 784673320
61 65 364055339
38 25 587313565
35 62 896781963
79 72 625027978
35 43 4874203
3 56 779665297
6 61 854287068
90 49 287648741
5 36 359559287
89 3 819813556
3 83 910904984
44 8 577639212
46 100 175007582
50 61 460292367
39 80 368099871
92 9 743978819
96 53 73766225
49 87 432086137
40 44 277811195
27 93 912252772
41 43 394577862
40 15 892051726
35 20 719989320
21 93 645155038
45 47 521186607
15 49 310073771
76 57 833029352
27 65 692711550
49 69 867185935
10 50 980167645
40 64 213492357
61 87 348303998
80 83 439439247
23 9 591463121
23 72 267405438
58 8 271971081
18 46 434124445
60 83 566496719
89 57 99499849
5 13 667683151
60 73 735668000
95 56 334882484
13 97 536158174
81 13 175995808
16 22 822314631
5 48 231290475
81 23 876192729
89 95 489465603
60 16 295049730
79 68 329053498
20 57 609719463
44 78 700566830
20 37 531644085
84 95 604884691
5 46 440379332
4 48 264765660
40 85 626160030
22 36 434372176
60 14 392171494
60 7 127922259
92 21 391527473
30 33 76641644
1 12 924542633
37 43 184064755
98 85 922834949
7 49 80222397
16 36 797510984
89 67 185351265
26 94 76986789
1 17 932061803
70 66 994237109
75 23 22662099
77 17 489620839
80 64 569907723
19 94 419221057
4 43 849109371
16 17 674669264
52 49 998161861
10 5 386444230
55 62 463836336
30 21 376732006
93 34 394844178
15 86 564127677
47 85 788440893
50 85 770472220
18 23 342116077
81 14 44651575
55 13 931432025
20 34 872729310
14 79 227578628
99 87 938863043
92 77 372291777
2 56 396662779
89 21 574636129
97 88 249939589
15 19 326848123
95 15 726091057
90 63 7908282
60 59 429314807
22 100 124099652
95 61 907506366
82 29 865039286
77 83 816993113
55 72 476404288
13 28 671006220
77 74 138936574
51 31 242492704
82 54 969968431
2 88 694828263
38 22 682407097
97 34 705967996
70 22 806730816
1 48 78235005
35 32 269057803
11 93 69174255
44 15 401397299
32 87 311225803
89 50 5232539
7 30 421270862
33 65 103004435
24 35 761678798
84 53 853527078
25 29 754918939
83 85 915146837
95 26 339714477
10 24 498582508
37 31 752002928
50 38 776922417
14 100 886166145
95 11 406532448
27 100 689321031
59 64 325199343
70 47 644333017
82 64 75472968
60 70 989608214
24 55 905519827
29 57 828889601
92 46 876501486
83 48 881547406
24 45 377742677
17 14 37878906
83 47 382126923
3 25 262602831
86 72 629071445
7 48 52353655
73 93 734130190
77 76 897783475
24 40 851359799
71 51 319772609
89 98 923730657
57 8 534674162
99 94 762435127
55 70 42751528
15 71 473191237
98 30 293537587
42 69 85173842
45 43 162820004
10 44 757597038
50 42 83962814
11 88 423427646
35 30 134556569
39 6 969829658
93 64 467866603
86 42 961121811
80 86 878799665
25 63 234401149
39 19 967024985
26 37 909190199
17 55 688753969
92 22 840199972
3 6 274269729
56 63 142655009
75 39 210700266
12 61 530333641
12 66 867454072
16 37 707835886
92 90 926118774
45 27 526050539
43 88 354023223
27 94 207286199
18 69 202395156
84 74 647490571
97 74 980159511
22 97 116810190
30 88 787907953
12 21 274718889
22 26 201398165
1 29 548640571
23 88 886557897
3 14 199721151
71 72 261555048
12 4 122176721
3 15 650985098
6 87 976957414
39 69 615622970
1 37 307591711
15 94 650235961
69 8 920816257
16 4 276928344
98 100 30982752
46 65 788892240
2 37 993568065
96 25 488471281
7 15 946484885
88 65 486432401
70 42 872058213
84 72 897786338
2 74 492090397
80 95 128951026
30 37 60324241
52 46 974051523
57 43 261611761
77 86 91138419
82 34 30440579
41 30 36046104
77 14 663682223
45 68 78539680
24 8 766921534
5 71 628306703
47 36 649979323
2 66 449502418
58 21 640752139
75 36 899577103
69 31 948608016
55 91 125553274
38 41 900759426
14 21 835924592
45 4 35045350
48 85 222060766
95 65 670149673
5 35 814730744
11 62 194491556
92 63 263366955
18 97 39788218
27 86 497366362
66 87 684740974
25 66 686440897
40 70 381254781
6 73 727861632
50 26 748272176
80 87 969906183
54 85 395112285
46 63 144191653
10 65 768380612
23 91 667953973
15 47 38949310
4 26 543221870
99 19 865429180
2 57 305180170
79 31 567746215
77 28 496297134
77 33 538010806
56 100 347442398
28 19 83243499
20 56 8080433
62 88 146097936
9 37 416734843
81 7 544738798
14 9 627182507
39 72 680776304
16 31 683402877
67 64 192494645
53 85 336685461
42 43 452479534
34 88 735402798
24 89 743778488
23 69 945543178
70 72 51438745
16 61 208030630
89 70 685914492
48 88 53546600
66 94 366655399
89 53 149681942
3 9 381362593
70 53 192920639
90 34 599681761
84 4 128162464
50 95 28817717
74 91 728707325
49 21 622949653
47 66 767291856
41 56 761815614
5 54 315954716
46 34 453283053
89 2 928497564
57 9 939276658
35 25 227306912
76 63 335350374
89 94 585304618
77 41 501812121
39 67 466410472
53 61 866563880
82 57 732794639
45 30 245306851
20 27 743709226
28 86 700310090
92 61 242619016
39 93 95811458
80 88 618708182
18 28 283946962
22 68 250440925
78 69 354171377
50 30 47808824
92 84 741677883
36 33 975604023
6 91 545804570
79 21 812185279
6 43 742500820
60 100 207288588
21 88 409542129
89 17 987516348
44 47 521823108
81 32 45426357
39 49 921137919
16 72 661567301
1 20 938121758
74 85 410047316
20 8 435560358
35 36 181063669
12 54 251290448
40 67 964825794
89 8 908101209
15 100 634982409
77 22 403606105
23 48 931750947
59 79 866407793
17 80 521623059
58 15 830213046
83 21 385414927
70 57 661806704
67 68 441763348
46 66 64767705
97 69 930005872
2 100 822126273
50 57 557924698
47 27 679511414
60 46 230353408
80 93 95887827
96 2 485114129
44 86 512059440
75 62 611918178
14 94 182441088
10 6 981735499
38 93 469072771
9 31 162142301
2 49 244812262
59 86 702034545
92 87 207069675
92 69 706754717
82 12 153151786
83 97 769332707
16 43 979977180
83 15 345392021
82 2 968521162
41 79 903433121
21 61 677103055
23 78 36548763
58 61 720802006
83 28 940292950
67 88 113119938
59 73 642463425
94 48 488182101
7 37 211657103
58 64 705297436
77 93 425229766
76 8 707101450
7 74 59017130
1 6 574637322
84 6 278639674
90 74 8016124
80 58 648068937
29 87 136888743
3 97 731539398
60 85 903728900
53 21 838987142
40 33 284598388
82 28 485657962
90 15 31440070
12 30 903526190
45 8 399864458
58 46 900544762
84 43 732889996
23 13 680411797
89 76 383863994
66 67 604446746
22 94 923466426
89 66 635410177
56 37 647026733
6 65 571414002
10 91 403147142
70 43 865349321
49 94 352804554
40 93 736705432
67 43 828069514
78 4 320974985
100 34 928496862
99 53 425658973
28 68 289792456
70 26 428755377
90 11 571308335
5 65 738259456
78 100 679184130
47 94 23659810
74 93 486174085
66 61 835554015
6 88 976236903
92 95 439305971
19 33 273668698
45 53 273474822
1 78 691124703
10 67 411364850
39 74 404281114
39 53 403636144
53 37 150284845
3 42 757407011
45 62 161633536
4 61 587168929
24 60 699140190
43 32 851768575
4 51 913627506
21 33 574415020
15 59 14029960
18 65 450975542
67 32 118195615
78 37 300601093
96 3 430493722
80 57 83061054
28 66 863521652
53 51 356078877
22 45 648967399
16 99 478711933
59 34 502847282
70 44 753985005
100 9 327660039
98 36 319345347
82 58 702433221
3 35 853143719
99 51 803591226
12 13 890254198
52 63 676727922
94 85 577258094
23 73 974177643
47 68 635184291
33 68 859175230
80 71 906224979
7 65 20529349
15 54 536768722
10 73 434994125
46 87 799342538
70 27 452359061
44 79 727692760
92 55 671407079
73 72 764242239
5 20 6279222
47 87 88800562
24 78 454706789
75 16 452187130
94 72 680462422
98 28 811790658
22 54 208517035
17 97 490215513
16 97 366656407
24 43 920681113
10 84 796661079
52 73 706299429
49 85 651991835
34 85 769402904
59 11 757146139
50 7 708993597
80 56 423886696
32 63 67741521
81 72 601496904
7 26 664222448
35 34 869433129
73 62 450051522
10 95 888498767
23 38 522669454
98 57 325969839
52 32 378364460
39 14 837137829
17 20 497418675
16 87 12628267
42 94 311070743
99 32 475536535
52 67 238938438
95 91 846263059
24 33 463016742
90 6 958677465
84 60 938437916
22 69 460827121
82 56 123004100
100 57 343260240
96 68 55063065
84 33 360525710
56 36 47204459
89 36 831735964
17 79 344311707
58 12 157430944
75 46 318093176
41 57 602826650
25 74 223139628
81 22 616538557
10 27 480550072
75 100 521002894
80 42 675421761
86 64 145994117
55 18 890578412
61 43 977970795
49 99 587140098
80 38 394531252
10 93 424383078
9 73 815914913
41 53 572123593
81 58 649377108
84 25 187884941
90 77 581241638
72 48 23029186
76 49 797742921
50 99 778861542
29 4 659119251
41 62 454993319
92 33 323986880
48 62 653960143
97 68 512950078
81 64 385029302
14 61 743483823
55 67 630340298
38 31 501336240
54 34 29784413
35 66 112243571
10 66 855892453
81 71 767119675
100 79 898483708
46 31 821555594
18 43 151315908
7 36 544498777
86 61 903350668
16 86 818104933
5 45 610238459
56 61 307760812
88 64 775329113
15 41 297192319
16 68 727284724
52 91 461671650
55 52 137393661
100 71 912114793
3 100 204944753
35 69 691106974
29 37 587465235
35 22 686682043
16 78 89917624
82 81 745886888
35 86 79839640
5 15 942602209
53 27 572710257
55 65 931857073
80 99 172067304
94 62 5419610
24 47 588541860
89 44 345048037
2 27 111922628
100 26 782230667
14 56 334518923
93 68 933092953
71 42 236464267
80 44 768813991
55 86 582182198
57 19 114749457
17 73 811454093
45 36 979880436
35 37 810520848
23 8 4059660
7 20 771308297
60 58 377123312
80 53 926064279
15 87 790275876
96 65 801719145
98 74 63979497
25 21 863581183
41 29 369729400
84 12 503411875
24 54 585925970
79 64 925706600
84 78 655848681
88 68 301275756
75 30 41533677
16 18 753376810
77 34 439025813
96 24 357925865
90 42 221495150
38 53 957371221
5 83 163475834
76 50 442015816
22 13 636048391
20 43 559041996
100 97 828239365
83 49 322099119
19 43 19961576
18 98 268868119
54 74 498884116
94 88 931055563
40 81 900370894
59 68 555979249
49 46 799059245
84 94 864971710
77 35 542222070
3 32 380100903
7 61 198421934
96 74 286321733
1 32 182189487
70 85 413982926
97 66 123850901
60 80 468267517
1 92 229620150
66 65 407644261
47 30 174702302
69 34 152316166
37 88 56773753
29 28 57607516
59 19 754695258
55 42 973109983
39 28 272142318
96 26 817154381
70 9 257025587
60 33 389284260
42 93 241955552
99 47 946608331
48 33 780096017
70 51 957571268
46 64 189683970
70 88 431094450
89 30 933385990
61 62 916769494
5 76 610798544
53 47 482771049
11 9 175369294
60 86 213582445
3 21 853020780
58 37 110636746
22 9 953991666
5 62 966653308
38 67 808111668
90 13 981834483
84 83 878562791
12 100 780349954
45 9 846935463
56 64 959060839
22 79 576118000
40 65 242244662
47 65 832316572
94 65 844315295
74 72 687239322
16 71 461036770
15 88 36310888
25 79 682486195
29 74 545173902
80 31 7416342
57 93 422438514
44 34 483491034
99 88 813610558
83 62 909486804
7 25 571240169
75 55 204460836
34 68 254178145
17 13 264799837
82 7 996162933
5 19 662254420
39 52 760272329
23 93 525324742
1 39 622899910
15 69 391612710
51 62 258148449
1 73 459516808
84 59 758273923
50 22 342556646
17 95 714951325
41 72 790352622
83 26 781869277
70 12 237758548
95 9 997594749
76 12 607559147
1 18 254997846
83 95 476820229
96 95 328800913
11 57 753653204
71 33 2776344
22 32 101373989
16 94 880191556
14 49 620593001
46 29 772787253
52 57 504603899
18 94 842803667
99 97 957912951
73 91 38473717
22 62 907368362
40 97 186574801
89 60 163314858
48 68 125637724
4 68 534272758
96 7 869441334
41 4 237186573
55 34 148960451
42 64 917733381
8 62 622303819
35 14 469493070
44 53 615150143
78 36 816959251
3 31 667929809
20 66 677280586
1 45 18419575
27 63 35429982
40 95 963417807
55 100 184630126
96 46 874207312
40 36 160352080
40 86 26870100
73 64 753419280
11 45 737002721
49 91 307121688
74 21 359430505
3 12 372394280
75 69 914064779
39 33 238173811
60 94 957340738
52 58 364676953
22 43 356663929
21 64 113561775
44 43 786342836
70 67 304569431
81 74 440604614
34 63 606430336
54 42 701907689
45 29 716518415
13 19 981411430
91 64 197265315
92 60 365742474
44 72 498364982
99 9 165109027
77 98 911027179
11 30 116667420
76 43 30837215
96 33 238699868
70 93 360659219
74 32 897667580
50 37 79446974
96 54 906523914
1 44 979045113
11 32 633785353
13 8 733949060
40 39 707203237
26 33 301791329
98 9 695242677
40 22 896190741
75 80 182739288
77 44 852727321
98 79 910526217
54 91 27893936
15 85 824295782
26 32 572496226
23 19 508176177
39 22 540666445
42 87 121744752
40 57 544399075
60 44 831335475
99 36 883211780
84 62 599236789
50 29 64563708
82 19 505592458
57 68 258550567
96 92 100589535
77 62 130933683
41 27 309884559
16 30 425921987
69 32 161532714
48 36 121176497
100 67 922065030
22 67 924632947
14 45 731651901
11 4 796665563
92 11 809688177
56 67 624457777
84 70 231747980
89 23 7079497
22 88 922363835
89 16 613820632
76 32 404767718
38 46 436751161
46 71 581477470
35 33 583029686
5 22 337851057
75 66 959579225
47 56 331243910
3 34 532179816
40 79 401994509
91 62 40442693
2 63 772346338
78 15 345818850
95 28 775091195
46 72 98625619
46 9 399353888
82 53 503283713
35 42 433990062
75 1 256234371
1 94 867839323
81 53 928410235
6 93 524606325
1 23 969486265
3 13 678312102
41 87 935295871
38 51 497961410
83 51 205168537
60 42 971625788
92 93 642122689
76 95 796835632
99 93 166091478
57 34 979553903
19 26 478122107
99 46 815485195
58 94 291228524
50 59 98346918
96 22 784544689
98 88 275115757
3 23 320354652
81 6 170946674
96 23 984538579
94 64 407932012
70 61 789888876
82 32 779033410
67 33 328888446
70 64 788113970
96 59 124604309
1 79 654553919
83 56 812417576
11 86 280071517
19 61 181046701
9 62 796314866
80 22 446013414
1 16 847661485
24 17 556082599
89 18 887813350
2 40 472699566
58 32 570516113
80 8 517935180
91 34 837751202
90 72 887554184
42 72 32038110
28 48 395981172
78 42 179486464
75 78 231494880
95 25 499426159
23 97 595311244
20 93 298158084
59 97 506021453
3 61 933352186
52 53 235078112
82 55 470696066
89 43 823446915
66 88 599584576
99 56 107779322
76 19 132861267
81 99 411569536
56 62 201724778
52 65 934294430
57 73 105842493
76 15 17699280
10 63 119554028
83 12 836807553
90 37 75330001
10 98 613135474
20 36 439184843
49 54 639746448
30 6 274325136
16 79 165491622
45 20 494439860
2 69 929763346
1 8 936494407
76 56 275529884
66 26 181477272
50 54 789372830
90 66 524153530
79 51 403779329
35 68 978361449
82 70 271197472
53 72 636794145
96 64 849645744
84 9 811878007
49 57 120421429
77 37 450620254
41 100 212360902
49 9 581137941
9 61 742321414
70 28 258848078
44 49 97287238
11 42 78289691
26 85 168500577
18 21 799097781
11 69 747772236
11 100 730005186
98 67 52383828
16 52 677436442
46 30 658308788
77 82 858181114
75 53 365008130
21 37 323775398
89 54 894368771
42 91 262187802
39 18 690820696
25 72 346658583
22 28 606023046
47 73 993340989
84 13 174963044
24 12 174039214
11 37 794818544
14 12 73138007
3 94 726018705
5 7 907148242
53 91 704505591
77 31 818202532
10 68 384644087
80 73 708633675
25 33 605966277
47 63 530868406
79 88 279763665
96 83 283710799
41 6 700721857
60 25 908025573
14 85 990735353
15 37 445898721
5 85 462689744
98 29 305320659
99 30 880758069
54 66 815542294
5 53 629265907
58 65 930807334
79 65 754591103
92 40 317150186
47 33 555662362
94 32 159360098
66 68 551895661
95 33 942112269
61 68 503199904
14 73 678700990
24 50 608371349
78 41 657048121
100 48 694703447
26 42 790340697
35 85 967116647
90 3 201637922
1 88 736110973
65 31 493414631
83 14 420160193
40 30 216296021
89 25 214703508
90 65 503504956
57 94 615783514
50 47 5520043
23 14 204945085
27 74 37231528
99 37 57846690
24 39 903228573
25 51 736075348
20 28 307533815
36 85 700599708
71 62 539007962
5 18 19168147
52 25 398065411
55 78 989586956
39 91 145698761
16 28 108733548
55 30 235470085
90 91 42391590
69 64 216454598
17 6 499411411
92 16 493731041
96 48 166143311
92 76 496792694
55 9 290127625
17 40 535346058
44 46 683716673
69 62 371151429
81 93 605002437
69 93 566734714
23 83 311201520
10 45 703237158
55 47 411166531
33 31 391885454
53 71 320045601
90 39 536521664
41 91 330293480
92 62 230599603
96 37 350993933
2 53 831750910
81 52 489569273
58 48 132066365
62 64 940126624
89 83 687853488
58 26 139885093
83 36 970703904
52 56 125357529
43 34 176619290
95 68 598568897
56 73 418080990
5 97 193863721
1 53 530574281
45 28 46345388
35 91 603122246
25 47 351394961
83 42 207125701
58 87 542054445
89 86 768357932
5 63 409500247
27 88 996759192
11 72 757407601
12 47 186467131
17 52 39452090
60 23 292137508
47 21 22844658
52 31 898174630
100 87 390921201
13 36 681018096
1 35 285328650
5 27 725552652
21 34 580232085
80 29 123870117
17 56 603996756
92 74 157652720
22 85 513599341
1 7 591641076
96 40 400877355
98 97 255026363
38 20 411333926
95 48 355948192
9 51 556568561
5 49 155340370
96 52 813313740
40 43 677393350
83 30 324403128
20 64 696694489
42 30 792824060
79 63 254502501
39 87 637948025
11 43 392941641
76 59 777796627
77 72 899543431
13 67 464150213
26 31 391558334
39 63 608464285
8 31 474743777
72 32 461057404
57 69 808547934
81 88 69469400
10 57 523326809
80 7 364810097
48 69 635965240
45 93 459334933
3 28 53019258
14 13 305940649
7 27 98400127
56 8 231703582
15 30 293101761
24 83 695185468
75 72 81222674
45 69 498077153
25 6 522367902
48 64 64614385
80 36 543152556
24 5 384402472
50 74 527162695
55 31 964341530
56 42 358057533
87 64 285875475
14 7 495691506
21 32 824145203
15 4 939874346
95 30 241056821
52 48 743418197
40 61 418200262
12 32 777218532
12 34 117390831
1 52 825508113
76 70 973379019
10 30 57187740
75 38 357089305
19 4 308741001
11 73 700698719
13 65 254089276
3 4 427272690
80 46 837281643
55 85 838147555
11 28 423906630
18 57 511342785
58 41 712306305
38 91 95486667
53 68 971570417
95 86 820382208
3 71 964304593
86 87 733700091
18 19 201316765
72 68 969085207
59 61 730942920
30 73 392192052
83 63 590092430
35 28 122710125
2 45 223280105
26 6 295845984
54 100 700468497
27 19 513907442
17 65 134383135
39 81 914651944
82 20 142649522
18 53 214015753
12 28 2390845
11 36 872294874
61 93 65972975
89 97 556231390
93 87 892022162
29 30 171885831
97 62 459028964
55 98 804441560
16 8 32796023
38 73 363387470
78 8 243755497
78 72 902147863
98 64 74187561
20 91 916458577
2 29 653637733
92 29 677338481
52 9 640866902
20 13 703940969
44 6 197687160
23 41 380239768
41 69 214568301
25 73 557186716
53 36 263129270
40 19 148332815
77 23 581997312
5 8 78207942
2 7 827990967
60 50 757990114
80 15 101158713
77 47 871887211
24 74 144844501
74 43 555349406
23 31 758560081
37 8 177118821
83 7 666490474
52 69 919995136
7 69 656889784
48 61 885951070
5 47 955969060
50 13 603476347
56 66 561567522
39 97 167873011
16 59 401990674
16 12 106896540
47 48 441548579
49 27 311240714
59 100 179191140
25 13 167260279
36 65 673919147
95 67 199411493
10 74 583584666
16 74 890640087
27 91 437659091
58 22 373981230
16 64 986042348
90 29 541889243
74 30 641094717
33 64 402195720
49 13 540995798
78 88 94793215
77 55 18584453
1 64 910773559
58 56 767629906
50 8 974602571
92 5 664578805
61 64 775534213
37 68 431531610
92 57 723900882
49 67 910087320
53 28 792933691
92 82 456598390
20 26 574761847
49 65 128746419
28 79 667162468
55 50 886600558
27 73 988588574
71 31 757518054
56 6 438714950
54 71 796840384
61 34 52115978
50 12 868019882
76 67 443745875
35 6 329141844
17 7 488467622
96 78 913782061
51 68 877986786
89 6 92089611
59 21 500506228
24 41 747905015
76 83 499151756
5 64 444882260
70 4 256076225
84 26 237693287
50 25 964239896
55 63 559845258
70 31 72516682
24 56 658439730
89 41 208587384
10 94 870926968
18 71 80881213
11 41 984700878
46 85 242230307
95 88 101977965
49 73 897725748
91 65 541851243
14 28 204229772
10 32 697135784
52 54 278151602
16 57 845182705
35 21 300545003
95 45 809381698
1 62 532877273
76 71 727047114
1 93 343442550
54 97 652512518
25 34 827806355
80 47 277688332
2 34 176665534
82 33 300104177
4 64 231522254
98 19 335866698
76 51 582246595
50 46 553935255
23 11 351168257
81 46 139601141
43 62 200551638
58 33 733753145
5 26 294242314
52 11 511857773
60 98 138518465
22 66 953997776
90 14 641885951
99 67 239321334
39 25 159786301
12 79 177228190
20 51 984814961
19 63 189507767
63 62 305154352
30 31 400990366
82 71 991219566
90 28 444769129
45 54 341594445
10 87 55940004
52 68 543937289
55 79 380997514
53 69 44979470
23 99 999521747
99 64 261322997
25 87 594585252
89 37 633661334
9 72 976774676
92 28 122602613
55 93 161479095
9 91 855534092
59 26 559975830
2 70 596708727
84 18 802828203
53 66 836757291
91 8 315042201
18 49 386208168
92 14 380823560
28 88 106618531
24 64 167049522
97 19 856258910
92 73 100083347
84 34 916010169
58 66 766316806
42 61 649671561
40 78 763260660
41 47 81703559
35 59 713559775
3 2 382934387
83 45 399060690
50 86 507328307
76 13 692545146
83 68 788816260
71 93 153571175
15 61 832085161
94 33 578084486
25 43 47723102
24 62 936527339
77 38 183905627
54 79 594684903
98 68 4988981
21 63 105603967
53 97 472231565
98 66 544742081
2 87 998449218
10 15 504312220
84 79 924384961
60 54 569325489
81 61 319400948
32 36 296078870
71 26 864076952
7 53 794253025
11 47 285493427
98 6 946682150
23 46 102823603
78 6 475760458
62 68 579348228
2 38 472425079
76 86 872056646
40 54 102617608
89 100 27922887
7 79 600660004
100 30 512089756
15 36 567261674
58 19 548447689
2 51 458727644
58 86 376456944
6 62 212833400
19 62 872502020
90 73 169268486
82 59 532372632
12 25 657970596
81 78 677901532
59 29 136668798
74 88 844538296
32 62 166698279
82 46 180749980
94 34 72009437
25 86 58574939
100 86 552115526
79 32 767227300
49 37 598362061
60 57 272403966
5 87 271805673
11 85 881640660
72 63 878154855
7 91 206086771
47 28 237738112
5 38 357470776
76 97 643431011
87 68 85163649
58 59 842895492
90 81 115428320
24 20 816483696
39 68 559416693
59 66 789468301
81 56 933034869
77 78 272468008
54 9 377682924
86 91 965527413
89 62 690108637
7 78 629454121
89 65 62696754
100 21 109778728
25 68 800026230
99 71 348590222
83 71 668815582
50 11 46007434
7 19 641553111
75 96 584473041
50 98 453354558
17 42 839904358
90 56 435392801
5 25 710841395
39 29 191513154
35 56 134018485
49 19 927540368
95 42 721653290
71 63 251325092
90 52 388802652
35 94 959410987
44 45 217680507
99 6 925435709
14 22 790484501
13 42 691324738
13 33 179687606
75 49 302067753
23 59 786682453
3 58 865575469
7 63 394779479
25 31 959724713
92 12 193872584
60 17 295269791
55 88 134810621
8 33 165693425
77 9 756031165
56 71 416546479
97 72 320904122
15 74 995045936
92 97 809925059
78 68 161370168
10 3 605225901
15 9 334291251
3 82 657378982
20 30 23848873
78 34 248834596
45 97 110160150
52 21 912384305
19 51 234211505
46 53 680779200
7 38 736891236
82 65 893025454
52 8 13795177
47 67 235663097
2 64 734449113
24 25 134262793
53 8 420475264
2 36 211252864
100 66 699217838
98 13 857011004
60 45 659844067
1 22 548964615
9 63 816253989
22 33 729156325
3 39 700256470
1 31 390117129
98 94 739359128
77 2 249318826
74 37 790377516
60 87 280446758
19 31 931135226
27 34 568244418
23 26 190046544
76 94 251734852
25 42 394239642
46 88 787167030
18 13 10187680
50 64 736621216
89 85 42708062
17 43 968727044
67 36 49919542
38 78 295342535
91 69 531862622
25 32 620812075
60 56 721000835
55 74 59304154
3 79 317325074
46 13 624787491
50 66 243304147
11 97 331626049
16 41 302694487
46 86 138191332
80 49 352506380
58 99 347420171
14 72 204312951
89 64 396080446
76 42 444068308
1 80 490020451
84 82 894702015
50 35 67290705
17 4 416330756
92 19 397383696
7 8 836301471
75 37 304892726
5 95 801768871
82 100 809269326
84 55 644688401
89 58 836152608
3 46 876853689
77 42 892903629
7 34 836856681
15 51 307977118
81 49 611437219
42 51 638547355
99 85 194387410
2 33 231731617
40 73 90195578
19 30 677139305
5 51 842561655
2 76 140003495
71 88 552899791
89 80 238665100
95 69 524417325
22 56 813716401
59 48 641856369
14 69 515132585
57 26 401282710
35 57 531433490
3 11 381432101
98 53 255193399
35 58 26781244
39 58 379841355
89 72 251117543
60 26 606342102
19 88 540652427
25 57 75468992
55 61 506974350
15 28 504214446
59 69 107591374
28 34 278756296
70 71 488230986
63 36 410171077
70 30 6639285
35 54 340129682
58 6 687549785
46 73 913146877
66 42 730738643
90 25 274616928
72 65 535232365
16 34 82660561
83 98 579009006
88 31 180072543
58 11 22872579
23 57 861592317
75 74 295422802
98 32 566700945
82 27 247756551
25 9 512500035
18 12 205353209
75 87 350523568
39 65 544124938
50 49 927977981
59 54 117508694
76 48 325814189
10 26 345567517
92 36 496561330
54 30 628898009
71 79 820930093
78 13 926080225
76 9 713490961
4 34 324496072
40 55 556301474
17 54 292909425
46 47 69776615
84 2 907548865
5 57 805381974
66 72 766319291
66 48 816804081
2 35 61650422
81 12 335380528
10 4 478303811
24 95 80363426
11 65 134158534
86 6 745926052
30 64 404096077
54 57 278813821
59 71 234741315
1 14 809564892
16 62 93695933
49 22 625284578
11 27 779421731
84 61 978517406
92 53 373869174
90 7 481757156
16 33 722829564
14 67 534305859
42 63 262135518
73 88 987064660
40 6 526579907
5 98 70049417
3 65 981838521
77 6 542090319
43 33 182454019
82 23 805606109
18 29 249068415
1 30 774584761
77 95 622971247
89 61 431032223
41 64 349130777
89 73 985531773
90 5 771774037
41 51 708821668
79 36 844460857
25 8 548954569
50 14 962668539
90 94 277324835
52 4 710436741
93 33 106573338
25 54 389848271
100 43 613911068
29 26 412092628
9 94 427860446
40 66 688277425
50 34 390283905
83 99 357286309
27 51 976694981
92 89 420244703
51 33 802078815
18 34 650526485
2 19 652614000
1 59 851540072
53 62 13020133
89 91 124275216
96 32 835610927
5 23 456978453
75 58 525259486
36 31 993266237
18 70 704935010
83 9 651097436
21 68 813387571
91 21 842919736
39 45 61078844
99 4 329380895
56 32 994355315
17 69 453475319
67 79 264327220
75 73 906800158
39 20 8506203
10 77 748973081
55 12 715859079
76 61 924912737
12 91 754687480
22 48 833211202
76 85 69246914
12 51 826490731
14 20 237178801
81 9 183577013
76 23 15687335
45 33 413877720
44 27 264223221
52 45 885294123
81 44 753265912
44 26 248023106
96 73 832199720
97 87 958693914
90 23 499494579
96 72 584559369
71 30 377156104
41 86 304301102
90 26 872608083
19 91 325931923
79 85 593400868
77 79 370290741
39 48 11697047
4 94 669473675
26 88 887843938
84 28 954374966
75 99 554288374
81 30 446009993
75 48 695196262
23 85 599444205
24 53 491110062
5 66 751130779
18 79 43174334
95 7 99627443
92 51 645262344
98 49 661654575
18 73 391464411
80 37 718577381
84 86 804631435
17 86 391695159
69 37 944960985
58 68 504897126
24 51 932142420
18 36 60690547
52 62 195451041
52 34 260105630
37 32 360328130
3 33 980641465
39 35 424082734
50 69 696368550
22 91 242078473
35 95 352877490
61 36 122846728
98 37 799263468
10 75 199646776
35 88 771932521
99 79 388093889
13 68 587699037
75 51 720179037
4 85 322465690
17 23 742494749
20 100 511557479
86 33 756428124
24 21 709850435
75 67 793162005
10 52 593746192
38 43 702966763
6 85 408406830
95 37 708148810
28 4 141497852
99 91 754488597
83 88 911509827
35 53 167491201
49 97 346320476
14 15 586633806
39 64 305856206
59 13 634889102
75 64 762698623
55 83 299609653
77 12 391182714
16 83 112550887
57 72 34803694
81 79 774817235
2 85 481567302
49 72 348806839
11 94 62730946
54 61 286822658
5 28 571137704
56 69 120766767
55 56 596837485
72 62 74462756
89 4 697724893
78 74 697863143
71 67 252343652
17 63 753160659
47 97 798856646
18 63 690743042
15 8 399743277
81 94 695712657
55 66 184505097
16 20 448660106
16 53 466138367
39 61 583484901
14 38 49798503
1 41 656842213
76 99 677797488
3 70 309234839
75 84 425222982
96 41 975297837
2 28 560761614
10 39 903574033
1 100 66515730
24 19 55662025
24 16 909218865
22 72 542593337
82 21 501648484
56 57 450866594
47 34 332956326
7 9 197190819
41 9 48127616
25 91 718026680
96 85 922012003
16 32 553854280
5 77 168579090
52 100 936848642
77 81 577938711
4 6 150458373
96 21 77297488
82 6 686975660
58 79 159936377
30 34 484989992
13 6 437095677
6 48 702691884
54 68 262520612
59 99 163346181
97 79 701471204
11 46 192580584
70 14 82761873
54 73 177603749
84 42 90705993
61 8 159536058
87 85 711624479
10 37 473568879
45 65 198782793
1 9 498256042
29 86 924910277
77 52 35987580
39 36 220198421
74 4 685347845
2 21 122901676
40 46 946461586
13 21 1136695
1 65 525456607
95 32 111832669
90 69 707336395
34 65 304900281
71 94 241176267
60 66 345422761
99 8 41214595
61 85 271185396
73 63 490772056
99 100 396204736
44 91 502708296
47 54 841061399
78 43 770003768
69 43 629893068
1 38 598449387
11 20 97199835
38 87 580455630
5 31 653582574
7 59 303088394
62 31 125614936
3 48 687815996
53 63 296212101
11 49 710594030
16 69 289784366
25 62 365669028
16 70 248885398
16 23 200913501
55 33 741365862
28 8 512311593
56 97 658376365
86 34 56594100
35 41 251561271
66 51 781313043
89 48 777074920
50 56 841307069
2 46 105080339
75 61 408327057
20 9 208554673
77 27 133697099
78 59 770371122
17 53 990256286
40 59 496142456
72 43 364263851
84 19 605006522
66 6 134442500
38 33 888623608
56 26 829614884
2 13 832165652
90 31 812686071
97 36 648430184
3 80 371894152
37 85 778080646
81 97 529464301
12 41 298580454
22 74 6400384
6 64 20048523
2 47 9689325
81 47 668724861
41 94 976322916
49 86 445490728
91 31 299886608
84 17 741500332
92 49 936041541
11 68 11795646
3 57 77568271
20 68 889285876
49 63 632105951
70 48 614534390
35 67 174242751
14 32 951351525
17 33 815599940
86 31 371082105
25 20 818704403
60 34 232310082
89 56 934898440
77 71 53105080
37 33 54029513
58 20 341437307
98 71 538166659
49 20 671472494
40 35 630151865
23 67 117999473
1 21 435577161
54 94 575943897
96 11 287592125
77 56 166648119
2 52 581311572
18 85 673367662
23 47 840023556
84 16 708954592
5 9 29342998
18 68 470606459
36 88 74933792
42 21 585670651
60 31 453387528
59 67 853473499
27 31 187425606
98 8 841460672
40 18 16600403
75 24 866582316
27 79 748999291
43 65 289103255
29 62 220493236
32 65 449548226
83 33 430058329
52 36 678652225
22 65 514634696
49 66 724474930
5 33 797807011
27 97 115761048
44 32 158669548
4 36 394107717
90 99 658714402
4 88 136191284
1 83 424586239
71 48 163689798
13 51 366691280
42 48 872057810
82 87 987807252
16 67 226563650
97 43 511431531
76 46 583024329
93 51 334126670
19 67 720147058
74 79 344047342
18 22 184677633
67 91 695327331
18 8 789823053
96 80 75801443
27 87 308529873
37 64 567826890
79 87 567623357
40 71 793164898
55 81 840501976
58 9 893269170
89 15 295004197
17 94 129686376
96 4 936432171
24 94 603073520
55 38 57121109
7 64 360755193
44 19 341674563
78 29 357472879
92 66 392779070
78 21 909744734
19 8 822928915
18 32 390270613
35 4 788678586
66 69 937056950
10 60 831702897
94 69 112931896
39 9 785522507
90 67 643021389
13 37 945287492
69 61 201827308
3 30 679316281
40 63 725569530
12 68 290316565
58 85 519393864
47 26 760354383
89 79 994005920
55 73 709379526
41 71 813803962
96 16 502674944
70 78 882864626
24 6 493009675
38 8 636571029
46 37 596864737
69 68 308694749
32 34 764163886
61 31 538351441
100 73 871026298
60 93 49230368
70 83 335887980
73 85 809121869
52 28 568832854
79 8 56567397
30 68 543182414
24 30 586689820
55 8 965614430
44 98 824345156
58 31 540434338
73 43 780160263
83 4 783260634
78 54 798534390
81 91 235811840
56 19 206600724
75 12 439906954
67 72 442619447
78 20 998005041
3 99 536266539
86 8 178130292
70 29 633508726
3 37 534139901
83 41 64265224
1 25 90043905
78 66 96139332
77 45 152082449
99 57 322491597
76 18 83394960
17 39 325985497
37 87 593569420
44 37 418435606
12 46 165461961
6 79 629310039
70 62 52965688
70 97 730448687
2 59 878920006
40 87 331116000
67 51 748259838
54 6 143436377
67 69 462778866
15 25 316953660
24 76 168859088
3 67 263638747
16 63 625907263
28 69 125672224
66 79 347105818
71 73 363791567
66 21 423147316
55 15 988372640
81 95 816587549
77 26 613257560
41 28 523149133
80 61 824263865
81 66 369714826
77 11 726027107
76 79 283063042
78 87 822939663
19 66 185494266
29 67 890483273
30 93 438555117
100 61 611374592
74 69 102087759
81 41 572025527
91 37 379997641
11 34 663733056
69 36 312235682
14 78 478099366
52 85 169687952
57 65 712637132
60 97 295647422
19 36 49823071
25 65 989570573
75 50 143597056
4 79 561771694
7 66 687146402
90 53 994338310
50 33 722349631
73 37 813736763
15 42 654325
7 4 805156907
2 15 989861317
38 28 739908867
50 23 216561796
1 81 176669594
58 53 21187603
78 46 967746073
23 94 577009596
17 11 573371619
30 65 518999925
5 16 850070500
89 82 541948143
90 58 627478164
97 6 466884459
24 99 449905849
20 21 229956339
41 13 777180001
38 26 307362640
53 86 497292291
50 48 249033560
24 77 579237370
40 69 151194287
84 27 392468612
91 61 722624044
20 87 797546317
58 47 788140001
42 79 609367259
47 43 836474060
45 19 433024341
47 51 628379567
7 67 529019677
46 43 589360424
6 33 611499132
81 25 135319783
54 72 602124151
95 94 150130514
78 99 403115132
76 11 844054135
96 66 147941740
63 33 310628823
45 66 933519494
79 33 119508224
75 26 528367550
46 8 778369814
20 85 531572860
26 36 600392912
11 56 861437780
79 37 211054974
24 87 375856900
15 31 482202310
71 91 372299603
9 69 64748044
53 9 642672216
92 99 542500731
75 97 544397594
19 21 995965131
16 98 866036509
86 9 997494827
84 38 492693943
23 30 561633423
70 25 914315036
8 88 185414643
12 9 388063393
83 74 979584960
70 20 821791696
25 69 30129074
41 26 41484208
59 85 396096524
14 88 211925369
13 93 657423308
40 98 980074971
96 94 321569751
77 50 348814782
84 44 345242798
58 38 758692266
80 72 786370312
39 38 793691383
14 48 336494563
70 98 818550986
3 18 847372567
28 6 649482492
22 37 502745289
17 57 748455560
97 26 772910637
66 8 229396117
11 8 879219455
11 25 534206908
20 72 825863262
81 86 70697073
63 87 218382255
75 32 729031768
86 21 680087541
48 93 405764659
38 69 871963476
58 78 962068918
50 44 331347381
9 32 460342352
7 88 427877984
53 19 435165096
80 68 849264909
28 93 408565508
39 43 539904307
14 65 175830008
79 43 163801647
10 72 824188347
76 27 43725372
24 23 46512733
15 43 397207104
1 5 900455291
59 91 185442117
84 56 546777602
24 85 25128404
59 72 14111305
92 23 827005136
33 62 191237998
78 79 968650427
73 51 95389398
27 6 440226515
60 35 957313579
28 32 670093424
35 19 870390617
70 56 107720233
15 98 522179107
12 59 851073409
26 93 960623920
39 59 57982282
7 62 418873684
97 85 150917262
1 11 266394050
13 91 641905277
77 20 916831044
11 6 875618081
17 51 648111196
5 30 754537315
76 29 214846588
95 72 742062190
1 27 340453636
99 13 812330944
13 94 499277304
58 88 868032240
24 29 616789124
6 34 605611996
95 99 613699336
57 48 500856104
75 18 423295897
90 41 742760968
3 45 79669880
41 97 994968993
56 51 215234414
77 66 901037619
17 99 500096794
12 27 746708294
16 58 548572327
3 64 275085330
22 29 627207709
75 7 127798401
74 33 849856898
76 35 83872955
77 57 641631792
100 88 101426789
92 71 827748223
55 48 881499525
55 51 972437891
51 63 359158028
82 80 580898244
60 51 922475838
86 65 692387684
10 59 152504218
24 4 180846782
52 66 664047817
60 65 112466072
84 7 290251941
39 31 152557381
75 2 934851666
71 43 500635803
95 29 241272206
26 67 283442490
52 12 446887293
57 63 223896420
67 61 637462035
28 67 775907349
12 6 199469025
90 80 248683585
95 41 75030820
38 85 735988004
96 62 117657392
23 12 999802475
45 79 852099538
44 74 810998713
86 30 407730286
7 41 652666994
44 93 439222264
54 64 831854677
51 32 49087385
19 48 800680019
16 19 344115420
8 68 481067929
75 82 657684920
2 54 824474397
90 9 389364735
4 93 396530430
97 4 325997382
72 85 777181655
14 27 695483208
41 34 997806695
20 42 839446513
53 42 293708148
14 71 579139530
55 6 958774267
80 19 101102525
96 49 821305065
95 19 286012291
62 65 439653879
96 84 216934832
28 97 45764213
92 20 960080519
25 28 172816069
96 76 931683349
96 56 999713159
30 87 424809234
81 28 877219006
2 67 418546979
44 51 266329013
82 66 29536726
3 36 199705970
2 22 339280490
84 66 371780202
85 65 640616723
70 34 5294155
97 21 983516657
74 94 716500599
98 26 119397291
17 34 576831971
82 50 289119996
54 31 688358363
76 20 761113865
57 30 903612086
15 56 538145464
60 68 174920320
58 91 759613081
42 32 22141325
18 59 253217629
2 39 616364559
86 62 329224206
76 14 870388135
12 97 673566218
90 97 274311091
50 41 57974575
75 40 375813743
59 25 127235204
51 65 161453095
14 74 885625305
38 37 778614404
18 41 213703929
12 62 493495056
52 29 382080781
40 32 741392812
75 57 329966642
100 72 102079612
70 19 432006394
80 34 228378891
22 46 635197925
77 68 708829821
23 15 199344003
82 52 115646523
74 42 193688912
89 19 217029868
49 93 445083173
16 54 161184680
27 28 983759824
81 69 615669934
38 63 311919184
1 36 760754934
57 66 673361329
98 4 318464527
82 44 816948514
40 20 637415324
44 68 289038522
11 79 352809389
26 9 478694838
4 31 151313282
60 12 553446638
4 9 303376354
57 21 70621188
45 73 244217258
82 48 572755110
52 93 797067585
56 21 758045516
7 11 774770020
97 73 308335319
53 57 761556122
90 30 244768876
15 22 132668279
13 64 757441006
67 73 881805083
41 93 308713335
48 37 110178605
11 31 773401891
56 13 523685399
1 49 225006342
1 86 245465500
80 91 48437413
27 33 644432166
38 13 760009484
82 51 810974811
73 34 436855220
60 72 268622230
70 54 624859295
42 9 197391210
90 27 795134796
96 12 415548894
6 37 185733964
58 25 468184195
13 34 491079059
14 26 430569534
29 31 159941490
44 48 193733975
66 93 151128976
18 86 863333298
14 97 337653445
12 42 722816065
79 69 302372157
6 63 574443999
22 21 357939801
46 69 824617528
35 46 650567386
89 35 448597707
70 41 560549175
12 94 905101961
90 21 376471936
53 94 707302392
40 52 750795842
57 51 622699709
26 48 697653091
77 36 173326474
38 11 777014816
5 14 907412076
80 70 414702040
76 31 217674999
75 35 156514930
25 46 286520501
42 65 221607504
84 57 590362628
1 26 10941161
53 4 744272596
84 51 452558970
92 68 835353585
5 67 387806863
2 94 732642494
38 65 446125221
46 79 826244700
16 66 668953563
24 88 17775461
89 63 425915343
47 31 193186656
16 29 47325381
20 65 726226722
3 16 8319528
29 64 774839307
66 85 699591729
58 13 678942466
30 36 755945688
92 85 889232311
3 72 182570201
16 100 375488353
55 19 448126273
47 61 519970134
14 4 656631570
59 62 264182680
7 73 174590043
90 79 782713842
3 47 893647419
3 19 466715388
15 66 235898009
46 48 419915255
82 35 789543941
3 86 705520508
44 36 951653387
17 58 431128638
70 69 853970846
54 21 597700521
10 62 861355707
90 93 621265671
52 71 259607900
10 17 123596934
60 47 96101093
70 6 132731658
65 68 495799355
14 99 556338873
58 30 869797935
75 27 439044608
50 6 328107005
7 6 886203138
53 34 129760175
77 25 417772667
90 64 950162124
40 27 766923359
32 88 894546809
55 27 942092556
55 97 952231536
2 86 977705422
21 62 547478552
89 52 547639992
3 59 211149335
99 33 680664039
56 93 408288836
56 65 550312531
97 8 993459566
90 89 22203585
72 61 81500614
14 86 103214988
75 21 967725300
17 35 158550415
70 91 711261181
78 28 889248672
60 78 688594811
60 55 363894147
39 66 700561266
61 32 645758531
46 57 9615613
6 68 245396370
70 74 264995869
75 43 600597391
20 69 828592616
15 21 519611750
13 31 948857516
71 87 751950159
22 71 844389676
47 8 603912798
56 33 796587582
7 71 193457751
60 32 662003059
3 93 354476944
25 30 792244270
41 22 131763961
82 8 670758037
78 65 801830769
45 61 804141631
8 36 160314066
40 48 354394255
18 20 894409761
12 31 632431000
20 94 526772183
67 9 240533136
44 99 474377597
89 74 521358086
83 32 967254573
74 67 439600497
22 53 250441102
47 57 681348003
17 78 283611200
46 4 949486514
71 61 593603195
11 53 723917710
82 99 474810858
41 8 435180231
5 60 464977698
44 71 945989399
59 45 364157650
10 58 824628312
99 43 548337391
23 74 27740510
76 93 242679112
97 33 389682643
50 71 791320637
70 36 479384044
5 12 322727884
29 36 529807693
27 71 441371708
82 62 498186287
26 63 612207781
28 63 286560699
78 85 613288773
89 87 564697322
93 8 364430170
71 8 796642320
49 51 30009926
17 32 830607875
83 67 122541118
77 94 827262764
18 99 303208145
45 67 881878134
23 33 945729956
50 43 769944082
96 77 810109875
82 17 121024219
54 93 592401117
96 51 458281393
7 86 192444748
21 65 36910570
77 53 235117076
55 94 455062306
36 62 121042988
73 8 249402266
12 88 275344266
23 100 316043990
7 13 611372959
98 72 96892886
54 63 13462975
75 92 85420588
55 44 522362694
50 93 7348165
97 31 311842875
80 100 428902579
55 69 874876292
92 91 571208194
50 27 281123624
89 47 517805663
72 33 826277785
30 91 981783977
21 36 309732341
25 53 606514009
19 85 936515714
14 58 169181601
24 81 643312426
84 98 49833198
95 62 191424102
1 33 94154174
60 18 873612563
74 68 345766117
92 50 529440296
92 24 72647971
100 36 119567645
10 31 362881886
50 88 839455080
17 66 470082064
3 53 6744586
83 61 554651642
55 53 317570733
90 55 353099957
90 18 251741210
4 65 837584214
24 7 735627854
46 67 397901427
83 37 201568182
27 54 934758832
39 37 109402587
47 100 188935332
24 63 357784683
5 52 83396741
80 30 175024966
75 15 239802082
70 68 578058736
77 15 326491228
92 83 714160161
49 29 291477621
1 40 265236189
55 57 368302668
13 4 807296776
11 74 654110603
98 46 796945908
81 45 939144578
17 26 108658062
35 79 26975124
56 79 7365550
52 74 674093166
66 30 395789718
15 20 144206643
1 4 875671351
11 33 967930143
5 99 839274147
82 11 968205998
100 31 13408748
30 94 163689145
73 21 524844421
76 52 468992768
2 65 136830214
91 43 899385508
3 41 222153245
10 36 516469980
36 64 924314455
84 11 650870769
12 73 333251950
93 65 313795578
2 41 829967241
86 37 537683398
1 55 778552267
96 93 406796670
2 14 192915229
71 21 521323970
46 6 517290282
10 28 408654475
3 68 882946281
7 85 242553272
5 100 773452416
100 6 196152395
96 86 520700976
81 68 933463878
39 44 356472321
78 9 743591712
47 64 610324300
83 58 517164024
16 2 203929259
92 86 407973975
15 73 238414664
100 64 547291094
4 30 550394516
55 43 360058452
44 65 218622574
57 31 471204859
38 94 576909434
18 14 284547409
52 13 233409912
55 49 598305963
87 88 22534189
96 44 885893682
89 49 510231799
58 36 898398414
82 4 606495095
98 20 776064835
14 64 888533853
25 67 99758902
57 62 910456180
11 61 110370613
58 44 552789714
17 68 920584188
14 87 158866396
40 50 845635335
2 68 369158703
10 7 198944643
14 47 1532652
76 62 291049349
13 87 907540484
95 74 820554560
57 37 977094883
17 27 435530882
47 79 195014366
10 14 878627048
53 74 824731951
49 64 860722669
3 17 58469087
17 29 523143610
11 66 670811309
6 51 253719325
18 83 357196703
1 51 319186206
96 38 629022323
90 60 458047152
40 49 583915080
55 45 290197079
4 91 459904720
10 34 221715055
2 48 358435323
28 74 499167791
20 62 222102396
98 27 389524279
40 14 717166332
92 44 635649008
84 40 123873360
91 93 488774673
79 48 65410276
7 94 718346540
55 21 796703755
40 13 452758589
80 27 557258704
53 20 282131656
18 44 334241174
46 97 597229754
83 66 855722631
83 100 336234810
90 32 854954963
70 7 681588447
84 48 367518545
17 83 455364470
95 73 695890789
55 23 68296989
35 78 39783940
40 12 336956694
90 61 448758701
1 2 259403251
96 9 960819041
92 78 789298117
4 69 421914277
26 8 726866316
96 39 186142409
16 14 661860061
82 45 817993972
98 43 849527839
20 97 687010725
38 19 173680323
22 27 250209870
24 67 598300739
89 34 495957009
70 46 183068389
24 27 725040415
39 8 152978508
95 79 36943101
18 38 7581643
23 58 353270962
9 43 943917866
59 9 40409550
55 68 77746320
8 32 339693992
75 60 529790302
92 37 143135373
12 26 639324806
20 79 805787727
90 54 153202545
40 62 788007880
35 73 550625086
82 30 885547638
3 55 293598266
2 12 18363603
70 99 477640661
74 65 614034470
85 31 643192358
75 65 152321742
90 44 302450423
13 26 202822618
75 63 421540506
10 23 365713938
38 97 998284902
65 64 249363883
2 58 584408175
96 61 266983431
84 49 208689338
2 71 396775734
13 30 251832776
90 71 886372227
46 62 902669858
40 37 360304089
28 71 538447036
5 89 940501586
77 16 655186419
29 88 128780524
5 73 234545175
41 46 617228501
72 21 831864233
4 71 366848385
91 33 586361699
96 34 35759704
18 78 275203869
80 21 325792569
47 4 27658753
24 97 860009011
56 43 197724165
80 94 761028286
95 100 102499832
66 62 935578014
97 9 86712765
95 34 734676278
95 36 416130469
96 69 243302111
41 61 646711864
42 6 789561131
58 29 772876360
72 51 658303702
20 54 10365979
83 25 338033785
84 68 211540770
77 89 515361580
55 76 546891366
52 30 868958809
57 32 715523818
11 13 858770506
47 20 835503292
89 31 33986500
10 11 378628538
38 79 175995832
35 47 192717395
80 78 237749567
16 55 566373170
82 79 191632766
84 46 569431020
86 66 519898705
60 69 985137084
90 19 194857150
12 78 980974560
39 13 458790382
76 91 96551221
54 51 705327691
53 30 276037566
4 72 438215580
14 33 25648113
14 62 886877486
83 52 533158428
59 63 355088227
59 56 448667166
99 66 965039900
100 69 639921007
94 31 499953246
5 82 796585214
17 2 327039183
81 57 432627132
14 37 431157814
4 42 341337414
95 66 639987301
32 68 848634582
67 94 850670986
82 18 801527787
20 61 145384397
76 34 953649179
92 65 214194198
5 37 314283769
26 72 901645441
84 85 747523804
56 28 359394824
77 54 312993120
24 26 532151427
76 100 807382761
11 54 402820592
29 42 99355844
2 44 287493607
42 73 278511854
22 61 116186618
1 91 333529999
9 65 876894054
26 73 339747737
47 13 686151064
70 23 662471082
92 70 237415877
23 27 367442080
46 19 536413916
89 55 624344116
21 43 900423756
16 45 894831993
10 22 739701897
69 88 305143503
41 31 115729471
12 56 821393297
9 68 394293780
5 17 110397565
20 67 757302568
74 64 276266777
93 36 473987774
29 79 657442386
77 29 561678189
90 45 689648955
78 91 278187409
59 31 646383817
17 74 378946679
77 91 413899026
2 83 854215726
46 61 660110013
83 35 258387274
76 45 686569757
87 62 53889637
30 8 204823575
24 42 743587048
57 67 952760813
70 37 665771290
67 85 513017739
25 71 785968556
41 25 727499241
75 25 314350528
54 33 134582104
3 88 880626296
77 60 780234480
27 36 735743341
84 87 191495987
47 74 235257887
84 3 749628696
40 34 518751115
35 45 966287658
94 21 759991309
18 35 164754282
41 36 686790714
81 26 793430694
50 20 666600576
41 19 355993117
92 80 490428852
39 62 416488743
53 54 278152541
1 24 458401471
99 20 34080789
86 32 741484959
50 31 674982382
38 100 781068294
92 26 376492644
4 21 615043155
22 93 971049031
83 64 874741816
76 36 947148712
55 95 398998240
30 79 348933500
81 11 471499468
25 49 195830288
5 93 908385879
72 34 532683608
10 61 20236652
97 94 671370556
82 95 110002559
56 85 750103045
1 95 259034956
52 7 140709896
59 33 787306412
3 81 272850730
82 98 388501711
1 85 20382759
41 66 269550505
55 54 972565667
100 13 443022415
16 11 346478187
60 38 173418221
5 4 209685396
78 49 328596433
89 68 667009078
82 42 557423187
18 54 986767169
84 32 588540931
6 31 870197164
38 57 234392741
24 31 510606439
46 21 148213677
90 48 482095369
45 94 56127276
1 15 995683069
55 32 468965728
96 90 983056784
50 91 770814444
15 72 314438962
23 66 65566132
96 70 468125055
22 8 4618035
30 85 88008837
54 26 865633081
81 18 764917325
80 85 613145872
36 68 71839713
52 86 797774028
60 48 427179749
92 52 402870667
40 26 683453644
92 94 273738739
58 51 851760804
50 81 467127222
98 65 469926950
5 84 339990002
11 26 184524258
84 80 337768589
2 62 76180970
60 36 758615704
52 47 752471433
74 73 882396958
32 31 904124479
26 34 743720883
56 91 950629876
77 84 704970500
80 65 955048188
97 61 672923218
19 93 556309710
17 8 700509721
77 40 585426323
1 46 10543865
3 49 27215648
38 59 405837507
83 19 925278024
76 25 804033065
97 65 115472982
76 98 480230433
90 82 338321495
8 64 376337025
82 9 259282865
24 58 980798681
9 79 926780632
10 79 966556881
18 37 893997383
39 32 698208384
80 41 129354397
10 64 903578488
29 61 278204678
35 7 269612528
81 27 201538675
83 44 951408536
22 64 385445243
49 100 581397799
12 65 489711141
83 69 657804335
98 93 435572124
13 72 64359037
23 36 602260616
58 54 306719648
90 40 410467491
75 94 721487942
17 81 65483362
9 6 799424022
42 31 103392642
24 32 656882636
29 6 396669654
66 91 238330440
24 70 939099093
19 65 951419696
59 20 140096294
99 48 421624150
27 66 926821825
29 54 102561411
41 99 651364875
11 67 383460935
71 6 479011077
72 87 714573686
39 4 3750665
1 89 583717774
59 37 196116158
30 67 511883233
82 61 407217382
94 91 828004842
84 88 470249149
95 49 863093986
23 79 131867951
40 76 891952316
24 57 392108451
44 88 105281815
24 93 796477730
44 42 853587836
5 29 228580873
83 65 156050616
27 9 780568713
50 80 466097829
59 8 3353264
10 2 850446599
38 68 100523404
76 68 382223082
70 38 645780177
50 87 114930143
10 90 623680945
24 86 522229743
16 7 842740565
38 64 111606
46 32 537031898
2 81 980511356
44 13 834156120
56 74 246367333
83 22 775906286
44 25 61640470
80 66 892278134
1 66 771936701
63 88 77204169
54 36 746201130
60 27 24994928
14 34 395768572
9 64 900562954
39 76 953477490
95 46 254527267
28 37 549108282
14 19 96352630
24 68 957140264
50 45 33250995
9 88 663982727
99 29 805115896
2 31 930263337
24 100 870839117
10 48 773536694
49 42 758562871
38 6 291835668
18 9 390380856
59 27 268565736
25 37 956309755
57 13 753562927
45 21 807330530
92 100 619437786
52 97 709702678
70 8 542214269
90 86 768549748
17 62 766160366
80 62 4733731
21 51 360364230
99 34 848582268
16 76 887694868
39 30 160073631
35 65 959278898
87 31 531599882
84 50 912240680
58 98 59194200
86 69 429844398
76 54 350794678
49 43 981560043
80 25 135957348
3 66 459624321
42 37 713203387
17 19 931120444
45 88 192206712
29 65 337693073
75 14 674056075
2 25 275501853
43 64 265143047
96 50 656046356
75 20 542890403
95 53 478689965
21 87 623352047
38 86 747536683
44 21 938412878
35 38 21708605
15 48 907164276
55 37 233356610
70 35 798499093
2 98 951618664
29 33 139102219
14 6 172978453
81 73 761869208
55 80 66835471
41 49 271985534
46 54 665838669
49 31 437399523
75 79 521972285
55 71 704745609
2 30 648386055
81 15 451342244
4 32 683952752
10 86 59150380
17 12 103705285
22 34 438356668
74 26 496867122
2 93 406935816
39 83 908012177
57 91 904723361
39 86 621172301
75 83 571347698
82 73 454439813
25 85 129826330
78 33 775805746
76 44 556081054
91 51 443182207
50 58 712246831
74 51 238865139
1 57 18915403
17 61 474069166
23 44 223682860
46 93 392075883
81 54 685245939
9 34 628260368
98 48 597559890
100 62 897811189
76 65 117241134
94 68 345927113
59 41 582477795
96 97 476229661
47 69 890141617
89 51 264723850
24 59 436591193
90 88 781960886
60 88 989506264
39 95 156551917
24 72 38919986
84 100 393443644
40 9 758627671
100 85 976830960
52 38 720134964
45 31 311698762
40 94 514928866
79 34 273047810
46 42 134204234
42 85 486257593
12 36 708766325
38 29 585461234
95 21 863779075
28 64 782676345
78 63 867887835
60 91 700537948
40 72 639832548
97 51 223581890
55 87 129961270
82 86 474361257
40 31 825841346
97 30 779727612
83 94 471974690
95 97 959498361
24 91 975252733
69 63 638217005
45 85 362098642
50 18 48105037
74 66 973321163
82 39 516856847
92 15 537420667
28 43 943906064
17 72 575996887
2 78 603818698
45 34 755732225
53 56 620501628
61 88 261909389
17 85 646252921
99 65 32476013
53 6 781501845
75 68 69942827
90 22 91582653
20 74 144229857
38 99 379047840
77 8 739757710
45 42 976622087
95 59 63430023
1 90 384251900
24 13 120374379
30 72 985485356
24 14 668054034
27 26 400373178
89 11 499754400
66 37 795583499
49 61 579170629
27 62 89857764
26 62 424715495
18 27 122639950
84 73 623351543
19 9 482102471
39 99 280244621
25 64 95118484
60 74 840324849
70 58 603566031
39 55 763130420
82 93 244053709
100 65 161233612
89 12 331816555
10 55 175039853
92 47 371155361
15 33 626448902
52 99 352763313
75 34 165139432
75 70 602710694
72 93 754152510
73 68 339342754
41 20 560724155
97 93 880223765
60 99 215056367
24 22 227302489
44 38 48605222
16 26 967674295
35 29 829383557
92 59 551002
22 63 74979140
95 78 623520927
17 87 536921505
92 25 92321626
27 85 617916947
95 31 845812878
32 64 579717154
80 79 142588459
95 8 632939523
2 4 590551289
24 37 197723865
57 36 795751706
58 100 771032022
95 63 987056277
18 47 568695190
75 71 358807407
76 80 297962759
29 51 106232906
39 7 35353683
92 43 151266940
94 93 698175859
84 71 7663773
71 32 79349099
89 42 875921020
24 52 23820523
15 34 837715646
83 91 139535818
6 36 789571966
91 85 156301943
5 55 976273875
23 45 728365143
98 69 435143082
95 43 34112574
18 56 253403095
24 61 19838250
40 45 624775052
75 11 525489565
45 64 224569690
82 67 308766737
82 36 411679576
40 7 337854036
45 13 69661820
18 30 827028794
94 79 123316080
12 15 544076165
28 65 468267351
60 15 51294118
24 80 740303158
11 51 176441880
16 48 512939670
1 77 842325979
43 85 409640901
89 81 642608321
81 19 779721356
2 61 734094748
9 8 560083019
23 87 243001488
86 88 577166258
98 62 277315887
51 8 351184094
49 71 406237748
46 74 882969358
14 51 812770660
10 19 929104478
25 26 686725199
23 37 241705116
18 74 159345287
75 17 908906715
50 4 636264527
35 71 736690343
51 64 325718531
75 85 331285983
56 31 374515918
5 94 638882226
15 64 798309550
95 71 828697117
26 87 159768573
97 32 420864122
37 93 4300287
1 82 7049881
2 9 222015016
17 45 972106660
97 86 314476834
26 30 726352993
7 31 481907186
96 17 127004357
11 48 933274406
72 31 538216688
78 94 538359612
10 51 896915040
44 31 632176435
17 64 108511629
99 31 208007683
98 31 881561347
70 52 520449767
25 48 322160439
1 99 171032409
60 21 802556255
95 85 183561586
29 48 394879648
86 19 634596039
90 95 143716535
97 64 708360931
98 61 215826948
3 85 725185952
40 42 585820077
82 83 360813923
14 91 389868856
4 37 153218677
60 76 735344798
10 88 706904600
99 86 593269777
1 54 122026539
35 13 290676208
78 67 685970277
45 48 520306130
25 99 223247893
11 22 426722219
98 45 736607234
6 72 884050277
41 67 535483605
17 36 398844357
34 33 907291176
16 9 194284281
1 58 226179772
84 67 759431162
67 63 599185938
59 57 739449792
46 51 702412157
16 39 281959522
80 52 654245262
89 46 419970761
76 6 232204392
83 79 881067491
48 51 315671757
27 69 759818643
18 33 75105424
74 48 729137721
14 41 879837177
60 29 925579744
29 100 492113291
8 85 451025954
10 70 817281942
52 95 135002496
49 28 987613996
90 47 945357891
92 8 664020567
91 68 156378908
94 87 150981009
84 22 372332771
82 37 292427958
16 27 19051731
15 45 25475387
28 30 301613415
41 48 25713005
13 71 450939779
84 15 288868904
23 7 438428550
100 37 133676015
17 48 127245669
7 98 542111377
15 29 647249813
41 37 695662157
44 73 550103998
60 28 969527077
96 100 38959973
90 2 618769319
84 29 478130262
38 21 519586082
50 15 110797242
35 48 492360423
43 36 890912015
35 51 680720065
82 60 62277404
92 3 610789377
11 19 538772528
23 86 426922025
73 31 931214848
58 72 557799103
58 74 159002227
86 68 807702333
29 69 766198628
38 42 907997957
89 13 387525336
75 29 350754398
24 44 35834765
2 99 594486092
40 88 216062123
98 54 253569417
22 73 194738180
11 87 848472806
16 73 376794352
37 36 11764770
89 7 403478947
12 33 448016818
22 30 234810729
53 87 673415095
57 28 782510590
67 21 265943151
100 42 465333564
61 63 832247411
59 46 182349327
82 38 734629007
81 36 266547909
35 97 339201956
26 91 272035080
84 54 619450175
18 95 803895543
90 98 130748148
44 28 45539223
3 26 252805131
35 61 139727058
5 91 983877791
53 65 713473040
27 30 611824194
90 62 483130150
96 27 237219361
10 8 495597704
16 35 838962462
89 99 134499904
17 38 795417890
39 41 872604938
47 71 654909112
47 91 387550237
67 87 439722276
39 12 684854602
40 74 896981601
92 32 84256827
9 93 894553605
98 56 257111116
96 58 44456447
17 93 564316356
24 15 634294858
19 79 564313186
28 36 609729086
55 64 525792118
7 54 985029641
23 32 625206763
76 41 361455199
40 25 908062733
44 11 369519090
54 65 708147094
83 72 603251761
66 9 157103973
57 42 76006685
15 11 501307634
72 64 373601022
17 71 745348996
11 63 347514221
10 29 429374444
41 85 756774869
12 19 969013254
81 65 942130960
85 68 894385653
52 27 621869417
3 87 882315246
35 49 740983491
15 53 195689291
60 22 92255841
1 97 87984689
93 43 86422284
83 13 202434317
75 8 612841451
75 19 8050116
9 36 647725060
30 62 920373894
57 33 38697672
96 47 467199632
24 98 254390608
92 4 150377324
5 69 335217653
24 71 37418316
44 62 120343532
19 34 209411231
56 30 733209055
2 20 252035834
10 85 209139734
46 68 411510885
51 36 837629996
92 67 830920134
60 53 871399174
80 6 611948370
2 55 164886631
15 6 572304687
42 36 155331359
12 72 894505089
29 73 760156686
25 36 491131694
70 13 400418508
75 98 149363628
1 13 705474669
58 71 427457720
82 76 119584601
58 57 488425007
55 22 10885952
3 52 608284910
24 9 526587637
52 44 341602848
50 62 408870021
82 14 607256291
10 71 920704869
76 66 518605568
39 23 239985329
7 68 671675801
49 48 495815289
10 89 766726515
84 35 649843667
35 12 862803847
36 87 509454811
15 57 456127884
60 20 96602238
78 51 342957074
34 31 492518481
70 32 917558462
67 31 158029092
17 25 792979517
59 42 204362934
24 79 318381295
19 73 231532823
5 58 504834427
81 21 802828609
56 68 434556825
7 87 268463731
50 51 888136678
76 7 785495304
39 11 854137944
84 52 521101136
7 46 338777134
52 33 122656016
16 25 637730821
20 48 557587929
96 91 193719380
97 37 962680005
2 26 686659789
95 44 351580389
54 43 733156651
14 31 620131407
3 62 477482014
60 64 964297358
11 98 581271647
13 62 87730443
39 50 579126045
3 63 109925835
96 60 682694414
50 100 601078581
81 83 110415688
10 83 933823914
75 41 189050619
55 4 21892220
3 40 119553944
62 85 756315400
84 45 908823235
81 31 201447907
40 11 680039690
1 98 199339561
59 98 65117878
37 34 775480166
45 63 838763762
98 86 144792099
29 9 138534336
45 72 322364113
22 20 294984775
3 60 315828283
10 92 288167298
89 71 130160655
91 63 253191463
38 4 868542872
10 99 953290433
23 29 433833535
6 69 682968328
52 22 681074330
75 91 260721299
99 42 308381174
10 82 508637337
89 9 78062147
95 47 376241009
40 68 109886566
81 20 125328693
71 65 954164754
27 64 574137633
54 13 642839397
67 65 850193020
92 56 622822352
78 22 877744626
77 21 923090476
17 49 783449309
26 61 228479983
96 28 396807925
44 67 816121571
81 4 908564868
39 57 204785055
77 100 939710186
89 20 740149176
81 29 387354497
81 33 291162612
23 22 26719699
41 32 623059766
19 72 39240515
78 62 662158389
81 48 901716169
3 44 708884860
5 61 898773329
1 61 621790959
10 18 623675867
75 89 141566848
15 13 83970724
5 78 951049946
5 3 744110260
59 93 583526886
91 36 72932663
46 36 214892504
18 48 34244722
86 79 183210389
54 88 248505420
14 63 811663178
97 71 927612271
45 51 417739841
83 87 582999187
71 34 193232182
15 67 537834881
47 32 162745802
10 12 235966002
59 49 620895820
15 91 36411183
3 27 234807471
70 100 814539705
92 81 55542151
60 95 490839138
70 87 53952696
77 69 977670121
96 99 986946101
35 98 796083186
89 27 390563464
80 35 678236242
52 20 410731938
66 34 530917902
3 54 419335659
15 68 574570542
44 33 779403299
55 14 684462418
3 43 536666106
2 73 754871229
31 68 634431894
27 13 756611103
29 8 630459566
28 9 707161559
64 31 18355041
78 27 309243295
100 4 332289993
23 25 760795399
67 37 337196649
49 53 376517237
21 69 990180115
39 42 707429924
79 93 72983567
98 21 605555964
38 61 292150785
60 30 231524879
100 33 409076837
21 85 456095422
83 43 761626150
1 3 695804050
83 6 482754931
92 88 690607254
89 93 86555976
23 43 654989737
28 26 926029358
46 26 44503009
99 54 366070137
61 51 933662123
27 43 251777163
1 96 408598952
18 4 509221845
45 99 701319600
17 59 247421017
27 68 62618173
83 20 98676732
78 45 354528087
30 61 983307792
81 98 300178763
79 91 45750089
90 17 497345178
66 64 308919647
28 62 406934475
13 32 505678386
41 45 881972674
78 71 460445856
43 63 413209652
5 80 337768906
98 73 82421755
99 61 230924243
84 21 912256447
1 63 166131889
1 42 615178209
92 27 69562105
89 14 125649127
2 11 948734328
40 29 203860094
70 59 533507349
60 8 814861211
40 58 365201136
92 64 292779041
49 74 583250376
96 82 514343242
39 34 947445260
76 53 975825353
23 64 14297538
59 4 394405579
28 33 282784891
89 88 468049249
39 26 745621676
24 11 790611045
3 51 306650695
32 85 916242694
42 34 739370397
12 49 33028710
92 39 905034780
90 16 915350876
49 79 917513111
82 25 207279918
37 63 164940567
16 21 152807900
73 65 681781515
45 26 597681186
93 85 357796604
82 49 864176023
10 69 971126254
77 73 912757698
29 94 659799792
29 68 401566050
43 87 425225733
29 66 584503925
1 56 166586484
77 67 816650871
78 93 719053455
92 35 171659856
80 74 460257878
53 48 460272017
72 8 915276696
47 86 602885651
80 67 469208002
16 38 375915757
35 26 787737041
5 70 356062567
35 63 656926748
23 71 968397792
18 61 187519746
30 69 803392104
38 74 309878679
69 51 109083269
56 48 604590337
92 42 712234037
76 47 107068180
3 7 48461860
13 86 730080285
24 82 346813611
20 86 257022120
42 8 198194175
51 34 396131104
54 4 16596102
22 31 470405291
92 54 314759046
7 29 378572336
81 8 903939169
30 9 708604164
20 19 564131069
98 33 937973911
22 42 541097243
98 42 447649236
70 49 735830477
66 63 452272421
98 99 257837957
92 2 808458020
33 88 529988986
55 58 276091120
90 57 736358429
41 21 674084655
27 61 806958549
61 37 897224217
1 72 231357385
75 42 823080135
77 19 78671659
13 63 542725510
14 43 406358733
92 38 755317498
56 27 625270666
48 43 12166397
26 65 649385449
6 32 659432425
25 100 213369619
96 36 998307468
20 29 196117268
75 9 93343239
82 63 936029274
78 97 697350831
52 98 496701408
34 62 319702066
15 97 984566358
35 8 505949821
40 38 635437906
90 43 382979989
78 30 257896520
5 6 555261365
70 94 678096292
78 11 188454172
75 45 842468448
40 4 671385698
81 51 967887616
17 67 32637593
84 65 805363183
10 54 817343404
97 63 592135972
35 27 854133065
23 65 572840117
83 86 283496210
49 32 529014512
78 47 22802203
77 3 67963115
57 97 403779610
71 37 182978207
78 19 837065733
39 71 699347027
18 64 914029238
100 74 172861286
77 32 329156345
66 33 208457283
53 88 778401984
54 69 409851207
5 39 814700204
1 28 43928185
5 44 197460772
13 61 925147602
30 63 199075085
45 91 606391681
93 63 122889692
79 61 849024313
28 94 892559352
80 4 149426255
50 83 405521590
82 16 405087790
44 12 857809780
25 88 541532026
18 87 743664289
50 52 107787196
41 68 888907295
90 100 826010580
76 64 309950515
16 56 652373211
3 22 457179954
80 20 418465131
1 71 475331336
49 88 834649785
38 71 795097109
95 98 203299382
18 72 55665460
95 87 254296380
98 22 682243146
10 20 948156540
35 64 738541080
40 53 590278684
58 28 977883785
70 63 588129932
12 99 887417615
40 28 526112648
22 51 783771855
78 61 808826218
80 9 364501398
78 53 460690682
29 13 922613300
58 63 386933777
35 31 143714237
96 98 791353689
10 56 708657406
95 58 29973339
82 26 374158302
96 67 461098895
76 28 704331234
23 28 363529660
24 48 131366151
75 13 624316723
52 79 271636176
23 68 454014757
55 59 564422124
17 47 2117436
83 59 929523107
21 48 303773680
7 22 48526414
86 71 611993569
5 56 665165779
71 64 25616459
76 58 583890202
58 67 202885788
100 8 81274309
2 95 101708737
86 63 135574570
16 95 64010394
48 31 990691187
76 22 801688932
75 5 409725987
74 87 814271281
49 34 907452339
82 13 870141128
18 93 609981516
82 72 385292518
66 31 379233735
1 74 441400273
100 28 735105946
2 79 737885033
86 85 626068419
57 4 168121767
45 71 750938233
15 26 957838406
74 34 882111954
83 34 253708349
89 69 304062457
90 51 126934190
96 87 343903729
1 76 381993395
91 48 206055291
81 62 277911911
24 65 147434613
80 12 942911610
55 20 633091294
49 33 916863371
10 16 69347701
95 93 929479373
20 71 879522696
82 40 600140928
96 5 596709076
57 74 313183429
89 84 133556049
26 79 401246203
55 25 587577457
80 98 392166350
48 32 191080345
44 87 542734996
3 69 235514208
2 80 578361192
95 51 977903239
27 8 822480618
1 69 927764188
46 91 905887879
3 78 904811216
35 74 116546245
73 33 45139657
7 57 955040714
57 79 796719337
70 15 511920266
80 32 563118039
23 63 628096107
84 93 307031895
54 37 57672489
54 67 277548946
3 74 648237698
27 48 836518396
58 62 552853982
72 37 16495628
44 30 884024852
72 69 756986373
97 67 277903701
94 36 789207924
77 13 155983934
76 21 344822091
44 29 158984790
67 8 657354404
24 28 944803270
18 51 585222922
58 45 50538538
78 98 519583992
86 73 383524746
54 48 224933969
17 30 905164643
17 21 185526903
14 36 145655575
38 56 833389183
10 33 650951279
89 26 238048998
70 79 134558797
73 61 105892579
13 48 196291350
38 88 962189779
58 34 50223741
39 27 672408043
39 15 365046149
70 95 264526978
50 28 602301213
56 94 590937209
74 62 441991622
96 43 748963154
92 48 210321747
45 57 848218117
16 15 221224154
54 19 676279438
2 97 429165531
7 56 428305077
70 45 203515385
89 45 807356052
66 71 21744247
3 95 626674406
4 73 625847871
10 43 158683294
95 12 986632406
91 88 511995092
24 49 677447466
51 85 670762658
80 69 475423045
15 63 47865990
78 32 963125281
23 98 488849085
86 51 577899058
20 63 933410089
57 86 803910402
74 71 212435988
8 87 652694653
41 63 298476489
54 87 18523433
17 44 223306398
16 50 991061267
91 72 496290288
84 30 974573152
40 23 282680252
90 38 302808965
100 68 296488312
4 67 339530828
54 86 893570270
7 32 402562144
16 40 490583969
96 35 500509525
38 45 933891073
52 41 465667727
54 62 613206569
17 98 906852
41 98 313386397
10 21 841795386
98 47 802621406
50 78 118893412
77 59 107554790
7 100 136943752
29 34 64898147
53 26 255700454
81 43 517753213
81 87 827629410
59 53 260076112
99 69 134890992
28 91 628798516
60 40 612306078
3 20 720216185
38 54 303388842
10 76 18675577
17 50 998975631
96 29 894795947
59 65 259713415
24 18 641369852
66 32 889704847
90 70 245109269
18 45 989376246
10 97 597253957
60 71 454521226
10 9 86702596
71 68 654289827
50 19 415755388
25 56 726132515
77 46 495827748
1 43 700497735
57 71 427494437
40 100 97918860
22 57 422597403
92 98 108741780
12 74 768305345
77 48 576387711
90 78 134558276
52 88 723487099
53 29 386749317
17 28 452927347
89 59 304417692
83 73 876429321
73 69 258122210
84 58 599037892
67 34 753432390
82 91 864853177
38 15 394385972
75 33 5310054
16 85 37172595
96 31 595029389
81 37 960387139
19 87 280712184
24 2 10554421
57 87 824193198
12 37 227214581
80 13 386513026
16 44 942857673
17 31 534078102
80 26 34885628
26 21 18664032
80 14 778862971
5 79 513198028
2 18 999146776
89 38 301686553
84 91 726617215
77 88 398341190
11 99 408371450
52 43 154358782
10 100 557797954
77 49 775294439
11 71 162952365
70 73 726915203
44 59 69740122
75 6 392383153
41 54 167839238
20 31 79941244
7 43 305167365
77 51 37377011
82 94 742557321
9 48 819479277
3 29 312945116
7 97 695170054
82 15 840176370
80 11 249396872
41 88 546591933
15 93 230218761
28 61 735548762
12 29 81182127
96 63 434446222
89 32 909473818
26 68 652650366
27 42 549628301
26 64 504893901
2 91 24022895
8 65 13454085
12 53 57323838
5 11 551674161
10 96 731362201
12 86 300524829
60 37 269059931
11 21 727553020
96 20 121128749
41 33 252916087
22 6 867027686
84 20 902434650
10 40 805870908
1 19 602873920
10 78 534278487
78 26 246591608
54 8 478816508
93 62 917769727
82 22 975350950
2 43 293848463
82 47 237906863
7 93 66680780
21 8 395632619
69 87 713874927
18 66 219133759
90 76 873831647
75 59 187165217
22 4 962111311
55 11 137050606
40 80 662041320
14 95 198172087
10 47 805376420
38 48 841899881
42 33 474819388
14 25 399806380
56 9 911488126
44 94 176005439
44 63 708959879
78 31 671332187
18 52 301692325
20 33 51868330
26 69 87746294
5 21 376118215
96 89 997965522
39 100 750519965
39 98 878637312
1 60 414572476
59 51 206580463
5 32 33515628
29 91 701237183
28 31 670501479
90 20 963935547
53 73 947098504
50 9 209292070
28 73 91415312
75 31 740433993
77 18 461150699
3 50 107237461
95 22 551969283
83 57 106235094
38 98 691361384
1 87 760687568
77 97 12768284
40 56 109933117
25 61 244540066
7 51 767087508
12 64 14107567
44 100 785234929
58 7 738589163
96 13 496235130
98 34 396455741
55 35 445259167
78 73 922869299
39 47 783245713
7 33 427858195
46 94 78875938
47 72 387088376
21 31 233415836
29 27 767244555
5 40 564278240
18 7 359622249
53 43 322959688
16 13 875121217
25 27 347019171
78 86 997228121
59 94 763063929
83 31 923489604
77 61 187598399
39 88 513418663
66 43 309187294
86 36 564712797
96 55 432558870
18 100 674196180
16 65 231324601
49 4 841552054
17 70 684374675
93 88 577679637
34 36 454555042
90 12 629930989
83 8 829552974
47 93 463062727
39 73 948075710
12 43 215977626
97 42 380660933
12 67 144287263
50 67 642170830
12 85 818909225
77 63 756120253
99 28 518706322
45 86 69996697
92 18 739690848
38 36 81469783
98 87 559062091
89 29 419555955
78 64 206447851
58 49 626008687
37 65 331400767
6 94 912031471
50 53 581156420
81 35 782395778
12 71 525704534
56 86 345006328
90 50 360078187
6 21 80554258
5 86 660452561
92 30 712417914
55 99 337826818
59 22 842716
69 85 473921118
14 53 888348634
38 30 3267990
90 4 869932082
14 93 563556291
16 93 414780529
48 65 606262625
60 63 153464634
38 66 305470708
15 79 796838154
28 85 221910873
42 67 492438854
66 73 671331221
80 81 989906544
44 41 822193158
23 61 986954573
13 85 942484201
40 91 699896028
75 44 429557781
2 72 361987193
75 4 53075009
40 8 182256472
60 13 649849833
95 64 492912591
52 51 354981490
3 91 378495155
44 64 307821154
44 85 896192165
45 74 331408201
57 61 959594969
81 38 690678082
17 88 103187763
29 32 218113037
70 21 298526038
16 51 935128549
55 36 613136164
39 79 139642065
99 26 745634859
23 56 74624996
25 4 928717617
79 62 742638766
76 81 816582332
81 70 574225056
52 87 623520770
30 32 683198173
86 74 806774157
58 27 177356513
38 9 311490685
77 87 825334104
73 79 295677622
47 62 680751754
84 8 199753389
27 4 222012447
6 8 459657171
35 15 921557343
49 45 240265055
5 43 981506985
76 69 786062183
25 45 816766951
93 31 362705292
47 37 572407682
37 62 444315820
35 11 259266039
99 21 42426155
19 37 333704580
24 36 594887751
96 71 713097272
74 8 154831404
50 63 350139561
10 53 998535297
80 33 740316085
80 28 439887873
81 34 999614180
98 51 428963105
35 72 384393091
12 45 510067667
75 22 722169300
92 31 389985672
35 9 30047322
29 21 527350919
33 87 235760117
