100 4950 85
1 2 2 2 5 5 5 6 7 7 8 9 10 10 10 10 10 11 12 13 13 13 14 15 15 16 16 18 19 19 20 20 21 21 21 21 22 22 23 26 26 26 27 27 28 29 29 30 30 30 36 148 338 444 496 530 538 550 555 568 631 695 699 704 738 945 2457 11140 11384 15602 23052 24665 25658 28151 29880 120425 162441 834855 956669 973485 19926757 30240303 30964906 92683236 290165424 301431562 340463355 377226973 416643898 468658077 556890613 601351348 719749102 814353460 830354135 877879505 923039629 979978796 998846770
40 57 262504424
4 59 55896566
64 71 285095212
61 39 603032756
23 44 111430138
1 94 314612155
72 51 987006141
67 89 7645081
1 56 8495743
49 11 173970241
10 30 729415070
50 44 411621674
66 63 646324524
26 9 581372426
93 54 41024854
93 96 59735815
55 2 59416268
95 100 827870111
70 44 154085346
85 63 865612654
13 89 811802561
49 67 328209264
45 75 907480217
72 22 78373602
72 65 666535412
70 16 986838724
61 80 869698317
68 100 492862944
1 40 518456833
66 89 86804198
13 36 465519243
99 55 203977684
97 2 97262743
51 82 750624576
49 14 33432240
31 34 16758439
87 77 425240860
15 11 184434397
60 89 134260909
3 48 939937209
51 7 614131857
58 57 662237814
77 76 908262443
10 9 858286423
6 2 716744746
27 73 274813062
26 1 764889214
6 69 266814998
28 60 424234721
18 17 160290654
39 76 399440324
8 73 891165795
33 81 470640803
67 28 798858067
45 25 801681001
85 97 464616635
9 35 252813884
70 94 70913480
64 9 199048561
10 58 366099733
28 82 114645511
54 40 554800961
6 72 498139781
39 71 625199694
6 1 977026103
3 100 459940935
63 19 67910076
23 27 538185246
78 52 813663669
39 81 879052091
94 73 218834700
11 19 205948183
42 84 690213958
13 60 515557464
85 49 665130674
95 71 343071739
67 100 767668711
9 25 698433562
93 53 231624396
40 50 794307136
71 56 879469368
10 47 318515467
43 94 514480396
73 60 339074112
90 89 347009737
92 21 127229783
40 82 875254952
92 31 291597779
62 63 719437236
55 95 414480816
5 64 234863393
24 84 544669410
10 59 280310320
75 95 374062268
14 7 653160489
20 81 945398698
93 75 810807601
54 75 52135952
90 46 81957011
29 15 767294983
21 48 249264341
36 28 133328768
8 79 258186999
88 89 976215388
20 35 534057649
92 77 164046301
36 64 232530791
49 92 604493138
97 40 800284188
42 34 60498511
9 100 344774587
61 33 885959447
91 25 891769854
65 17 622267933
54 29 123211321
28 44 834078473
73 82 598699021
43 81 634906652
66 2 667046214
91 55 297091556
43 28 860648711
52 22 653116163
10 17 337420797
24 97 853977147
2 83 206782832
85 16 290381951
76 89 755730861
96 21 642408946
65 44 468074949
9 83 603016230
43 46 624594992
67 87 694792583
4 84 214713627
24 96 249148652
52 100 941363864
43 92 79239491
16 17 779945768
97 46 420216081
12 69 363838693
41 7 17495543
30 74 91466022
99 84 475764580
79 33 133532885
69 19 299628104
99 62 834998265
7 84 439554398
27 76 587805577
2 95 586595626
51 64 516715450
26 63 217350899
33 34 749352479
13 87 62413702
2 7 176482597
90 62 354521757
30 89 291034921
92 68 377648951
37 53 554150032
50 46 718403739
6 68 395377197
68 52 671932297
6 25 850586576
68 69 401788246
94 98 432186883
33 84 195301750
74 59 288144477
62 33 939035348
92 56 432501076
5 7 845214092
8 32 328482576
29 98 320398805
26 65 225532503
38 57 170634277
99 5 401837914
18 90 937612794
53 9 414628098
51 44 746176999
55 8 96092962
24 51 489038265
94 95 23467706
85 91 990067758
96 19 711383562
59 100 213893933
77 83 313024812
18 31 340466358
45 33 717422096
43 44 998572903
19 17 591841455
12 22 393910648
36 98 666659337
82 44 472578047
24 82 267205155
60 17 148272608
28 30 611713366
40 41 174565311
15 68 410544122
20 33 807293750
1 87 208881357
16 48 450926408
62 100 368150373
29 45 637424282
78 57 644453396
86 44 91124610
80 81 638578417
8 7 80190531
1 38 187189081
26 41 782421254
78 2 45605153
48 83 65956737
49 25 321039143
80 2 712341242
91 13 713236052
83 71 825974201
54 81 885301678
91 57 896834287
64 94 642486437
2 35 353412021
21 71 667551080
99 42 236735341
91 96 241885185
96 61 377350248
65 8 477026656
37 84 168870026
54 96 449585940
26 18 486726970
37 64 345388875
45 52 231297865
85 18 790372922
90 40 149638037
78 12 293463566
90 80 152582763
37 90 587839413
31 25 847340661
91 11 312944426
60 57 187858514
70 64 429962747
65 87 273454718
43 16 975250148
93 50 607575328
72 75 240214636
34 44 276730354
31 7 921829140
3 76 463180305
24 91 278355727
96 4 198950018
87 28 347583601
28 22 987355097
85 42 521845645
73 50 554185977
31 33 762111762
67 56 881880661
54 58 914047085
97 38 965288765
21 94 606926165
3 33 942975801
12 30 256469948
97 32 702310653
9 57 717665779
37 14 410989335
86 12 435642335
67 19 89066794
14 31 540204440
13 7 386569372
3 83 986396188
68 95 488097846
65 74 910508982
61 79 678811046
54 44 930753239
90 87 619192068
68 45 103546766
64 68 909921683
64 15 918541876
68 46 334280907
48 73 602431646
67 31 720549214
32 98 582014225
30 45 476100211
5 29 589816984
97 30 897217077
23 12 288669784
26 53 477282313
51 22 209612785
91 42 411638735
75 7 181385855
78 98 339507849
29 27 813449667
69 82 354039031
24 99 215748188
36 47 137665313
12 96 204831599
1 98 936597793
29 87 642380297
60 19 555971047
23 65 332283538
54 83 172925833
71 74 483074127
21 33 73783901
40 7 461740054
19 59 676967105
43 39 288362526
65 98 110356486
29 77 38107155
93 77 813406213
13 17 469958085
73 79 656703318
51 61 530337836
18 23 535877100
52 46 969833825
61 100 699724585
52 81 418631919
97 22 481025751
10 80 807720384
64 84 179522878
41 94 753101450
81 100 813383343
77 100 198872317
55 34 629802392
96 17 635404213
79 82 922014984
32 100 778180221
13 22 845792314
72 31 954077514
83 59 112218723
16 84 659418407
12 61 162535801
46 95 607111563
26 75 381888246
69 33 90270714
65 61 378159528
50 56 723527886
49 63 79420765
32 46 869318733
12 14 811635223
16 57 932864140
40 94 460406440
39 17 712335040
96 80 180253276
65 56 555211196
81 9 86542639
6 18 728781422
38 81 100783778
60 63 291843448
49 3 840744936
65 7 621448226
38 62 977694974
52 17 157958589
88 71 413413632
42 12 759454317
43 77 889051874
65 27 598152957
97 15 567996583
13 44 307640523
18 54 99361867
47 33 26059217
93 61 384094766
78 29 382323441
78 96 620163397
65 71 63660775
37 31 158640357
24 16 65503837
18 49 218197571
47 71 92631777
12 7 70956276
62 25 319231529
24 26 65765963
18 64 127096358
64 31 737328757
51 39 878007223
1 82 216243053
69 73 713253647
23 2 363995729
96 75 879131915
92 83 658275439
26 79 455774481
97 89 857893810
93 9 898861257
1 65 87378675
86 47 536488337
10 20 655900853
24 57 763055917
82 34 72796904
4 79 307051845
65 73 174634005
15 84 161243254
83 19 451890260
50 7 807904398
99 64 506748004
16 62 192951310
41 74 503605286
93 1 534761452
60 34 732328056
78 48 864557524
39 88 330835624
12 28 675646416
85 53 795296709
23 37 165551654
33 19 592612866
53 56 230331054
23 71 532569015
85 4 692540448
87 16 408413700
42 5 474689520
29 46 632917481
93 26 828571761
23 21 144618490
94 56 368366627
15 71 360068600
48 34 639396304
36 17 951595042
98 63 217626080
94 59 415367619
69 76 716420142
70 2 641928537
98 84 611206583
97 37 863603315
86 97 467088787
43 22 502385298
38 22 617790405
70 9 488087880
93 34 683137771
56 17 190342663
87 80 267029952
16 46 97484014
62 2 890542885
52 33 240331307
49 29 95405848
20 83 37298664
66 11 107339390
62 56 986173826
32 76 127015276
32 57 417536467
16 34 390203569
51 95 889852388
92 16 132048924
16 9 851747124
79 2 141263419
90 7 800062906
93 32 955848089
58 94 292479498
37 32 745503929
47 57 108343234
30 57 770836539
3 11 452766966
37 43 468823506
18 35 149771439
87 98 674940052
16 44 830158629
61 83 975753021
86 99 670805819
70 14 85128723
77 35 303153667
21 88 411556686
26 88 838106054
64 59 14828059
55 73 501964140
13 56 789566134
87 48 783558289
50 19 202335234
4 52 10751113
95 17 259073062
24 83 200967161
49 46 194991013
35 83 641441735
36 76 986026954
93 66 438457301
40 33 389918987
14 76 216878138
90 20 427112735
91 52 771540854
61 52 480901072
93 23 53110959
58 25 643271204
68 17 60787056
99 90 398058859
28 95 446933683
99 51 930922554
46 74 494381960
73 63 720053394
70 27 338927960
54 1 184113925
70 77 255925333
24 23 218423535
26 5 578959092
49 8 476278409
72 66 637914369
77 33 7385197
88 44 383707290
26 19 36443434
29 41 254075069
91 74 72541022
49 41 830528032
10 22 503117452
94 80 547395648
49 4 39672063
31 62 381442292
8 34 685008726
97 87 623463136
90 39 336680210
83 22 704552936
12 15 767988487
13 83 403371890
91 90 192996372
83 17 253834915
21 32 754655108
41 98 971119130
18 45 672669381
4 17 79769272
67 38 6265244
29 33 349678133
78 3 194378638
18 71 912299112
65 62 292150889
55 17 461443095
49 61 688442419
55 75 276202794
83 74 38516752
37 59 308900778
66 75 962582357
92 73 919897801
47 28 665957914
11 25 28563150
18 91 383327073
24 44 896589867
54 41 881912638
20 80 538994670
52 35 4096054
43 8 972978301
7 56 409741147
14 46 755954132
82 35 418472505
85 26 610037680
40 88 848651935
58 63 609527985
80 35 783912705
90 88 447364806
99 92 880697475
10 27 787831333
85 28 158390457
4 9 533526686
76 17 267886790
25 59 185696068
29 82 480070719
20 22 627804804
20 60 53724128
32 45 340427793
64 48 589624469
27 16 557544222
37 39 135151260
77 74 742724256
11 63 42070746
29 8 891919056
1 46 143734889
3 21 397091273
97 59 150484648
49 34 717759969
5 73 893853022
16 52 19234695
74 44 569711169
60 71 248961601
85 34 686019519
56 84 760200442
70 13 664406241
92 100 273279104
98 17 121150573
27 19 541361612
15 56 172439298
56 44 14755636
47 69 326029912
78 36 243896661
92 63 742673002
49 90 395892020
64 66 10773464
43 100 698135191
39 4 176180881
66 88 524053333
24 29 322155349
72 54 673576637
48 98 525204224
4 60 650519318
48 22 612656553
30 63 172568786
24 90 868032159
4 82 29601400
51 19 578607994
93 65 729041387
26 35 760364506
80 22 153064661
23 76 488313545
80 33 769364217
37 4 169883563
69 2 758030540
12 71 665231610
69 46 147969003
40 61 630243149
52 84 954533203
66 21 730719366
28 94 571417910
13 99 72848901
18 15 180018340
26 4 91011331
67 74 690532882
79 59 673575301
97 51 73803746
34 57 869135311
86 62 243188054
39 66 631264452
78 41 424266091
15 32 327229440
64 50 561273674
11 98 697607339
27 68 268934439
52 7 966385808
26 43 669375150
32 69 668933491
23 78 723973949
38 84 234173528
24 61 118489392
57 74 951798031
86 35 602871035
79 35 1437
7 44 927250180
13 50 209749839
91 56 234553660
94 75 33630455
93 44 121788296
18 58 956420162
28 71 191821949
6 51 183731066
52 80 817121749
41 45 942741268
54 66 278529675
26 56 745636042
58 96 116424521
3 32 20315046
3 66 780880013
16 83 666262066
27 64 172117396
1 8 401737600
99 50 687779885
30 62 247249153
93 25 743471532
38 89 504207694
65 59 121211698
18 40 207847432
78 17 466514213
76 84 615385629
10 83 679980816
42 87 491537456
86 40 752658812
69 74 718195745
65 45 52508231
54 94 659232953
82 63 544990040
14 20 768176465
37 88 449498732
67 95 109649776
72 15 625814314
67 90 321900854
43 56 878195562
61 7 894104469
37 87 580874029
52 71 146498328
47 32 603925446
99 82 555436793
36 75 858858988
38 28 782977911
68 7 742758783
97 95 355657612
45 63 144307436
5 95 468572739
39 21 845514024
30 84 732110214
96 52 205635727
83 7 743834893
52 79 221538706
5 100 636495801
61 82 853769559
2 89 113792980
67 9 170300260
68 59 543802158
37 16 663153094
28 48 625469762
85 1 989520044
21 35 566841429
43 69 557311118
18 79 710571613
27 89 857073743
86 16 241036855
50 59 593395633
13 81 831505847
72 60 27283589
99 7 982549107
66 73 601066300
70 51 678194458
16 88 569250339
67 53 76677635
8 88 720764229
12 9 559019543
81 46 770699185
24 60 616108319
68 19 738910617
48 44 774761010
91 45 632606243
57 100 574212904
65 22 514018137
47 62 224423370
69 60 96518488
55 41 183394128
36 45 987658697
37 56 465517263
58 73 979683028
19 100 78883834
97 14 42438541
26 3 460278023
8 95 236458936
37 35 625649908
29 38 767606215
90 79 576384091
10 44 784649618
37 2 13503163
54 47 657313310
10 55 379071546
67 51 172368849
97 77 124763639
54 4 909182274
10 29 544465755
58 60 393325391
56 74 935968634
38 74 983712139
4 74 940247343
54 91 272563764
40 100 577574152
14 81 422737957
61 60 927336546
10 84 193576893
8 35 167388043
49 96 303817197
15 39 383175036
40 16 477954947
77 11 81097955
20 57 704997231
73 17 503678229
99 45 567686575
13 74 889940820
68 63 121011930
72 26 215034076
38 31 168085534
41 82 750684383
28 74 882405029
55 76 906970951
67 14 872878770
37 34 594891258
52 19 627486695
54 98 707211719
1 19 365407963
16 60 703634523
98 25 282511395
64 80 499350762
5 30 239070338
65 84 64651119
68 75 786701340
99 19 911552577
72 4 20735502
58 45 22110308
47 22 392020962
70 96 689636755
1 57 774143039
8 52 77134178
28 19 730542783
51 41 205326974
53 81 945934016
90 41 981891671
67 76 815830831
58 21 750777352
3 4 202552390
78 25 94098092
70 54 773317027
37 75 979512473
30 31 941513942
73 56 495414011
42 19 765071671
53 74 83718552
24 7 226572120
87 55 319721429
15 20 321065252
41 71 323209554
67 73 951773233
47 56 405227702
43 55 447762443
28 21 433920466
77 44 289054503
70 88 660343635
86 24 521579411
18 78 463011602
15 66 812875998
65 47 723893634
13 30 927864060
35 71 341602610
39 98 5742218
35 19 355021329
78 51 83103138
49 99 565395791
38 45 774485882
81 89 466608874
64 89 867207277
3 45 185049931
8 84 679146666
62 19 556362507
92 30 736627431
23 87 266485744
52 62 730952792
85 66 265287701
42 65 33387673
42 81 714113121
28 14 284498211
27 33 202832012
48 11 157152898
87 88 608439299
65 66 768723792
70 91 909229173
23 83 411354908
54 34 209533438
79 22 281316477
64 20 9440607
97 80 852096415
28 45 474531951
58 19 888168552
5 11 332752223
2 46 115112888
24 32 155547181
27 31 871584467
5 22 399391484
10 19 218820867
64 79 467984267
29 32 90578241
91 62 288907124
45 48 323742982
3 55 391975379
9 95 926966269
5 28 255746832
15 55 97739734
3 57 311235738
40 81 771589859
40 76 204960982
1 76 40225107
64 77 67966889
13 68 423244612
58 55 755319529
13 65 70604125
26 49 234510231
68 11 544116565
73 95 679491813
15 53 380631961
12 25 275862205
70 34 532065086
55 7 272252348
53 22 487030425
4 69 909331755
91 69 137329616
64 57 295545664
33 9 12979327
56 89 494602558
45 19 575600448
7 71 968254141
58 38 286804068
1 62 765536834
50 81 555888976
79 11 513663762
1 43 121678811
39 100 488789915
53 50 986484365
53 95 395474370
11 89 336574372
47 14 279145807
42 15 271819549
13 1 537590684
69 84 229886051
23 73 476970545
77 79 42513276
13 38 532669871
39 14 384905366
74 100 627011444
73 98 563455080
99 77 551377220
87 33 827430984
8 53 497442981
90 68 636848068
61 71 607098677
37 80 636966161
58 33 593518473
68 79 649590949
29 43 616712
8 20 846949865
35 63 531633331
61 48 409025229
72 52 880445852
49 58 681610570
86 87 113835425
26 71 126158146
92 52 810528745
97 29 636948063
99 38 229049496
10 64 28046216
86 39 727014972
1 84 156717241
45 79 186429978
10 31 782082548
85 33 442188662
41 56 628241981
18 47 744070149
57 89 325010010
32 80 977490212
6 70 902314340
6 71 727845100
39 47 455044119
12 87 555902202
64 52 136142991
58 53 330700834
87 50 930224410
91 63 352324867
7 57 44784756
87 35 803271230
55 52 600890707
55 74 74274841
23 22 903372720
86 18 64892802
80 46 347183995
86 65 894149547
37 57 709482589
45 44 339917259
60 22 812530409
23 74 872600461
42 51 409674540
69 20 947171204
86 43 402048438
95 84 198161243
37 50 398768157
81 71 351499863
23 5 78991670
38 41 588488518
36 94 209152922
93 59 136918382
61 11 680566047
70 18 193190847
92 75 988698272
85 62 513915834
23 36 306008395
86 76 40153152
49 75 937727424
68 50 236943040
3 61 7240014
27 22 884181859
21 82 912751233
67 16 308439649
54 3 345460215
29 90 737016981
23 20 562256409
24 55 762066718
93 88 928514789
64 28 143821801
39 50 288497088
31 17 334767315
32 82 436012880
86 6 115003425
61 75 413227177
58 69 557765988
43 30 480094952
8 74 939113081
99 63 554616243
6 50 271176254
94 48 971867445
11 60 61855527
28 84 630883271
5 68 115716941
78 7 60674849
96 56 658268436
77 52 28947866
51 60 218455849
1 22 968216626
43 68 263496269
46 44 314124014
27 69 854190237
6 7 163555130
68 88 892948722
66 84 890139617
1 66 728500574
97 83 29586262
51 57 497896575
87 41 418178098
66 79 798579611
47 34 283850900
97 73 801931811
20 89 859896777
91 48 190319309
42 94 147707193
32 71 659292708
68 14 107384786
75 71 562165803
73 2 158153550
93 28 588802486
38 56 359925311
28 55 880777979
93 69 654839464
80 95 763338364
54 99 199695985
96 8 979325173
94 35 744595876
80 75 520559903
82 7 971666101
72 23 676926285
58 51 537837255
82 9 835537215
99 87 438380273
5 77 810846652
2 88 517064163
5 45 109127518
10 41 920752975
32 20 185400999
70 52 238205443
60 74 46819403
97 42 732214685
33 7 828694765
90 2 343379807
69 56 900818772
36 35 480606036
65 90 109202608
76 59 816822501
92 33 576906716
55 11 686890079
24 48 894247809
82 62 767544161
23 28 939145368
36 41 365858915
73 33 956848168
79 74 458643704
98 57 793602045
4 71 172858963
24 21 393223041
82 17 464744421
78 16 538139840
26 58 287713818
92 74 787940154
55 20 761429586
10 8 145787157
23 100 382478041
24 49 429742908
99 17 251606314
73 84 858073144
92 61 44244414
23 9 729540118
53 31 952399752
5 71 19957704
5 89 358520141
28 2 948585778
72 38 45512699
13 78 532373222
49 73 316635805
86 33 22828577
16 11 505536504
29 58 708318802
54 17 924768200
15 75 818664864
78 58 487988397
72 12 421124763
76 100 580511049
48 19 506384408
77 46 543146024
14 75 588420769
27 81 131078535
92 20 747155879
55 50 588758199
39 33 517661044
38 87 293632121
36 52 945494024
33 63 675453703
42 31 23342209
29 92 482100628
48 9 302934877
38 2 86519186
30 25 372686793
42 69 508728217
67 2 331215758
7 95 383282083
86 89 727116895
29 35 218671736
24 92 426737412
33 44 260554011
93 89 5379114
29 28 402183804
93 56 860987798
54 37 675073143
36 4 789919676
42 20 62319698
39 57 905878547
70 39 18982870
48 33 10845147
91 95 98816221
96 25 666488935
18 84 895984587
39 80 687173304
37 82 604759540
78 21 563204733
5 75 120426665
42 11 47863495
21 53 430781011
39 89 56269929
93 16 798384991
87 11 447324034
67 75 678401723
85 6 44949456
65 3 875982611
27 84 532338297
87 45 524818130
45 59 282511789
20 71 310918404
82 56 841231490
20 88 829696678
6 79 362207321
45 17 458948610
96 66 864645213
85 54 106660339
26 69 775239974
92 28 504715755
61 77 902133224
82 57 749415830
34 83 815687901
72 74 357405045
93 7 104070260
11 59 220073161
26 15 119929741
47 55 152281699
51 69 365782664
99 81 869611992
13 39 929573751
28 7 283833543
30 17 37531494
99 80 281546255
85 27 974900952
38 83 352597165
78 55 92662262
85 17 882355177
91 27 48127282
93 14 521609416
39 59 282094899
82 50 479366457
65 88 961530461
70 58 770813483
3 64 113791858
1 11 871086336
61 87 666634830
87 2 833654595
60 56 679758752
24 93 43610348
42 25 919217501
25 57 660251108
99 39 506917407
48 52 847879016
1 71 155361606
38 52 619509334
97 4 131110662
86 19 502436839
18 66 800759465
97 60 392866082
90 81 642918423
24 20 721522413
20 2 184217458
27 74 416844808
61 28 785993056
63 17 331386879
58 76 663068725
86 2 939753802
95 89 400552584
82 74 657528351
12 20 272947605
3 2 748052561
24 79 792258378
96 15 991623438
16 2 214483178
93 67 863780241
36 2 159322972
16 74 181315306
64 41 11483892
73 76 170321094
10 98 865674224
67 83 841948085
38 69 242984807
5 53 99416240
45 81 830406187
85 83 465341266
1 78 912369678
51 83 855595039
80 89 555776336
15 47 778253241
78 63 732861060
42 28 153832370
21 30 597406400
12 80 639365015
66 47 370150794
16 69 198003014
42 62 129457685
96 82 46060930
5 31 54830465
45 7 627064598
36 55 27424794
76 56 283287767
55 60 426334319
72 80 567261556
99 29 707087195
6 65 987407938
32 59 602166413
79 88 699925736
72 47 24913324
13 95 570627394
92 47 611776384
87 69 191406339
29 69 460978723
77 69 421812158
67 34 188129145
54 77 982040428
26 23 892642419
94 14 840057535
29 74 838517432
40 92 253179850
85 36 738691655
53 7 478023290
13 35 762885226
30 16 237773924
91 53 104724898
73 9 509301327
72 1 852693118
23 82 833695161
6 37 733263177
66 77 82476745
32 60 245052533
24 74 951345187
12 46 7633107
5 3 568535879
97 35 679359390
14 44 949520279
53 35 950932987
39 94 632076039
37 11 802316635
12 17 577801172
18 39 14057636
15 95 750148313
33 25 639292552
54 88 194475805
65 96 564380391
93 45 962926872
96 95 253036136
32 11 78739068
88 19 223630308
18 28 440121084
70 43 87587598
96 39 330073931
4 41 460454703
23 89 995996572
96 16 223832340
99 30 77838891
2 100 380320414
70 57 498267737
25 84 653460494
75 44 528487211
97 76 701438115
93 19 417859668
85 92 605228123
33 35 651022523
23 53 729431148
24 81 170374845
91 82 191176977
35 34 817374613
78 92 507897752
43 52 427511710
64 62 62703028
97 81 180825968
59 44 454941620
24 80 329923053
42 16 470285690
42 90 829180866
26 68 491896434
3 81 132718784
53 34 114294676
91 5 619359473
86 80 217149007
30 11 949852862
7 63 36787623
92 66 153790013
68 33 146282057
65 20 279446923
29 34 554718903
90 60 957867420
36 39 249435022
38 25 685071743
54 62 227161887
93 5 992705699
20 63 348742331
85 13 418231048
15 60 538185490
5 80 888281956
99 94 116578961
30 71 620418874
70 30 224171928
69 11 600141899
96 98 631403633
6 24 7225926
15 83 604633790
51 88 924118904
77 25 599240508
6 14 336530016
54 45 714324699
91 99 533430435
61 4 23890022
12 45 231701990
24 68 87651999
38 77 697268363
39 69 946674610
64 8 592646799
53 44 508550169
23 62 205183272
72 9 945634735
29 89 779860687
91 100 78184640
18 48 717740556
93 78 304684550
1 35 968587801
96 76 18727602
58 66 795029130
24 28 299080307
54 48 615693674
73 62 606690681
75 76 999418038
6 59 120743692
1 36 827847413
23 35 179707042
70 69 595396081
24 5 530885330
4 73 122323190
83 63 682625782
88 75 239772994
72 88 870043676
11 100 966523584
34 71 711020931
36 30 168526930
14 95 967140062
3 63 178400702
77 89 222501692
16 89 401204048
77 98 292097254
3 14 388160365
68 84 544737943
67 22 693128581
57 56 245860396
37 52 657309480
53 48 969673876
30 19 676344794
33 17 868599594
40 4 125713805
29 11 493216831
61 35 541001807
41 89 407495517
85 89 477286245
92 14 439049635
65 82 192695218
97 66 420537551
19 44 867431107
20 100 166667504
52 75 164769206
86 20 473061544
93 55 687404203
43 7 412697725
68 71 244147121
21 77 443278752
23 60 445602184
86 98 293651869
16 63 53864764
81 83 979137082
72 64 419433234
33 88 517107904
16 56 558527898
62 80 813734909
49 89 736529515
21 8 318737913
5 14 155238354
68 44 866690341
94 71 97973467
94 2 52596311
51 50 369036196
8 59 791584246
10 62 53052228
36 60 11985606
21 16 619669766
29 16 169870168
48 82 661227401
77 14 195145085
8 57 293262635
86 17 785146421
42 32 445140166
32 88 427648995
49 12 159359657
20 76 382228174
58 47 392715545
81 35 213363648
49 55 273089507
12 68 874761151
72 25 639653174
75 89 320159970
26 51 930434689
42 66 915069010
29 61 730404934
70 53 139864796
51 76 885423739
99 57 976616409
6 3 749575329
18 41 711429981
10 5 714536048
58 30 975318064
18 99 142183956
77 84 64064736
42 58 958371691
85 2 517714381
49 94 893670384
65 29 278475528
67 37 564202322
41 17 353461761
64 19 557552665
77 82 655556200
79 25 188487548
42 95 878059207
6 92 764145236
24 2 811851393
39 22 248232970
73 44 879663401
98 56 478008717
92 45 113027515
94 62 60512317
68 98 196918367
99 100 83641090
40 47 681459458
36 3 372715138
5 78 416927573
47 87 592580076
42 76 562542023
61 53 301546192
99 48 797108974
54 22 402826718
18 19 854843728
94 25 269266274
92 94 788251166
27 4 369160554
49 5 168527640
35 44 527759343
3 74 838064831
3 47 210293440
61 41 641153028
39 32 479680191
21 59 937432497
97 31 264861042
49 31 179688382
10 89 667620472
13 100 653646017
60 59 831001735
73 75 397819395
93 29 694231921
41 25 441012608
97 92 662457839
80 76 621073918
47 59 214496046
20 59 683002844
40 9 681051977
77 57 207535009
37 89 251397467
38 50 650087571
68 56 41865442
96 71 623312398
55 69 172798835
27 41 996817906
39 44 355933912
98 95 267510187
93 84 318983290
37 55 645783671
69 52 20081922
52 2 71013898
5 8 992176061
67 41 717908186
57 22 967131725
54 100 476632632
67 60 595825520
37 41 291908242
70 40 344523558
1 52 590035015
42 39 728955654
91 81 272266900
41 100 936148615
13 92 781595968
47 94 166030101
96 57 10420225
29 17 848124297
32 33 29385707
58 52 478465707
6 67 339348310
1 31 914065381
91 2 125347413
1 3 526512012
5 92 676188857
49 51 681152356
3 16 309890296
28 76 143886753
46 22 428701592
10 76 163380193
21 69 776707706
29 62 173041067
3 53 84146915
47 17 809555306
38 39 458021793
18 34 962192781
8 82 338892700
37 40 901294346
51 11 388218110
94 17 913509141
41 19 177840846
61 44 518625940
31 63 469013696
45 95 107828282
77 80 58555500
49 22 35779464
36 44 328957654
83 84 276141174
72 48 27314634
94 34 436595892
21 68 51580397
10 61 950974436
37 94 266341317
57 76 215040290
36 11 210583699
78 34 777530944
79 50 766553747
54 63 169237211
39 60 428800732
82 25 700736693
6 100 197124458
42 29 631281317
43 87 116494557
1 16 111304074
72 44 670149789
54 2 812933350
45 46 849863751
54 97 545129664
23 7 231014567
34 7 259925418
23 15 220248887
57 19 257158277
13 73 642947664
3 68 841691718
29 84 268066189
42 7 605020204
88 7 182470777
28 46 792803892
55 79 76033071
99 11 901821418
58 98 706017492
45 34 806238960
37 60 561971695
53 63 56703686
97 16 89291574
1 92 994397663
46 7 410953989
23 34 89693045
91 15 866734411
12 8 335198856
72 76 326070856
23 4 556673335
11 83 30996351
79 89 812386864
55 80 359908927
15 100 359545144
67 94 116826297
5 63 734663415
40 27 932962016
91 34 265283717
100 44 226174282
14 34 57236430
50 95 578555325
65 79 85436641
8 48 159153717
73 88 824941553
40 32 272663562
31 74 70324055
19 71 886166904
96 22 313468067
72 34 683022810
66 4 703928836
48 75 404755400
82 98 453012104
23 67 717231889
87 83 891293909
37 9 847942154
58 17 758356892
7 74 831696677
54 76 881903848
1 2 632139872
94 45 155799458
96 45 602409823
67 81 46147548
6 52 728250905
57 59 371689785
51 100 690079388
87 89 446902405
61 47 659666806
96 14 541652125
55 88 817056257
99 53 25651373
86 77 84207779
41 57 330616895
18 80 311238300
8 80 535432373
91 44 719865747
92 87 629325579
3 59 680037918
78 68 787600007
66 16 667096873
65 76 76165123
45 83 647763136
51 36 952388793
71 59 966726486
78 69 458721307
39 87 224921931
13 61 110452348
96 62 675802703
88 46 985581973
88 74 611926270
50 89 474636141
28 69 605057780
61 76 942447414
12 79 15950720
93 18 343819584
14 56 840387035
10 51 558607816
85 43 128000410
85 23 171116420
54 23 357080311
42 4 294650194
28 81 628120942
8 11 129123943
30 77 727011874
10 26 99031121
97 74 108450776
97 56 405975458
3 89 933566641
67 43 795544895
25 44 59606495
70 41 457351055
12 55 960238206
81 22 665930226
28 41 718403548
48 95 862507775
67 82 638196299
27 50 183331132
94 60 119646439
64 33 595245010
15 28 926790766
94 8 583505052
13 71 617327131
58 7 245273488
42 75 764918592
18 63 999036000
67 42 37279496
78 30 643036627
91 16 629387057
51 52 774891465
73 25 742916620
83 25 402468569
85 69 385934148
67 12 941949775
13 62 851601662
32 73 616939002
63 76 463294996
3 71 428550938
1 63 743914081
6 43 87763545
37 47 986719200
15 59 63865061
96 59 439700251
81 76 18248612
24 4 216918557
13 2 692589451
5 17 434217713
26 80 331445738
94 88 242436574
33 76 367978698
23 19 49437049
28 16 106263470
48 84 147591515
10 35 121114966
51 77 578293029
72 62 606076334
25 19 553323294
55 68 800953436
3 77 70085325
85 75 572187054
38 66 981291311
58 83 131012323
99 40 345652517
40 35 160626240
49 36 218661543
23 13 165114180
27 48 370334413
37 92 183577430
94 69 591535614
26 13 671800067
85 51 353770856
29 39 545209597
65 94 678042198
65 60 521826615
6 36 604672059
49 20 156940642
46 84 416646325
5 52 328240796
35 22 907417370
92 69 632730277
26 90 74583079
85 12 897008096
91 12 424701566
55 53 767705904
26 92 146671955
62 84 492384704
67 61 855918255
37 7 135773412
42 98 65754091
68 9 514849327
36 95 723447075
36 84 952763315
39 28 863369213
15 31 392999458
39 16 254620227
48 20 601488900
38 4 864915473
13 82 321462655
96 79 128221233
3 69 537270162
91 77 576025577
28 68 875062729
24 46 592610803
6 55 672542604
54 9 601890461
23 51 522261312
82 80 169410043
67 33 100546815
86 15 564390785
36 34 736364274
14 19 391836991
55 81 451389841
1 95 763076943
81 17 470771999
6 46 765191468
99 37 620806621
99 3 696240581
37 51 484071000
18 33 623109511
41 2 125543563
91 20 779440904
43 98 149525085
3 96 447989489
95 44 238754270
22 89 615183165
51 89 597625714
90 71 859918871
26 45 732920799
70 15 253133959
38 100 482662427
13 42 141067843
67 55 436309897
86 32 371982689
65 51 667561785
48 79 915523240
65 43 276003079
27 35 487558498
8 31 329231091
29 56 896118423
10 14 103953861
71 22 366519323
48 25 377983438
94 53 551317235
61 9 244168287
54 19 406407837
39 74 651750993
17 100 223789714
28 59 378604928
97 58 966141877
79 17 99822771
87 79 191303757
28 34 174451631
81 95 420319177
13 76 942519995
92 57 93025733
2 25 768625466
42 57 510547394
60 2 672965756
5 69 401531640
97 17 685912898
18 1 387737896
53 33 522277579
85 59 689785717
42 21 345277342
18 5 404698962
86 90 49994583
91 79 700074366
47 68 539064876
94 50 293950423
37 71 537746785
1 48 578649223
23 64 912180625
38 59 988935898
29 94 251458568
5 40 374189257
4 33 482395626
41 8 284474550
14 62 491149727
70 26 885723297
42 64 385488341
85 15 387863519
99 78 43006036
43 25 374630543
16 95 547885265
58 89 551734842
29 7 508578823
32 2 563670200
68 20 692848111
61 55 758635984
31 88 258033176
37 36 220420791
92 48 588247403
47 73 54945155
51 21 219434354
24 31 989586991
24 19 882568009
5 2 862326242
90 63 335908919
13 41 94127179
10 46 323691805
41 44 258088399
23 97 779442947
65 89 339928617
80 17 487608268
6 19 950510819
66 48 684380746
18 12 626069075
23 68 209990957
70 8 662621749
17 59 455567660
51 79 629571392
68 34 479583996
54 73 83973942
26 29 180441572
29 73 270568171
71 44 619730133
39 31 355414417
64 32 731584770
33 75 196208375
99 52 180255952
83 100 329078318
18 96 778782770
21 76 117985703
21 83 634636837
27 20 603629785
73 20 950310583
34 59 64602302
10 53 24446467
68 74 673560460
60 100 244397510
23 47 155304527
26 73 258055319
48 81 545406689
5 12 963193611
64 61 297094467
90 74 120075323
99 73 781905558
69 98 813057082
60 88 586747048
34 95 900387311
20 44 889260329
95 59 789240586
61 22 693136595
12 38 575754853
24 37 648705562
18 50 606319177
60 75 320322956
96 84 649626943
5 74 717837147
42 40 300145347
70 95 34800008
93 31 260773392
92 55 537120503
68 83 111314409
23 1 202223883
52 57 734691215
4 46 803063299
40 38 59674809
48 60 138050330
42 41 711598965
42 56 340130359
65 41 250334909
94 22 162634068
42 35 33931992
42 63 623932976
96 9 954929174
86 82 160243638
5 27 766418298
42 46 592353167
67 84 402309627
92 41 587508757
96 50 155553606
97 50 282058729
24 33 592069731
24 100 213411126
26 46 968331098
27 77 426597307
42 1 701701584
70 56 622641758
6 80 119875201
90 15 108587723
85 19 375721451
93 51 560102902
58 22 371051325
73 100 159543336
21 19 921055684
49 64 659999766
87 95 486814603
85 55 45201174
49 59 283201809
23 96 325290502
88 76 608141821
12 82 352504029
21 22 29512664
12 43 46064746
9 46 380465501
16 80 664236049
70 55 959218315
6 9 653714328
93 4 696597512
82 88 399586520
75 19 943154834
37 100 319269238
3 52 840292209
65 19 234731569
43 4 224749635
24 27 410937731
41 30 146417946
5 57 873118019
37 68 539058527
1 60 870005222
8 83 322386427
72 57 40813264
15 25 149874267
75 25 510227043
94 81 382873338
24 38 815593021
64 30 98796276
23 94 646514076
78 71 184166426
91 84 352407961
13 31 288435494
97 33 361146904
51 71 375145098
24 34 30534969
12 84 544109014
4 53 801275800
50 98 556793926
21 89 142186163
85 78 265651744
10 94 339332629
99 32 403147462
39 53 887456520
41 60 188447435
81 44 559010488
96 44 648598789
98 88 880227415
21 7 980032526
61 17 313611105
53 73 739368873
27 98 584683611
12 74 124690060
15 17 984650009
54 74 952462731
28 77 313413671
47 98 76719765
87 81 769467756
12 88 850206691
82 75 664918080
95 76 544776426
90 75 60796646
64 95 730899097
78 53 32885653
27 94 736815430
5 87 289468618
28 8 38951568
31 46 692406296
30 68 750291365
97 55 747445030
96 41 399397227
70 65 867903402
13 67 420007393
43 59 879615324
36 16 123111217
4 11 99784604
5 32 908120868
24 13 845573244
48 35 487988934
49 74 213980879
90 45 751474138
26 78 378288432
7 22 510555843
81 34 814732443
97 69 962371624
31 19 206082755
11 7 903495596
23 81 744607285
13 40 179922777
39 34 483866715
86 56 218011209
90 32 752935816
50 71 741512222
77 45 863743001
5 16 206383263
2 75 411764698
72 49 45784884
72 82 848565591
5 56 961822990
49 7 247116632
72 45 550726492
66 46 691365676
58 31 489123273
38 55 766866706
54 68 399648245
52 50 737655563
85 80 203185877
72 33 999523332
51 46 541579274
54 95 419739348
52 82 497503482
48 71 848464921
26 54 673392928
55 100 975853856
39 25 87588298
18 2 467015549
77 53 139650273
87 60 55474338
70 37 384549078
85 74 206471951
97 53 392144195
15 14 613290309
88 35 134603424
33 46 383516844
1 89 716978835
58 4 48471059
35 76 379854736
85 52 849091149
93 47 478831032
6 15 83613616
49 81 956498685
86 50 268135209
10 11 449812944
51 16 641528378
78 80 784849976
1 74 194130152
92 17 843717537
9 7 110583238
81 7 80910266
39 82 20187008
91 14 863560446
26 61 688774007
33 59 647013150
43 76 210493106
26 94 175614881
62 76 936595412
85 99 298217833
3 31 455305373
43 88 628308292
11 71 220879073
85 11 448874669
56 22 679741199
19 22 646135817
67 58 527447556
23 42 47896087
72 19 882729014
41 73 32011797
88 63 521423700
5 61 807014150
97 7 608326702
12 62 434857777
6 84 991048487
16 59 4594418
51 25 710320801
67 69 208606550
18 44 139092832
50 83 260000820
19 89 440163395
75 57 965912931
27 59 407728280
93 71 693396327
50 35 817675827
86 88 139610990
4 19 761370325
54 7 581898981
13 53 747063567
67 96 362230644
72 97 333130024
61 19 158566721
10 45 749275686
3 94 265117791
40 44 255839874
24 65 356747530
54 25 604101672
50 33 386521801
4 50 53187384
29 3 153389984
67 29 574235203
18 69 729300469
40 63 346823879
10 79 367996656
36 81 280174926
24 50 92148567
5 1 553544670
58 90 966054352
32 52 967331024
64 47 265738729
42 92 544679327
42 30 65485784
97 3 321770031
25 95 41014501
38 71 229406796
43 11 741473482
92 71 114088157
93 68 754301146
38 88 538072775
46 100 639011545
39 9 954234815
51 75 57662882
81 2 493950068
6 11 933275235
1 81 896007858
87 34 637665417
3 17 246354620
1 34 616552256
42 80 289056475
42 73 770103903
29 20 403489252
11 33 957854719
86 83 340276944
43 84 592806023
53 89 380695507
77 56 941798001
36 27 53877879
6 8 446711868
43 32 622752521
99 44 922147549
85 24 74111159
21 56 610543906
37 74 151799372
50 17 572712097
43 38 817391091
92 22 21999576
67 52 256121921
85 56 139283496
3 56 679747728
70 48 711870269
12 59 343896155
10 3 955124605
26 82 278026415
88 57 934704828
51 96 574293181
72 68 125993053
90 82 565607906
40 30 397814
86 22 185085684
93 82 395003260
28 62 975508847
58 9 519228750
96 32 67470631
66 22 750583495
55 77 91664357
6 44 526803461
42 9 312819793
3 9 200472005
6 10 752259796
78 84 215878467
67 62 227405804
72 96 759823250
24 45 886787915
93 15 434376058
10 66 981810434
27 95 498707201
99 34 446724492
5 90 676689038
24 94 11189176
10 52 771033800
66 56 599166600
38 11 653906869
85 25 40597489
90 8 863358494
78 59 727503280
8 46 327920012
50 20 12339684
58 8 739964830
49 43 11701101
94 9 67755523
97 47 646848289
22 100 80503466
43 40 950375463
85 82 328196164
15 63 465143148
67 36 715300130
78 77 728062780
2 63 291744857
38 46 869069606
45 80 340508726
5 81 354021302
34 19 640609329
77 19 336758812
12 66 283144135
26 32 696053602
90 100 18792165
40 83 608120976
99 15 40527062
18 88 536773325
77 16 300888648
38 8 451406660
64 82 635191332
18 42 412549568
52 56 907420902
80 63 732843702
15 82 824340498
26 74 228298540
39 45 971776230
5 34 512740577
77 88 44834970
13 64 55121134
67 46 803107113
66 7 62872930
93 3 334398388
90 98 961979557
13 28 856160701
18 83 894801422
15 7 744812702
41 83 367889889
33 56 513167111
11 35 987552502
94 52 796312649
91 23 385273525
47 52 293421796
90 27 591413263
36 68 143266099
24 67 583143058
94 84 860863778
6 41 858337713
38 20 676705036
85 90 430124779
80 74 958845913
24 54 261622921
38 76 847755431
42 83 654005741
15 35 797442254
23 38 494288207
38 94 752148718
96 60 135771897
29 55 31321667
3 87 55230729
91 89 812528428
47 4 85535304
29 40 309024027
60 98 423954378
6 27 555488695
69 62 410598185
54 60 655274715
69 75 23905852
73 34 624656017
66 98 525579303
91 92 724228866
15 34 909548686
48 63 180110299
67 15 107836192
12 32 450512480
39 30 384930793
30 52 845003193
85 47 589408238
42 2 813847303
79 84 819687422
4 80 167303785
26 8 443025210
61 94 500732679
51 55 865148101
78 87 565898587
63 56 971090680
77 48 428274792
38 17 568667457
26 25 163005291
27 2 543756837
28 33 291560794
27 83 743944267
36 21 990114891
3 88 831534617
37 66 631734701
79 9 150291924
37 3 993308811
2 56 166021167
36 82 581285461
67 50 471355982
96 89 441384980
47 60 77872857
92 62 800329518
92 8 320651798
91 65 592418531
13 8 60084645
86 96 980435395
91 36 259129872
53 45 135811050
52 83 864960712
58 48 531650353
85 70 776565140
43 74 306370130
4 8 792316186
27 61 199923960
20 9 980972979
58 3 771232029
42 17 169966793
42 82 315661962
90 25 766893751
23 77 344989426
30 81 369133387
16 79 481957809
90 84 633413139
4 32 406009813
3 44 247140284
53 83 661139499
13 5 850589553
87 84 424649936
79 56 76451501
41 22 60909617
43 15 343982910
93 91 88823944
5 84 294064763
91 46 551325790
6 42 50187130
37 17 393348676
21 84 43270188
37 79 495373365
21 31 159837393
64 46 767595594
65 4 223379837
65 30 331553754
48 2 644243057
78 33 407196692
29 48 616545138
58 87 432757512
94 11 739125922
34 22 681516743
87 17 853777741
41 84 867815816
10 92 3331930
44 89 765089805
39 48 746765527
4 94 945211720
1 47 803749877
72 93 227623272
40 11 882816930
72 89 435972984
26 17 154386890
93 13 748333955
8 22 630101529
49 19 581346066
86 53 904037471
69 79 446792640
21 95 425740351
87 30 665019196
4 55 747161557
12 11 135709465
40 75 521985861
70 49 576816502
36 57 342686275
10 68 5527340
98 9 186771613
26 97 520908242
40 39 900092632
69 80 493620384
29 71 555001145
23 80 134367099
49 65 527401777
96 30 897457326
70 80 889399852
90 48 544900029
37 38 62369388
34 75 500135542
85 76 396335753
93 8 861548269
27 87 179951498
80 57 125216616
13 63 11905660
86 34 619018402
19 56 188700449
23 55 505454769
9 44 708273352
41 50 748559218
39 75 728369104
66 83 856843191
12 53 528267232
70 19 211690931
37 33 593254763
85 88 913492343
93 38 291577396
86 27 608098021
24 58 552023373
42 52 941524813
52 76 750244739
16 53 123758415
73 59 916258796
73 89 717110507
51 84 180842389
55 71 68587564
42 78 203960262
52 95 259482978
87 8 498895812
39 46 857140358
62 89 776051379
83 44 381217091
67 71 764282066
57 44 846774840
61 20 259245545
85 50 885759008
85 14 196697796
6 58 468906297
63 89 159461453
85 38 894108867
38 47 360014309
39 2 439272250
8 14 79586175
77 68 30998938
99 96 748003212
65 40 357201037
67 79 704659002
20 46 770555911
21 50 204663697
47 63 49268130
24 40 368865858
67 99 259984434
8 25 26210026
99 8 929809801
72 94 316705651
21 81 180641260
39 56 395016489
66 45 221944797
4 48 765810958
53 75 104370307
28 79 602571182
94 83 214742213
68 32 75960081
49 45 547297984
91 1 244800511
70 100 220743502
28 11 893684259
42 89 76239544
93 92 219116670
50 34 938474216
54 8 104908095
49 69 277410270
97 96 222683778
51 68 312990563
18 21 357821349
97 9 865205637
97 52 920753174
99 66 458258896
70 81 895504713
36 74 41121823
9 59 605773250
91 50 373557831
70 87 187511921
24 72 774015538
43 63 574095889
32 35 51886936
63 95 957990758
78 82 882311600
45 2 46073796
28 52 597152960
87 32 704783879
58 59 918068386
81 25 608207240
45 74 875256402
12 2 179085447
85 48 841997257
86 66 76239996
8 63 730782769
43 75 483499503
18 55 956546210
12 95 334454663
6 75 284372236
23 63 581130362
24 69 169550971
78 76 762373659
49 78 174337962
2 59 419386265
90 38 68094893
9 75 613128417
93 39 129873980
81 75 212542598
55 14 831867767
85 9 353046327
6 5 679270415
4 22 586269777
37 83 314419166
72 40 292459060
24 17 863492049
48 59 304731303
58 40 983367240
60 83 151161741
40 96 366204157
92 81 692133013
66 57 412885077
28 20 804647150
54 28 709147396
2 34 483257730
23 41 658467376
62 46 877109310
28 83 510835110
42 79 866192638
96 7 133751982
53 79 287877065
67 92 807877634
78 27 159535718
29 2 713196152
50 25 279020966
28 89 776838976
12 3 802809780
47 21 317328935
60 95 970245133
3 80 486178841
29 75 522181833
3 62 388042152
70 12 330186816
31 95 479068210
64 88 605348861
86 91 845470637
67 88 253136694
49 15 821883625
37 77 95930730
30 69 151855981
91 7 77789727
27 39 523048959
93 52 863032676
55 30 422872201
97 45 131630690
40 69 893807703
6 99 125329206
91 80 376707235
96 69 263597326
54 13 97979833
24 63 944486442
78 65 782807139
6 45 315990392
54 80 209089969
6 23 249510251
55 44 911502497
90 17 798345783
10 65 88184734
3 7 688698422
93 79 169144199
85 94 574292799
93 17 557865920
91 83 150802053
86 54 894442776
53 59 199832152
49 37 74591598
30 79 664623006
47 44 400000001
15 45 914085320
21 98 618092765
3 73 733301805
62 81 931274546
47 8 111098053
65 50 892756766
3 20 248116771
87 68 2124396
29 47 519845135
6 66 264865972
10 63 510398476
72 30 549017575
69 31 131710377
5 25 206933394
69 9 155675522
33 95 873123980
51 4 946766685
70 36 578156799
24 42 893919572
91 98 872841776
91 38 444716372
66 68 695200190
27 96 315509876
3 38 335144600
10 42 401496512
61 89 55028658
69 88 491036099
55 98 873214225
67 68 245466556
66 32 437105887
97 19 546868489
41 75 872516705
13 29 563615174
72 29 932399262
28 75 987619369
11 75 682730586
5 44 61337925
72 81 654116790
94 16 888703469
26 47 718002468
75 84 947462305
16 22 512274887
70 82 42566089
36 59 404750719
53 88 562948233
72 8 235995819
18 56 531229633
58 39 240766897
27 62 724357843
78 8 698325477
12 75 769479368
10 91 215358846
92 76 117642976
93 60 960527005
10 69 142272762
78 20 742048590
4 35 300072523
32 75 645692471
92 89 263274767
78 50 732802473
97 5 154002293
99 68 711644793
91 37 16038607
99 71 69971749
93 36 715352618
86 3 822491216
97 28 681608114
72 36 498932311
30 22 914389128
6 94 525273832
78 62 314864775
52 98 492711922
97 48 928264932
37 45 289732120
91 3 265798435
31 83 23366516
36 100 613428078
36 19 941566471
91 59 298505501
86 55 697507603
15 89 92796264
64 34 829846022
39 62 861829589
65 77 328026584
49 21 481809364
92 7 294691350
6 90 346724861
88 9 997869600
92 88 705363078
85 3 706525569
18 75 943701630
70 23 342077823
40 89 340852735
88 83 557920635
18 95 608525891
73 31 761915264
69 25 963301265
8 16 776895561
49 76 1480236
41 20 215272099
54 79 384437158
36 38 974845099
92 96 469731865
67 78 788522670
41 95 876375620
5 66 115452289
51 30 311320199
51 59 869996013
86 13 563087632
64 83 949960119
62 57 788099388
27 57 307233526
28 63 354508067
96 88 699789773
10 4 588703806
14 60 832986967
23 45 524152535
13 37 777590991
5 51 955186831
20 56 291591590
5 35 28728116
1 45 609161928
26 16 441176249
41 14 968623004
74 84 560329646
26 83 590613179
55 56 473082254
15 98 365584680
91 21 820547896
92 44 804965264
52 9 149277762
72 56 595935846
54 5 796901834
32 25 495443190
86 11 53104588
15 69 808051853
5 58 461132330
53 11 677636607
69 89 493796928
47 82 325717869
41 63 620034895
86 74 167250849
72 84 185912354
61 16 38887565
85 98 829537233
66 55 6173941
27 15 324429621
99 47 804861742
39 20 144053243
46 19 635465311
41 35 768816198
38 16 939305582
91 30 445419602
69 44 988705262
42 33 293561935
85 58 541393657
86 57 575685756
57 84 117524909
24 64 526243876
40 15 855220667
4 31 153523502
87 44 255144048
88 56 851391160
50 88 312807968
18 51 271831668
8 68 369581687
23 25 397475812
47 89 975900803
14 57 475329415
10 36 814022228
87 14 818178886
61 14 107539973
70 32 618407854
79 46 494864552
26 59 819048931
79 44 198644758
26 89 35863963
14 50 753751765
83 76 298911879
70 33 40842825
77 50 608216044
26 62 100915465
29 96 847163765
1 73 682675573
87 31 660898976
6 29 641481092
26 48 697042929
6 32 242793936
40 8 413812837
1 30 319802355
17 44 658376788
46 25 525669096
54 31 472349838
18 92 817914500
1 58 730716579
92 25 226264588
42 50 145370711
18 52 536325038
24 18 245281397
90 47 906640128
49 97 603732738
99 21 841365110
85 64 989449336
40 3 632337708
24 3 291528955
78 43 121260480
10 13 914800444
12 33 196701115
70 72 97469158
6 89 259189307
67 59 605659195
96 68 763926281
36 31 94078052
9 22 914469080
61 25 384471019
97 41 16290119
70 99 201432983
99 1 886375463
99 28 544272272
96 83 572355700
100 89 257997693
78 22 998768717
34 89 655873691
5 82 883646814
13 88 900589684
67 63 883599358
18 76 819346712
85 5 637054704
66 62 505699019
82 84 321191964
96 28 186336996
70 79 841235066
66 35 637605374
16 20 847460248
66 17 749357372
40 98 969463650
48 74 432117942
80 56 766876177
78 81 253150319
13 79 915654369
4 16 31512595
91 61 204885612
43 14 979554209
82 81 609156602
23 75 197432151
58 36 777206453
78 14 202938623
36 79 474566168
9 17 868369058
7 100 138960536
12 35 332806636
33 89 325333505
15 33 163679377
80 88 144225516
64 87 348556768
58 100 159174936
10 56 966597356
15 94 637506336
4 98 238557293
66 9 588846689
62 20 334009197
40 25 730764985
21 80 932382036
47 31 949616798
5 48 672781740
1 17 611123372
97 68 337436074
15 76 80319696
30 14 294436503
85 67 432072174
27 7 254101696
70 5 131334776
78 19 996844263
47 84 308756251
85 57 203210817
37 22 142575561
52 20 995606683
34 76 720713742
54 32 581649504
24 47 874653856
30 82 493852646
31 75 318483697
90 69 699410939
78 60 668500758
18 57 254537115
51 31 170384824
68 81 687881072
37 73 438700297
24 52 756057436
70 62 650151018
8 76 994197450
32 17 183985890
75 59 271120465
85 71 696890521
10 16 250704286
38 63 240527490
70 17 967796940
58 37 395729523
23 33 104917893
36 63 497725730
90 34 168302840
12 77 844830467
50 63 452018921
6 53 953082618
82 76 867732998
88 17 829454
45 84 309489383
18 59 947932458
51 9 530662237
26 14 877908167
28 53 430528668
6 16 734796925
47 41 482597126
96 63 647716315
86 59 521260631
77 95 974434646
30 80 7250129
43 2 468754424
22 84 22010970
75 63 346885042
99 75 495675315
86 58 799964792
18 77 915476413
98 83 805221703
4 100 817477257
72 27 573215886
64 55 919618028
5 20 740208684
11 80 870600580
73 19 900019957
70 67 238273364
99 89 741133883
52 44 627372871
52 63 719856748
87 46 855746407
18 81 397768558
26 20 26979477
54 20 60232548
97 20 258034626
70 60 206259704
54 82 32634642
27 56 804744346
72 21 93313828
12 44 849033020
79 34 398435504
93 37 608525161
85 29 886175535
50 22 915177119
85 20 80501604
42 60 968797953
53 52 680257991
10 7 83275547
36 25 630818855
81 57 829945677
39 19 368019483
90 55 839965361
42 45 914169808
67 5 897042394
66 69 688717137
72 63 352199909
99 41 867528180
66 74 676035449
87 4 640823220
38 19 480133824
9 19 2924861
79 83 952978201
1 83 880721226
17 89 496770983
13 14 342133471
67 27 771403374
54 56 393482947
27 92 867656892
54 39 279846514
14 11 707790237
93 83 736389869
54 43 601587030
68 31 155556098
63 71 58535144
66 80 938686370
96 31 753324826
42 47 510390855
61 45 703820002
78 37 623572859
80 19 23304976
26 76 400293321
51 15 308876836
82 60 544599371
31 80 927597962
49 79 81476642
67 44 80811076
49 87 797723974
68 80 984011481
55 22 678285976
13 97 778555863
61 2 599637320
91 73 982969404
88 84 260280471
29 88 811310569
23 58 878087551
4 30 417829847
3 60 661545342
15 30 347932927
67 64 364708918
91 60 202339631
15 73 898786053
98 2 45188588
43 3 751159804
49 77 860567627
38 92 629979228
54 12 142340946
85 81 486070820
54 92 65755096
21 52 980291949
96 48 979612792
75 17 111193794
70 66 801566043
70 61 825248063
34 56 534050789
79 100 161995704
49 40 648490844
46 71 982716796
91 75 805290522
30 34 15509167
10 81 692471549
40 21 133840398
54 78 657035836
12 73 726545838
11 2 782073273
43 96 833708272
29 19 11648371
86 7 212433252
36 87 928306186
93 46 469364916
31 57 180983017
81 59 166648688
67 57 898353236
93 22 645188139
6 54 308251200
93 27 315256660
90 43 886158780
18 67 364151146
18 94 934214049
23 31 972454863
12 37 341114079
36 69 28676816
4 14 689434671
8 62 396198841
23 48 401211788
29 50 849330144
1 50 931452955
63 57 145801896
10 82 380403251
67 45 770790834
67 35 756088727
36 50 921600986
1 44 535825429
43 71 783456600
18 68 146231565
20 34 890799711
10 49 787148865
31 20 664109185
43 50 483663847
51 48 839689616
61 59 435343720
21 79 637246365
52 89 301127703
26 40 725042913
68 22 753498504
66 76 890830280
54 11 569534543
70 76 543087831
10 93 286771451
5 39 324370610
72 42 771566356
32 62 306303619
26 57 365332114
61 30 184235211
47 20 762626275
18 36 910982404
46 83 966714784
32 83 26562148
5 15 273964291
38 32 395142648
38 35 281141087
65 57 239650955
79 7 763231337
41 69 705534339
36 20 507900418
97 57 533423692
10 43 729525906
8 77 193408819
93 11 63447129
77 71 749759682
24 98 940739315
12 39 589855462
36 33 256696192
94 79 711280672
26 52 652034867
50 80 27599998
23 50 562506198
64 44 550762507
23 16 401981611
1 64 148324872
33 98 624297596
96 73 654684407
55 9 542384382
58 2 552789716
68 62 380348156
53 98 437602718
86 93 718364312
49 84 154718448
62 83 114725446
1 100 13208506
66 25 22802639
90 76 776190958
30 53 327356634
57 71 257214686
15 88 801819532
77 9 53469152
43 95 442395851
65 33 994853912
21 9 497744691
54 84 142941006
51 34 394984739
45 57 923443832
43 82 8764490
99 59 37388669
23 40 819139682
25 74 574063456
47 19 898613185
58 79 362400783
61 95 460650025
66 59 807923705
64 56 160882972
6 22 99076145
36 80 490134236
53 82 342831500
37 48 980175853
18 82 11659808
85 65 356323154
55 35 615787448
14 89 256954775
49 98 212073079
39 7 473823873
92 82 300408303
90 30 798571323
64 7 467511423
85 45 62266061
31 50 458062282
70 10 60938969
58 20 903196634
32 14 198227238
39 52 192639444
91 22 886595257
6 21 690271726
16 75 412068205
60 25 161675053
46 57 268322732
10 32 670592197
91 49 509672158
12 56 858753139
94 20 931476226
86 46 630689286
26 95 344827861
90 52 684084446
72 83 427096811
23 11 426499654
74 89 297220439
47 16 220659308
80 60 551174184
92 95 456778600
97 1 909880994
87 9 305050166
47 9 125562087
27 46 303549442
47 81 881686694
37 28 682412245
64 11 256804328
51 35 892040630
11 46 469911069
32 44 867822564
13 11 947904586
67 97 836523048
66 8 842861777
86 71 78494735
8 89 864746829
85 84 185941480
91 32 339856443
86 5 53743626
85 40 46285850
27 80 925495808
67 11 46219112
13 84 54267097
13 27 881070163
26 38 75117963
45 35 72705784
51 66 452598658
53 19 958177343
15 4 809834878
50 76 561211875
99 58 917228136
78 45 601452836
49 30 283540326
23 3 203580994
37 81 12738957
24 71 625363916
38 7 76793195
31 60 574045461
12 41 91342097
55 94 446364797
92 34 657850962
26 96 491129141
61 57 806797009
53 2 87752129
79 76 789764439
28 50 675026634
31 89 136356537
14 17 628855427
45 22 232566983
46 59 113891776
15 57 257910265
58 64 728862405
35 57 51175535
33 100 616899014
70 97 231024002
78 4 716858647
92 50 420126304
70 35 911668630
84 89 332883381
63 84 119935883
78 31 849367100
12 89 864409041
55 25 940185383
1 53 806269207
27 38 507587971
86 100 802549301
54 67 24521207
77 75 284270049
30 59 139124184
65 14 63019255
93 90 715147340
54 36 876524729
98 100 837624868
91 64 888807755
35 100 112857498
66 28 410662428
96 33 104437037
50 2 20147832
99 98 258187824
67 40 152170082
72 69 186615078
48 62 491535069
70 63 199564003
51 43 293565250
13 9 759541418
99 83 295293752
36 9 157703537
42 37 964782489
39 41 6328883
50 100 942152286
71 17 777643483
50 84 271910973
10 72 291646334
36 83 137514880
37 76 398787015
49 39 357478795
6 39 178232227
27 63 364475418
18 22 464856210
96 87 429517881
90 11 176784643
92 98 925050233
73 7 258744493
43 21 212811318
45 89 289417834
70 31 259322397
70 59 476415375
67 66 173567671
16 35 947869576
1 88 974380908
2 44 841967471
86 61 358644528
58 71 644275046
8 60 287225849
57 95 364763145
21 11 96951877
77 32 593653752
72 39 165356581
32 50 988829723
31 11 996861597
64 73 662473741
54 69 850816621
94 44 516628577
30 20 630264958
87 76 315374111
90 44 881737590
99 2 716582160
53 69 741617159
61 73 185692581
93 80 613184152
1 41 541175713
24 89 329534337
86 72 917604285
96 81 490288950
47 79 523221400
67 30 705446772
48 80 783717810
85 93 607172338
68 89 535232740
65 34 948999246
93 48 767227099
31 82 809303490
26 84 159726942
21 17 541749467
47 46 982699515
42 59 179133836
97 82 93944043
10 100 612546679
82 83 73945975
72 2 71264318
94 7 551442493
7 17 358734971
35 25 843835728
95 56 685519998
90 83 591057665
13 4 302225031
31 71 417123457
31 76 215950316
72 90 793620440
31 56 943689387
94 100 942594440
65 95 7279267
10 12 301290374
72 67 184307117
68 35 863150423
96 53 30361753
54 38 585377395
40 66 577814453
67 17 429706449
27 45 365277612
39 63 907718158
70 89 549224940
9 74 353243165
94 76 469585730
64 22 985167663
13 34 788734097
3 34 428454148
69 48 746694373
42 53 438574798
29 25 366349682
72 100 233140230
64 53 952895651
90 33 198420304
11 81 630969442
58 56 518179756
18 25 287585114
32 81 260370795
42 48 192016206
2 74 165976965
10 50 83375663
38 21 857441366
49 9 386089425
98 71 507468343
37 8 888710854
1 61 637321528
98 44 276868315
10 48 316358145
63 100 611810382
93 100 321038538
78 73 596049977
18 7 43747882
14 88 647633058
47 2 333367157
28 56 794435792
53 25 16502371
2 22 175074247
1 39 282378067
10 33 201941002
6 73 813107294
10 95 518381428
91 97 893274119
38 75 21255745
7 25 607691439
23 88 228142479
10 90 969515834
78 83 894764257
38 14 793829490
23 66 890572967
1 90 762919055
47 77 310931460
67 48 939044358
92 60 348181613
65 12 921884617
51 94 540103852
86 8 738969213
70 22 566411276
70 28 272739005
80 7 311534859
93 21 49704722
82 33 72478493
51 47 663391553
43 17 817727952
78 95 289075610
65 48 481812645
78 40 222341337
33 22 571104584
52 60 290500869
10 99 601009432
77 7 402696765
47 50 30099454
30 95 33367462
79 60 113166202
58 84 3926291
6 87 111499200
6 38 822423104
32 22 105422966
63 74 242721347
40 95 571111859
30 8 627375991
10 88 56706940
91 39 269225868
91 76 807090804
85 21 223148305
34 17 763297568
27 88 677207592
42 71 514430492
21 2 794653106
23 52 99473859
43 53 429642735
49 33 619169142
69 71 636692655
42 38 490917919
85 95 968433799
87 63 563894269
26 66 826714598
24 12 901941441
70 3 145997510
49 17 319456660
36 92 224097189
92 79 477821431
26 87 87236393
58 46 785663456
77 17 197493568
27 82 537314088
36 89 520795127
36 96 971005729
93 33 302361403
47 83 382768214
37 96 975999739
5 47 597756876
13 43 698559806
1 28 339369854
6 61 424600057
12 40 349812182
93 97 14442469
21 75 70935875
26 64 738392833
61 31 422153109
14 69 859471644
31 35 920105385
10 75 840442186
72 61 78666474
48 50 658949811
39 11 880740316
6 98 617357144
36 56 13337077
54 90 683485039
12 92 850524029
63 59 79572884
28 80 26176837
65 53 440952833
28 88 552733935
13 58 42549300
21 100 407294024
55 33 742257524
61 8 237684743
86 81 673855732
51 80 84657278
7 89 94483378
23 56 252449762
90 77 114467655
24 78 39618907
26 36 512495276
68 60 922522079
31 81 272062463
62 60 396931348
16 33 656406685
51 73 760816287
55 31 479311611
64 39 962556077
68 82 753901990
86 36 671698632
13 59 814346958
41 76 48794079
90 50 736876029
54 21 504282184
67 4 573789242
86 68 101101794
14 22 34189377
54 87 492494703
23 17 774311944
27 44 387759235
37 20 247686792
6 74 221923693
2 17 381790938
99 25 764896597
78 100 508623468
65 15 603403255
31 79 267598890
1 77 829766947
90 57 637052647
87 21 482996236
6 62 122541439
81 74 342274775
24 62 805321456
43 79 218853912
54 53 606441695
93 95 35983798
85 8 107153817
58 32 250359649
64 45 617079125
58 50 538263297
48 31 194305401
65 25 95863139
40 87 897093220
35 95 619984606
14 74 336190331
87 56 539857904
10 78 623870893
3 79 327240557
1 33 859906708
29 76 808307906
3 84 193142032
35 84 426574368
12 21 467674132
10 71 201003078
98 74 491834226
37 21 963566729
49 82 697123117
73 83 456940649
66 71 831225549
42 43 280207604
99 60 495739741
90 3 915630639
88 95 978027275
12 36 190320961
97 63 698669071
43 80 467806724
40 52 864324917
66 33 505268134
24 95 193377293
92 9 119707140
1 20 269858157
62 74 147412269
75 100 600100679
29 80 733088772
93 87 150208623
63 25 749179430
5 36 646021152
52 59 537921225
49 68 853193026
99 88 238461775
83 56 481266064
40 14 1039632
20 17 865138125
48 56 8859313
61 81 292355054
85 35 780947197
11 9 156465979
53 20 918041625
8 69 967793383
53 17 912681689
58 16 66176771
67 20 811011513
86 38 249996243
66 95 312022534
64 81 178151280
13 94 995073695
66 100 576710770
11 76 348337032
86 41 356862381
37 98 679319928
65 63 100959813
72 55 129578102
24 43 127300827
12 48 227445287
96 35 849752813
92 46 912162968
4 57 755624819
33 71 96264643
65 31 586049146
43 36 424062176
15 48 146406043
27 47 195917313
24 36 688710939
18 46 660944652
55 46 448849701
40 77 951912370
69 95 721677961
49 28 628641303
36 53 93079110
70 83 255273278
42 96 197095817
72 50 399105287
91 87 156103029
70 93 865223688
56 59 902134499
12 19 548710868
41 16 562719635
53 100 802150741
27 11 835122259
26 44 487031401
82 2 835938102
51 87 604304138
53 32 603610348
46 34 617662702
12 51 23792133
26 99 71972263
51 92 422956532
85 77 739888443
86 23 987350484
87 75 162908321
85 68 825779124
61 63 239867268
23 29 44320746
79 63 336198349
96 20 49215434
10 97 723508411
79 62 422826333
76 44 981301740
93 35 309418351
54 71 957515701
73 22 893206459
97 12 47888849
78 46 306191301
39 68 387864447
3 15 900458980
5 21 219570978
95 22 684935109
88 34 503692240
54 65 816349898
94 74 635528047
30 56 112319772
83 57 48491080
32 89 659163192
35 56 695062529
23 99 873277852
18 8 705290594
99 69 745958285
42 68 575737681
58 35 643102274
31 44 142008053
69 83 945347058
32 74 901876774
8 45 834506047
13 49 966903405
9 89 291762026
27 52 303140594
91 88 781220310
69 57 602633840
24 87 948419068
11 95 530625305
55 32 40961670
97 88 711235337
33 57 548805793
78 15 970841026
61 68 177890131
85 100 678723660
70 71 395129859
24 35 951000271
78 28 203660459
5 19 950816967
97 94 523399774
64 69 269096498
37 27 174981770
66 60 14463302
62 50 44092356
16 71 348251815
27 55 344916418
1 9 105784486
48 89 233090716
70 46 544020158
64 76 417578633
29 51 900630966
96 77 756255643
47 95 833085968
97 39 429222178
12 58 988423774
90 73 239765010
24 14 769492760
11 22 649079604
93 99 954958067
69 17 719972702
65 52 43599007
23 69 443832007
30 94 276304791
4 81 439255047
78 66 273929583
58 27 265414241
83 95 926754266
86 49 347716970
10 39 939861425
97 36 665645614
1 15 265190557
77 81 578151895
65 83 626365549
92 35 115888676
3 19 442450691
39 83 797359417
43 27 276889824
90 53 795346997
14 73 433404556
38 61 697743060
27 53 228600507
35 89 580935717
87 53 572246708
31 9 761767670
96 11 692822720
93 20 819513163
3 30 673443502
16 50 874318797
41 68 730582346
70 29 891761876
72 73 642122551
91 28 387284575
7 19 175070725
38 68 311612030
40 31 447734599
14 82 402280767
80 34 642972967
66 44 608384772
87 57 909990334
62 34 523214184
61 62 315609407
97 100 875326968
53 14 944610651
16 32 587450278
41 77 860466784
86 63 896208028
5 60 998416188
58 77 549805495
92 11 929149861
8 100 172564868
13 47 22785324
81 88 995376959
92 2 736383601
62 22 662601541
86 37 194020447
62 75 716164174
51 45 800856752
4 95 126419283
26 21 163829721
15 19 97721743
8 9 260092159
93 49 2521396
65 39 659186468
29 83 926273204
72 58 311310053
27 25 190166193
48 7 555190037
61 32 78401675
43 31 923966996
98 59 654109672
32 7 621362177
63 44 96235733
91 8 89464253
64 96 553583240
82 95 535909713
60 44 770542058
41 33 286464556
86 14 288762401
73 71 209898817
45 73 544680360
93 2 880428615
69 81 746835602
14 83 249771677
63 22 844626441
11 17 790754176
32 31 333827741
26 42 98527693
62 44 606051783
69 22 216606089
88 22 779330949
78 47 70509664
12 100 857003532
99 27 734561151
76 74 174016872
99 9 810902578
26 2 933258307
25 17 272510846
67 32 293497995
52 31 671406780
85 86 595522458
54 42 391667565
80 83 551490442
13 21 666444092
26 98 943603781
92 64 819406958
24 76 496397010
99 4 667629688
15 8 364401812
33 83 674207107
58 80 38965847
2 76 106429797
78 74 596085908
49 83 382808565
80 71 128102788
6 60 62867824
6 33 720763442
96 74 15994894
62 9 70198670
78 11 44024340
85 72 65817556
86 4 901093888
65 28 601136690
83 89 772800068
40 46 935768778
66 34 290473020
28 31 758744544
49 60 238001272
12 57 272756371
78 32 880953640
58 95 61891485
80 98 123238522
22 17 632819315
24 22 585929425
14 9 954897381
55 45 810904389
35 75 620295380
19 95 156524714
10 23 724220825
10 21 311404535
24 77 924872375
55 82 664236806
85 46 795013427
46 56 248739161
3 92 100841252
21 63 506719139
32 79 203714150
16 7 6005484
40 64 274325790
72 41 793582089
98 7 967876457
10 15 711896778
57 17 341934782
38 79 202534876
76 22 888160968
71 84 903149345
16 73 606554536
40 74 816225897
28 35 539927599
43 34 603778622
1 59 712570092
94 77 712028134
26 7 745183850
58 61 98593793
97 11 825373879
43 73 913105653
60 76 359840125
27 32 663753391
38 44 116008900
70 92 715115107
85 96 491620618
69 50 899901316
99 65 83861551
98 89 910252427
11 44 326129801
6 4 624894989
24 8 776726924
72 98 402834968
23 84 568155798
12 34 438356658
40 36 436429504
40 84 586238127
13 16 788016595
37 95 832734237
26 60 650016812
6 30 543403513
78 35 959886155
41 53 282637460
69 100 185747121
23 8 65621158
68 57 549671685
69 34 908732851
37 62 875384893
1 12 993097862
86 92 814458923
91 40 868757600
43 20 285892644
23 79 168063490
38 80 436384624
70 20 861600094
60 84 939720236
58 74 932947830
80 44 130057558
85 10 900599629
40 45 308875281
90 35 974118391
3 46 180930854
38 95 336442208
98 19 641432849
64 35 462410663
65 38 858287377
31 84 617538946
18 61 834247621
86 25 121069253
13 98 816196910
39 35 642212438
1 14 217573295
83 75 432795369
24 25 85004433
81 63 897952151
85 87 622576481
73 80 117956211
86 21 482033137
40 34 5374021
30 35 686111007
79 57 855275416
49 42 270918381
58 81 781650226
97 34 108873261
7 76 496674272
39 84 547549547
1 51 954205149
6 34 877689863
82 89 45133331
38 64 840248301
81 84 830112683
4 28 609123122
49 52 712562260
2 84 692247515
18 37 481559012
69 35 318307647
54 51 709461504
29 66 888727752
3 82 221229286
13 48 671217682
11 88 298833909
72 32 799924039
80 25 341322917
59 84 349017629
49 71 107387196
47 25 829164564
29 9 197854549
54 15 324582058
11 84 603523572
68 25 664138677
6 91 468802258
12 81 264445212
72 28 50190511
30 76 911417907
70 24 132827660
65 64 614129740
29 36 29353660
47 48 118803650
98 76 899741281
6 35 481458514
87 71 676638014
65 35 411568943
33 2 919935658
45 60 327070893
18 27 922837063
85 37 246455590
61 88 829876122
61 46 452956656
86 95 633906495
79 75 763544723
65 11 683986410
40 80 730844169
36 71 548503477
99 20 109101098
61 69 268248801
30 75 876394091
97 64 416932920
40 62 330382701
81 19 811554635
99 95 531272230
15 2 60909042
65 36 241444003
55 57 638389409
40 60 791897689
47 30 795640856
13 77 421591923
86 29 724792561
29 81 716186466
71 76 29213564
87 7 411255586
29 14 724714342
54 30 751828377
5 38 307071110
52 73 323906814
26 12 799964110
29 64 3865368
15 44 475697797
29 30 835133775
97 61 173639833
82 71 926530011
19 74 784121826
30 98 769387050
18 29 912514512
32 9 179604017
15 61 414843320
43 66 148331412
40 48 823512827
66 30 935686339
12 50 825471865
52 25 403597404
70 21 658022335
85 61 458490898
90 96 448528737
99 12 838902347
54 33 347400758
8 19 173995328
79 71 981407678
50 60 436765058
66 87 454794665
9 63 492881512
22 74 738380859
91 17 949466829
72 71 122337348
12 16 247125155
21 20 607788115
30 46 921088271
51 20 79923029
49 47 42169530
13 25 158072439
61 84 90257478
39 55 556562458
90 22 612353241
90 4 561481352
77 34 337023024
26 39 555592961
29 79 23360027
20 74 641822372
86 60 557408194
92 4 400285680
49 53 278636260
18 13 138558983
43 60 11798886
53 60 492807208
38 34 750447497
4 77 286809536
13 46 440989861
2 57 322720296
77 20 486593920
98 22 887396542
42 22 857408789
69 63 59547398
87 74 96642524
36 88 546208011
61 66 824865812
4 88 759237764
36 7 987548147
12 83 77569556
27 28 92878028
32 56 924062294
2 9 111934235
86 1 21120277
29 63 845340677
36 73 143086614
43 41 936612905
88 100 443398971
30 88 96159797
45 88 958885821
23 95 570233523
14 33 54909622
58 88 604337342
13 80 886063207
26 37 887384229
15 16 598014891
51 90 50537227
96 100 723048551
67 77 214686833
18 32 696990569
49 56 801564573
58 11 604908164
43 19 602914362
94 19 485074284
6 63 550349017
61 56 281253464
66 20 356193000
64 25 353165663
49 35 565650990
41 9 356512229
1 69 761672015
42 27 817340597
58 15 786068805
27 14 201100180
40 53 958016460
64 14 498462866
67 39 67723300
53 57 786173612
77 62 994027863
20 19 469330539
20 95 638715325
45 62 665785412
96 46 766452825
72 14 726530443
30 73 413202021
8 71 660992863
97 79 594961294
90 61 121068230
46 35 183183360
51 28 631489374
4 25 821609247
93 81 571463397
51 63 871856798
6 88 922766431
1 96 456381963
12 60 225961690
30 50 947107084
41 48 765239498
4 89 398510014
85 31 903221752
45 100 159842451
6 96 507390251
65 68 353626090
29 100 552604095
8 33 531629023
54 59 159672985
67 21 450026857
98 81 378620175
77 63 222371048
16 81 231543670
18 97 877790066
86 30 251718457
72 87 471338872
64 63 471025740
91 4 232213614
86 70 951944232
86 84 134157226
70 75 385676308
65 92 365667048
99 46 157525301
94 46 623935388
21 57 287704048
54 46 296713735
41 34 186819425
41 21 87367588
8 75 110711841
97 21 689512823
73 81 163491289
23 43 213595892
66 19 830115600
91 43 809524866
12 52 984806873
54 27 389804503
75 74 526221286
16 100 337393640
41 81 854409617
15 21 105163526
5 43 182314671
45 98 603278195
4 20 415268634
51 8 972624056
19 76 128918531
78 61 70720103
64 2 43475108
11 74 222095515
86 48 434154084
29 57 823691058
72 59 671377068
70 42 854122585
1 4 976815485
82 100 997267528
9 34 438864491
72 92 240387404
70 45 7721651
29 60 891478290
4 75 51350380
70 78 311316788
78 64 132636539
93 57 391058790
45 11 565470204
24 75 368383262
18 62 643937525
43 64 456092449
50 9 366570076
46 76 169471844
1 75 424023034
66 82 767388642
26 30 955581584
43 57 588481476
58 82 900884649
28 32 506874317
54 16 749593231
10 34 965846962
81 56 560366323
36 61 298546082
26 31 311211137
38 98 252444586
41 32 794107345
77 22 100692095
58 44 73266572
66 14 795571320
93 73 208132448
90 14 365679171
39 8 860125654
13 12 524515092
6 83 225862454
49 2 980188753
43 47 741723717
64 100 189980498
36 66 457503140
66 41 235308009
6 82 657687166
24 9 666871498
42 74 350261601
14 52 175678385
86 78 544019294
99 31 344880511
42 14 272116446
88 25 405351549
86 31 376695663
32 63 325021428
6 40 125075190
53 84 605823304
99 79 960197689
96 94 30197728
35 59 459383459
86 28 196600117
90 66 629511280
70 11 161417459
40 56 918702598
26 22 364616981
94 82 402893882
27 79 937982469
49 32 727392376
85 60 218191970
97 62 225793976
26 11 130161064
99 76 503197200
48 46 696483348
65 2 66922289
4 2 725011204
13 69 40233387
5 37 831943190
45 76 489625827
54 57 186199402
51 17 814079733
52 34 896474319
6 12 171063196
91 71 684686672
78 44 120703712
72 79 332130232
72 77 567772392
72 5 178869215
53 46 651009920
65 32 652168436
5 55 485784777
28 9 509115095
70 74 784475243
86 52 180371455
65 21 417365301
10 25 431866644
39 73 139753191
8 50 650684844
37 61 130563669
99 56 168706648
90 36 998147147
1 27 851506897
87 19 9359292
30 60 130206001
62 95 279465651
78 90 796571332
31 100 208871823
60 81 652346369
42 44 522499595
86 69 756789392
30 33 387630802
14 35 691713936
55 21 120270279
43 61 119915952
23 30 212692127
5 4 150873265
4 45 414185815
65 81 764881656
48 17 985012593
5 9 885353629
49 16 999506916
1 37 17505107
64 4 275043849
15 52 722336051
87 59 173152021
49 100 205007623
3 98 802281038
3 75 983866892
79 81 976470517
38 30 26147225
49 95 938561110
65 75 626681640
55 63 267940974
36 8 739116612
73 46 313741032
82 59 441648960
6 64 108690777
78 79 342727249
54 64 904088746
1 55 443030316
47 75 34533589
12 4 613157212
98 46 767324956
60 9 773258427
69 45 364521240
18 38 719735281
38 60 709413032
5 79 101899193
53 62 544563713
30 7 978987884
61 74 96036864
66 53 809986919
6 57 563785045
77 60 808103221
35 74 205120089
46 63 581741335
13 19 848381794
4 68 881964708
29 37 154302549
66 81 373612127
9 76 551691371
13 55 855603661
14 48 333091399
93 12 99075174
56 100 288370992
1 7 467648579
60 33 134658793
14 79 611156180
85 79 574222875
35 17 907031667
92 80 232239621
50 74 268046414
14 59 77134168
91 51 194762119
72 13 565128452
4 34 883464721
65 9 413804973
51 74 406536697
1 68 497113529
55 59 660756572
64 74 465688162
27 30 606893263
5 41 419869222
26 81 692323286
94 33 988303490
54 55 703354060
21 62 685411427
10 38 285023260
96 55 477501113
12 27 583454765
92 19 683221174
30 48 899867159
34 84 189114659
92 32 593358367
24 56 222572848
55 89 340013187
30 83 547179580
65 37 314274687
28 57 733431457
97 25 192623482
92 15 938689752
11 56 330923647
27 71 616137854
51 33 970196122
79 98 86428029
21 46 310078296
93 64 100918771
47 76 40086769
38 73 953852556
72 18 410025249
5 46 712286982
86 51 648250458
75 56 694768973
73 57 825303450
47 74 349310157
78 38 347798171
98 75 249787546
97 27 880644354
52 74 62205596
12 76 756021360
5 33 923804518
13 57 968247381
64 16 605038816
27 34 101424565
54 14 345732059
51 40 946157451
30 32 43147402
4 21 456177485
14 2 52472004
69 59 839484960
55 83 126639780
85 32 160661690
85 30 943063135
5 94 156334250
32 48 407341569
58 14 320946532
28 73 30846173
25 100 146066500
40 55 767790343
14 80 281939935
58 75 397431609
61 98 773606451
69 7 211139612
99 97 515473164
15 46 789612068
1 29 43321915
29 44 348093544
10 73 686330724
70 90 899550830
90 59 997860289
15 79 728823544
91 68 943563734
43 33 944798513
30 2 211387810
49 57 741024699
35 7 397354061
3 39 710542977
49 27 419987932
67 65 176922789
36 14 329492912
55 84 569426692
38 15 932870572
18 14 974391676
94 31 674134269
21 34 909845021
97 65 559513160
90 31 279903706
49 38 467333469
24 59 30919282
91 35 837243215
80 100 44478873
20 84 831516967
8 44 705627917
9 56 926088750
27 3 106096524
92 59 264429351
21 25 54207319
65 100 69157638
72 99 7968934
45 50 768385821
90 64 494438001
86 75 132131483
49 80 649487149
98 35 853758881
16 31 997867712
86 10 897349362
40 2 736085802
70 7 100385808
40 22 943838421
96 47 720260026
7 59 579394792
15 77 980410527
86 67 826499246
13 32 735842543
33 74 796135215
25 56 835920944
31 2 190202862
90 56 641692604
64 17 464331408
93 63 957754433
38 48 442122894
90 19 646848391
82 22 906875316
51 62 418772591
23 57 106251906
9 84 865187414
65 16 765900873
23 46 174165799
12 98 583557125
21 73 232654789
6 56 922575805
25 71 315937820
80 9 599636331
14 63 864841653
43 89 702648810
19 84 648867836
58 34 440951763
73 35 743425126
15 9 510950085
78 56 134186108
58 41 656918784
31 98 896187557
40 19 264331989
60 35 130287524
71 89 217463494
41 59 428268796
16 14 791263214
93 43 640439101
54 52 769615875
29 4 914599670
29 22 701916924
60 46 877067015
14 25 693107178
40 68 957080116
61 34 941229684
85 22 970823040
3 22 571415667
48 76 263120603
25 22 542907747
24 53 204274774
87 94 49534417
36 22 534656561
94 68 223211319
51 27 444910015
54 35 924668300
87 52 296769239
12 90 945622359
54 49 370892586
12 47 187479352
39 79 712630726
67 25 74511553
21 45 309597956
90 21 566782016
55 48 828124947
16 68 174782251
15 74 259997115
53 80 409651434
6 49 113265895
91 31 344694016
27 8 238992345
23 59 677861848
18 53 620307564
18 16 989952221
9 71 611495207
62 7 934763970
37 30 792364463
51 81 121006272
24 88 988970547
68 73 706484780
43 48 108704688
29 53 961074726
67 7 248443696
21 60 76504709
70 47 754914782
26 28 776685967
42 55 732626374
14 84 82529513
79 95 848781022
80 59 504311507
29 59 249358970
91 94 994185126
51 53 309493380
4 7 652228587
14 45 317641518
34 25 433695395
14 98 360255013
99 16 589343827
78 89 19793131
6 77 717870243
65 80 781907499
27 60 365167496
6 95 145863870
86 94 326485497
4 76 710064608
70 98 368375997
70 68 784720829
67 1 35439817
72 46 348459771
15 81 250778410
23 98 862322976
99 35 835125511
78 39 829041541
3 95 439974333
13 66 386236762
16 45 787701049
67 47 258105822
45 56 246868439
42 77 894043287
93 58 311864472
66 52 336493774
94 57 287969299
24 15 299560761
61 50 862982267
12 63 737529160
41 62 538325245
18 9 646611328
18 4 500536782
47 7 814189003
65 69 302870543
18 73 663112833
47 11 486988667
36 46 660154956
91 41 907588070
15 41 607035509
37 69 398272559
16 76 716694108
1 80 221111718
18 100 796028031
18 89 443916046
59 89 678601291
97 84 787889463
18 30 440199762
28 17 711012103
40 59 981258867
73 74 966458091
90 95 751047344
91 33 997047366
99 14 225099899
85 41 936890220
10 74 472367659
37 15 239472445
6 81 279265941
70 50 44354641
24 73 802700041
31 59 551351344
65 58 236455358
37 46 426883401
99 33 729729013
99 61 858117063
23 39 503055527
47 80 618186519
62 98 93150161
60 7 411302248
42 8 694914319
90 28 853902243
5 96 968504206
80 84 836654016
38 33 430966255
21 44 144997995
13 96 682571028
40 73 540919399
6 26 339429338
16 19 368774530
6 47 893618159
51 3 687255629
51 14 397919125
72 7 755051155
72 16 19298752
43 83 422998732
78 75 861626520
37 44 27862329
28 25 702938603
77 59 350065095
5 83 789891769
27 9 233427207
6 28 319739754
87 73 116842797
87 25 988556463
38 9 173560567
23 92 814650992
10 28 142688150
99 22 35468175
86 79 37547458
20 75 999306744
22 44 34897540
72 43 616575754
70 25 551654338
85 44 503656335
92 84 961157787
72 11 656927075
30 100 273463353
21 14 644004547
53 76 531144560
84 44 7656861
74 17 626439212
68 2 386010056
10 87 519351594
39 77 821697037
38 96 244989236
2 19 346817574
64 75 639521187
4 56 454038224
73 11 362374355
15 87 722048696
25 76 148491064
55 19 547923118
40 71 741903296
87 82 916913420
24 11 938293124
78 88 559981554
54 61 470596291
45 9 682228472
13 20 416041060
66 50 807642837
3 50 481395781
26 27 756964642
87 22 992103600
86 73 461108321
4 83 119308841
91 29 946791414
12 64 897915172
1 32 661631731
86 26 868855608
41 88 358570191
13 51 732144199
21 74 871047041
97 43 137862262
26 34 983617162
10 77 840765599
93 30 507720634
72 17 17078958
96 2 741430702
93 42 580753164
3 41 20313052
10 57 799412052
20 11 558380690
18 20 968040772
68 48 161865044
12 31 110832278
45 31 475631323
6 76 582669483
27 17 695323659
97 75 848212612
26 77 419465747
39 95 269702278
42 61 634848517
40 20 133576494
32 84 577939133
66 31 237719317
95 74 258146108
94 32 748202785
27 75 876559403
99 43 138383177
36 62 450681820
26 55 459423784
93 98 854468816
37 25 642208589
26 91 808109744
94 89 884818985
68 76 438809522
62 88 599235376
24 66 926069088
34 74 4986071
16 82 387621913
51 2 29569075
93 62 403335394
64 60 756129772
26 100 423280132
1 21 69410034
91 78 129480297
97 71 633227987
34 63 874204757
29 21 414193235
8 2 392931571
62 17 710126847
6 93 80054924
15 62 211234188
10 40 790799200
43 35 214310455
67 80 1399265
77 73 69557173
85 39 999202707
13 45 264625009
58 68 224827119
6 13 301871192
18 11 207030938
87 62 916598265
27 100 28325960
49 1 978045295
97 90 386790076
6 48 734436021
51 38 197647637
97 44 1103128
11 57 262926345
77 31 799573855
87 20 608716609
47 35 951268481
15 50 609955232
51 56 715986968
27 21 361050090
100 84 246140405
91 9 18482493
8 17 490457113
29 52 123523843
65 46 704549353
5 50 414387456
49 44 172721667
5 62 552914473
13 15 90668508
22 59 8658696
10 1 539880137
10 2 368962586
38 82 484498607
65 55 442945516
49 48 428268335
23 49 570602842
79 20 714532906
70 4 601705178
71 100 248581430
41 80 510765306
46 89 601823377
53 68 305848872
49 66 694823165
72 53 180041353
6 20 434336418
13 3 483551675
78 9 199637989
98 34 160142256
48 100 629578325
10 96 566143673
10 67 83006377
90 92 628777825
48 88 273555261
58 62 691272962
29 31 329442754
36 15 368708224
30 44 705493662
18 98 642244486
24 41 189356229
12 94 671816881
86 64 18996602
42 100 97716945
97 8 233252337
61 21 852546133
43 45 779049461
47 100 562616465
3 28 324370503
72 95 225331876
40 79 377711303
36 48 53726675
75 22 654138731
67 98 742866683
6 31 623021817
79 19 40520496
23 61 912953419
62 35 880337957
92 53 540903381
32 95 413134784
3 8 117224635
6 17 512600846
5 76 836394717
34 100 866592709
82 46 210492540
51 98 470456108
82 19 987530986
5 98 700302559
92 39 179815740
1 25 236645416
29 95 537543640
87 100 441120263
86 42 897795680
41 31 861517678
49 62 558520906
62 71 867298875
32 34 288091750
6 78 373151802
64 98 148606539
46 75 633962733
42 3 918813789
20 98 583575437
50 75 84856192
42 88 451346517
15 80 435297996
91 67 436281052
70 38 446705094
72 3 801183172
26 67 899434789
62 59 578899341
36 32 620305843
24 10 28245042
10 18 354014100
82 11 489331854
23 90 782001550
90 94 187388519
91 66 663924336
93 74 976687107
18 3 380493696
58 92 843269198
91 58 984830645
8 98 197903192
72 20 451974686
70 84 87846742
97 78 975668975
17 84 216767113
93 94 317421843
41 79 838110384
55 62 415605565
41 46 202965801
15 22 753022880
54 89 753967133
48 57 559911993
28 98 2597563
97 98 629791705
18 74 634049951
52 88 179298139
13 33 402724164
18 43 919341478
58 28 12491599
70 73 836676531
49 50 594403246
90 9 59012949
67 8 324001485
58 43 849063516
38 53 771404805
37 63 159234512
77 2 713307377
43 9 87566766
85 73 713496761
26 50 582159337
23 14 324692815
4 62 401292423
10 54 742568635
30 9 150175144
18 65 999281641
5 65 558839221
41 52 304800490
99 36 505899517
4 63 949787084
85 7 562512999
37 19 58700632
93 41 532068960
88 59 503653257
52 11 566564802
72 35 373461217
29 68 925389264
1 79 902781558
11 34 900324752
49 88 916231614
94 63 390402561
10 37 303876465
91 47 203782381
2 71 684786371
78 94 466824543
20 25 171343909
79 80 107676703
64 21 219905760
93 40 327670995
40 28 644221944
90 16 669711429
72 78 740062098
27 66 961052734
96 34 281288439
41 11 733744455
55 16 290568139
91 19 225622606
99 74 920757410
42 36 899666159
25 89 233665831
13 90 670705697
54 50 576605459
32 19 723973886
24 39 17675922
3 25 316236764
20 7 193232417
31 22 965254305
45 82 238835931
62 11 101041648
26 33 380218379
66 94 194710072
28 100 270340723
53 71 297645427
51 32 191636455
18 60 102881118
5 88 929891203
47 88 909112681
36 77 347592154
29 12 606964375
6 97 582392276
43 62 61435400
16 25 932009915
18 87 367817472
72 91 344022334
45 71 499027860
23 32 268043541
14 71 730792058
86 45 377046669
47 45 856890320
86 9 603768087
50 11 644340800
24 1 738410
70 1 929467506
24 30 354976654
4 44 204102119
45 20 555609978
72 37 464220907
10 60 496428488
13 75 741873100
14 100 21244609
8 56 637119803
5 59 856567714
40 17 898252823
47 53 180952280
46 17 50517816
3 35 704717068
8 81 322619265
93 76 980089306
13 52 739776221
82 20 639262022
16 98 898144448
67 3 732391792
50 57 958911626
