100 4950 81
36 102 139 142 147 169 170 181 236 272 329 364 382 402 442 443 456 492 531 554 591 591 609 629 732 807 843 860 925 942 953 990 995 179301 183927 225463 281255 351867 352270 407615 432115 439149 443708 446252 458852 459915 471475 478053 498314 513677 568386 667526 670854 709849 720995 723642 762319 782589 861714 916027 920995 923445 948823 963886 970750 979446 20602788 26216022 108027596 133174248 150700157 222777993 230576010 241405724 255665876 304826412 316847729 354243845 374276068 376697108 380276893 389690779 490225973 519159764 543135362 560618840 563778484 569621880 586921828 588552022 679103789 727523635 782773370 821191460 844714555 926188760 930709506 935438789 988468634
22 87 770161901
89 24 166434218
30 64 801453621
7 94 2307535
74 68 507540538
31 12 961835400
15 68 876447736
100 20 609536500
81 65 540848839
6 85 797255392
47 46 965119964
91 4 754183149
5 52 646319211
76 49 222060626
82 43 538666216
49 75 94514778
35 44 92554427
89 48 622209746
26 74 197888221
15 24 250420173
90 52 725519983
36 52 324527526
70 69 183912040
44 96 48195846
37 61 927795416
54 29 255408077
100 31 97799542
85 29 961454799
84 41 141398153
60 77 78506820
50 95 512499900
70 41 445763913
23 12 631676869
91 80 985556963
51 91 337086386
97 61 238634007
35 48 541629468
76 15 64096108
100 35 520205698
1 26 740540974
71 25 627109035
52 68 609489187
71 60 175679788
55 47 826440972
1 20 767317293
12 48 988858042
36 76 438303534
1 2 143836901
77 92 928574123
17 20 495499226
53 28 431203175
6 78 972928440
10 87 273134284
88 56 868511326
41 80 975377455
34 27 893655387
85 58 876376564
66 53 733570222
42 21 933680757
15 9 442411677
11 80 656617844
78 20 807123567
51 89 797046272
98 45 289567114
51 95 448149907
88 25 566202590
78 28 333773629
47 28 806305410
85 67 322404415
5 14 685837458
56 28 433724993
81 67 411442896
16 89 830294359
61 50 175092806
17 52 819329293
89 80 853906708
65 12 660721698
54 73 448943290
78 65 51487183
5 25 39092788
71 37 416251667
16 87 117890142
57 38 49213951
98 80 145432122
60 73 953920883
97 3 835266863
30 2 315234888
49 65 778528709
47 87 397505565
84 24 302298129
88 64 114740108
10 67 818226335
50 14 113800516
83 13 493017356
9 72 880179261
88 19 175989801
21 7 672167124
54 77 530037202
11 56 931145255
89 95 131959274
42 37 627216979
30 54 302608591
89 38 212132137
89 72 323899980
10 17 425748394
78 64 568393076
64 4 138744498
11 60 717724215
48 96 192319869
30 14 371673766
43 46 963224913
3 86 10966570
37 56 838653236
30 28 894170647
44 14 587338445
87 12 505738166
100 46 768027029
49 30 965701340
12 64 833285973
39 27 720979485
73 68 585283883
4 67 632939027
65 87 812316725
78 88 934618172
16 64 372631657
6 14 838785057
1 100 627223436
59 28 254136688
83 84 520159178
96 62 924734052
43 100 703365854
36 21 74299099
99 74 707983800
16 75 730129633
7 86 917189667
22 52 51890205
57 14 381569256
11 64 94663337
100 67 337885708
50 69 576711783
24 86 335037931
59 33 549600752
33 29 770648765
34 5 939236502
56 19 632103042
84 58 187643905
15 41 616663925
98 4 302980564
71 46 474677615
43 96 449288615
77 86 714116161
81 43 463397627
18 44 81373260
10 61 369601685
59 60 200613823
97 12 814399175
42 8 917945237
91 14 859476416
59 87 806012099
73 74 939846668
43 85 836581411
11 22 832187857
39 18 162717880
56 80 731162720
18 62 974876435
33 56 289918156
3 65 309039044
42 32 536655706
40 41 171293740
39 72 630027252
22 79 136233523
90 28 566096370
97 77 386869889
82 17 85087903
47 9 33744357
40 80 908111123
21 56 550593953
53 58 599051926
66 96 828437337
54 84 279345697
42 48 320734531
37 45 337701499
29 12 953457772
78 96 942955517
89 20 455357148
42 45 101058125
43 3 9943215
100 92 355246340
57 92 285671960
97 48 70271500
81 99 934606069
89 79 246403710
91 56 680762738
1 13 847563706
76 100 226682658
55 33 112880955
70 2 494798450
27 4 618656174
1 21 842423470
23 86 2762705
78 99 974265076
55 57 328213721
100 64 269734380
50 12 325973310
29 95 455910564
81 55 358090764
97 29 879909557
93 67 746638842
59 48 334436527
83 89 727129615
84 80 946097881
89 63 894565678
22 26 630214835
12 19 116658898
10 35 729094635
51 45 265637131
60 38 361968088
33 79 79671471
21 92 406109405
60 89 426845866
84 92 233310261
57 53 69353916
51 17 706138215
11 45 395414177
36 93 259886977
53 48 992782447
66 10 698505148
72 45 601788996
66 92 536014388
78 56 928967089
52 12 822803881
29 74 57409444
66 100 776978070
40 24 555827959
66 8 882163455
76 46 293580630
39 48 633326820
1 53 947344160
5 8 137746832
11 79 280870482
97 32 874294937
47 71 861155001
15 65 634687578
43 2 362022383
22 100 642884088
87 44 677385355
10 37 164026658
100 44 639390440
63 72 220539060
50 63 420358577
16 20 561835825
34 22 818954434
16 24 61496190
61 58 752611898
10 78 907506045
35 29 623781024
55 27 360629190
6 29 189438185
30 15 937921062
64 67 708787590
2 19 38249567
57 26 111760270
34 96 80596227
51 92 309580486
16 76 282238743
30 29 832592792
58 63 868022658
23 61 517595959
56 63 64932078
60 78 59176772
40 15 510207815
90 4 207698319
11 3 514697031
70 68 241385169
69 58 978782735
20 92 105237505
1 96 733953609
33 2 259551724
9 79 669914729
47 31 585438073
24 79 838112968
65 75 534812938
16 96 376783504
13 44 33730316
90 26 564886373
17 5 487844111
66 93 832849246
98 39 982823142
90 3 503132409
87 94 720370267
42 44 272536553
73 86 922317515
54 37 663236647
46 68 150822023
22 77 884408974
63 24 237090854
39 4 594597618
78 21 601743200
34 30 251470075
61 64 319449537
51 65 106162578
6 8 733537403
55 83 67109895
90 27 807940845
98 8 352224845
18 91 715791488
60 20 710983803
87 48 901632224
100 8 326466518
35 21 751583599
30 31 990272597
50 73 516655706
99 19 385832747
57 9 670500681
26 52 432140185
35 96 693609099
52 67 294620188
66 24 791718853
100 7 943378121
84 86 899419652
17 35 143796643
1 89 526710695
57 93 317391902
10 95 257571073
65 9 259153619
40 89 175567500
61 75 293686510
55 77 540936303
89 91 887975129
69 8 194681721
36 95 374113650
1 82 928819042
87 27 72684183
33 28 636624473
30 4 578972517
98 86 326866310
8 45 265408436
26 24 577866077
3 24 101674964
58 93 331664893
95 86 216117518
30 58 86974458
15 91 838335221
34 43 838666248
53 39 904887485
81 46 781188521
57 28 228957381
98 2 471432261
10 32 78574517
91 25 715098650
51 7 841205088
65 77 599342272
49 85 271225411
97 91 953585113
34 48 347356151
61 13 800867531
47 14 755199203
14 75 648457358
78 63 849409399
89 33 3501275
84 48 182295542
18 9 194228449
10 38 659194428
53 86 198745298
88 39 527154835
49 79 767121736
8 41 901102337
22 25 190980327
57 58 148903458
45 94 577866303
1 61 543520189
11 77 615210474
48 80 432823227
25 94 365845537
61 72 301775179
27 96 529976608
76 30 217747003
82 69 571779833
42 90 777880031
87 72 785118185
41 77 600989873
17 29 179965015
85 8 170744770
46 21 227039902
60 61 937847026
44 4 446769382
61 96 334765597
12 75 613742036
57 4 276163620
51 82 476231648
33 3 311622240
38 58 422840814
52 61 625986546
47 33 516770905
33 91 714169908
69 96 170301726
9 44 400125470
84 77 887582908
43 86 509579077
51 32 168697041
30 46 28859809
98 58 92262269
33 58 394853123
11 65 104117228
30 45 184111219
98 88 643911986
54 80 369769786
90 96 249338762
12 79 795854129
71 87 524647196
91 9 711362759
35 92 68113917
89 69 641588780
100 96 933342775
59 100 887029456
23 71 680084470
76 45 558805559
89 44 283486195
70 32 228694746
69 99 763146309
63 86 872374141
69 77 179270188
76 72 925520980
54 99 545823438
64 24 397115004
52 29 613172431
6 83 53396916
17 61 388221663
90 85 826839442
87 91 595904824
90 92 554022976
81 66 746388947
11 62 5221360
89 13 376276326
39 21 289725133
15 45 609776273
34 46 864561693
6 93 301460942
59 58 679897756
37 7 376459263
61 77 305215941
58 72 994343022
81 39 509021573
69 24 911186766
90 50 985313622
69 28 572877020
36 98 454546023
87 74 536354052
42 19 70774949
10 100 562038200
59 29 365851003
40 13 272665447
29 20 923338377
97 86 478039224
98 24 146198225
10 82 979400253
53 4 908655578
41 2 864601947
47 83 493103945
3 8 888773328
48 9 682639824
66 70 460364195
20 7 125732081
92 75 615662307
54 88 940518717
55 62 626418848
49 44 303563291
17 53 187075970
84 94 308133786
100 45 467809361
84 14 71124631
22 4 892230060
97 68 721723280
56 74 614591767
11 83 397524812
11 86 620771514
66 88 241111634
40 10 775346295
43 48 794948568
22 53 937840639
82 74 145883803
97 2 102597108
81 12 324914710
6 7 554243797
18 72 453475329
83 17 331652588
60 27 877407695
55 87 772970094
38 62 501585006
98 25 852433491
47 60 895461722
37 69 31740604
59 91 650926387
3 100 390804200
48 4 769756948
81 40 410506077
51 94 829732720
65 62 853868630
23 49 804143730
97 26 357305902
66 68 404350390
5 99 970246165
97 82 59381094
51 8 891274100
55 98 684203740
47 18 647416395
33 19 761495937
52 13 454517176
17 32 993029110
6 44 610513098
25 75 586797894
78 74 336549827
30 27 653824537
34 41 77811133
1 72 187653934
78 12 375489269
70 91 179842753
40 51 75215262
53 2 695802513
13 80 270280764
27 92 382538250
65 53 643769785
70 63 334167368
90 86 737536257
70 67 923061614
60 70 432066004
2 92 686017232
89 74 304031358
71 99 828490011
98 65 883031024
90 35 24136506
33 31 310815608
4 19 400796409
15 52 894963308
16 86 536791574
87 75 931288486
84 68 212301602
97 65 858384449
29 91 126797154
55 52 933996949
55 86 377110225
100 21 192387650
51 96 783532576
97 63 697792496
45 62 332928894
12 14 153415446
81 42 79731072
59 97 542475978
21 4 742244511
89 19 611181517
15 69 713020690
53 91 825427781
94 67 807335278
54 95 218314833
38 24 64444940
59 44 417229585
42 75 295623533
53 64 59488016
38 96 686413572
20 79 900819806
60 91 936893216
93 79 782085415
40 92 558733116
16 21 546008605
22 8 287059876
11 96 16096046
60 2 358720659
85 19 550913206
57 30 40787982
66 4 704312288
69 14 440884577
34 60 27407626
20 94 550192950
5 53 367676674
74 63 65535321
52 8 861514884
59 10 603511019
48 79 114537480
87 24 873957960
8 18 354375921
34 2 896158189
47 77 823182795
22 17 149956088
17 96 462323636
36 89 286870184
89 3 642343324
13 21 564301918
36 5 601270888
17 68 305548149
36 68 499587770
6 64 404801740
34 72 959359598
98 62 791448069
85 48 865409620
98 13 653207701
57 37 641187929
69 35 627471007
87 19 267339375
6 4 202902428
80 7 96554601
5 39 175809930
100 79 84392597
1 91 576299150
49 83 929421303
48 20 190441015
97 45 728356351
71 94 231981929
60 96 761843941
50 4 191415627
90 7 420875225
85 4 738185500
85 44 244440083
47 8 869684578
77 80 354233315
54 69 838767670
60 12 464457293
3 13 891342713
36 90 248091970
54 75 879557571
97 70 743261723
22 46 788484870
12 67 661302663
90 43 662423862
40 63 124427196
1 56 158481335
48 41 615757632
5 45 486547138
89 27 746501871
49 38 175713606
52 28 73833614
43 80 792804707
36 31 293180606
3 75 9821765
100 29 521998469
55 42 551598206
36 19 851371485
81 14 689429848
63 94 203457234
23 98 412157340
17 24 261069606
18 45 970257946
66 76 729044751
55 30 249886161
55 26 6805953
70 85 824339493
43 14 969652142
22 54 163062188
91 44 850939275
30 69 180683924
41 4 191216235
98 26 228343272
49 64 232740069
59 46 363839037
77 7 784330051
44 68 483101491
97 64 385649599
58 99 544326967
6 27 394774282
37 18 865789846
23 58 799674547
30 94 82301172
38 61 93967852
23 73 164789566
12 62 537607833
95 62 116351665
11 26 225934175
52 94 799304352
66 46 528299503
37 95 768737858
38 8 65924624
54 68 391737139
36 47 736587950
49 84 471836003
2 7 869638015
76 64 356525640
33 48 136892107
98 87 176470813
71 29 559442742
70 39 783489639
56 45 733133021
76 14 953256847
5 35 317626255
14 68 663533717
47 23 195073889
40 88 410399619
44 67 546987043
54 64 850261502
85 9 693815434
37 75 99856334
99 67 386438514
89 56 924514963
10 14 225339514
60 53 725438908
97 92 198734792
66 45 734234935
29 8 426246102
46 28 279041634
61 93 454251309
89 68 468402221
49 24 104484426
31 92 374373589
50 72 737980819
83 53 743950148
7 93 535118056
32 3 697665755
38 44 888949117
47 54 144196381
74 80 403599742
11 6 681307082
1 29 632345401
23 9 908508113
18 25 476728811
26 32 119540174
23 6 313287765
51 84 249455937
42 97 643676634
71 49 788942176
36 92 613926615
89 58 294600908
82 65 953272524
8 12 724605036
58 68 219437823
42 14 204583148
5 18 454984279
97 25 819707456
15 92 630523587
39 20 851545303
2 72 576605118
45 14 250726744
49 9 584679680
43 65 250001801
97 17 97566805
6 25 444509047
84 20 247813368
13 79 793655658
64 27 963199694
50 7 373676830
77 4 432723511
60 65 143090722
8 92 178889557
73 29 247296865
4 86 165897582
42 27 422930488
98 63 157924316
59 47 483239383
90 8 718092366
52 86 563390724
97 13 323497900
73 14 486219952
65 95 427154352
59 54 944128518
81 84 913765975
33 67 362833618
41 79 388185775
6 79 43645709
3 18 553865546
95 27 59068121
46 41 956772656
17 7 749083608
81 96 930588843
40 5 521347081
57 68 17168663
82 61 259765453
71 90 3978400
42 30 889763716
53 95 440700573
10 68 944677602
6 9 22274431
16 100 853800937
36 58 447892126
16 4 110969302
65 94 918947109
83 75 876878076
10 29 220689678
59 32 691998005
82 54 674976586
43 37 573052268
42 34 101775795
34 51 834464355
31 99 139539315
54 52 727295513
35 95 447936036
30 8 715006235
1 74 878307810
41 63 455251831
100 94 86652256
3 45 970356228
32 77 618069549
78 9 559646954
59 26 146103972
32 35 137963973
59 40 528439049
1 62 386368566
49 39 712311182
15 32 374487328
6 32 717145286
43 8 194262496
71 9 600944960
71 33 836421755
15 87 911733046
38 39 58341361
21 41 77865848
3 61 137046624
42 72 920745396
82 46 755106298
40 21 938626105
87 41 316437410
51 35 425413622
89 31 904483169
39 64 736707617
30 17 644941493
71 38 746916433
6 96 274853164
28 72 149660326
13 74 640866127
98 76 551865353
6 70 265954596
53 9 352325409
59 19 555812019
15 12 612566002
72 75 554338985
52 27 280622968
90 13 521916178
36 46 328974103
1 73 160959238
7 24 542908676
50 80 149909325
70 24 764696923
38 17 57640296
1 85 140210127
38 5 200289984
59 78 435579669
49 19 610438781
77 62 865248526
47 48 764516656
17 73 281173054
84 28 948540041
98 67 623154093
60 84 66968785
66 97 400162948
34 77 964213722
3 56 441034948
84 62 891978408
33 96 184930459
47 22 245135646
40 61 994281809
17 3 748162253
36 4 287067361
22 60 407553904
27 86 22332633
54 94 186718072
36 85 646005697
55 25 430955046
61 95 121051804
54 92 245753683
55 53 935546705
41 7 985470591
23 46 434010620
64 94 764778532
88 18 618124360
77 67 320644870
32 48 529483574
53 29 882061916
6 60 154164516
47 80 989749612
22 2 130680087
16 17 202385003
65 7 11783092
60 26 333455134
21 75 131675181
98 28 622883457
40 53 366387776
85 95 92851730
46 93 604805972
60 64 355678546
13 92 741234970
56 25 292205773
51 4 788918857
32 73 519411746
26 56 770896235
57 13 700409081
53 99 926895340
25 62 124234117
37 13 197542694
98 89 9113909
52 73 990990370
83 61 191647421
78 79 170945804
46 58 960200778
2 68 453755250
77 95 274941896
66 40 142043261
90 63 788988824
39 2 775497328
61 27 193064263
66 29 326466194
36 23 993325887
49 46 823165759
88 58 293915286
78 92 527939292
37 86 333890993
66 38 607411366
17 33 218267294
30 87 782607441
41 28 363509292
1 28 575578101
33 20 960731111
15 20 733263441
18 41 106487816
6 5 958339569
52 62 781142328
73 94 675591955
66 72 556566741
10 96 723653271
70 56 77743371
59 1 278487797
67 75 294039925
33 62 764072350
69 19 181161866
8 58 849036447
58 2 45187018
51 3 887009367
52 50 138881610
73 67 400397254
60 9 214538905
16 48 465059622
81 94 437097814
45 19 695624851
54 21 65774883
70 87 923345409
81 95 799221662
90 74 56238024
61 46 83242205
59 34 133911671
89 75 498951542
60 29 139870719
15 56 634502011
34 68 235125237
23 40 427777927
89 54 241826685
94 75 946432103
44 27 21506600
48 25 764902686
94 68 968640057
5 94 35817197
6 94 191388038
45 4 887234993
1 45 872598367
59 89 316669216
25 14 972551024
23 44 420223455
41 24 280813845
49 27 219323774
30 5 162517504
76 88 634019069
53 96 585585787
60 32 509387287
49 68 177336148
59 74 756779141
29 45 721522063
82 73 266252490
8 27 549682079
42 18 101443887
11 89 618422137
66 54 540752685
48 19 906002042
52 39 858075937
82 7 755473973
3 29 944433405
57 63 385738543
26 92 759281919
81 48 633582473
56 27 507769277
42 46 268208345
90 45 48491138
83 93 744539897
43 9 157201972
98 56 962512878
32 68 60285328
30 37 293857702
99 63 218603800
26 15 946021421
61 20 806086040
2 25 264449595
73 91 784832451
63 45 534869165
11 23 192578396
50 2 632702765
39 91 407946726
76 67 23758618
74 67 743547476
43 69 502335053
63 62 389896818
98 17 583488827
20 14 157365576
65 24 237632726
50 41 588170789
38 25 511315110
81 70 881867146
22 12 64500805
37 12 852504378
11 72 452642374
70 92 298830692
55 8 233243449
31 18 218759290
71 79 979246323
61 45 999696418
6 62 733365449
43 7 903921696
25 96 682938430
97 19 364159972
66 5 443362969
1 10 157746486
23 76 55982114
42 77 383586458
30 75 979211151
81 30 292905201
45 25 639593195
49 15 423298006
58 4 629067548
38 37 929656786
98 78 458718058
84 31 8421601
21 14 87846270
54 14 406821699
6 73 846541894
11 35 874817623
83 29 530098306
82 58 600061960
70 25 684168329
70 20 126945895
88 75 171512526
98 3 325849679
84 19 458740291
90 32 29935413
53 87 485208873
46 62 577710314
47 40 920824752
98 53 96251667
60 99 721481506
44 80 830683872
52 95 852363521
8 79 263629807
57 71 66347066
33 8 394160294
76 83 923657417
80 79 513077636
49 67 590852689
12 96 888914636
15 33 319940468
41 44 665039409
28 96 82015600
76 41 116449866
39 94 226069388
51 68 638071008
24 96 799246280
31 63 605336516
59 38 580365796
81 53 759110557
61 2 55244522
28 14 45414829
47 82 338329721
47 29 803761987
91 20 585071655
3 80 26734250
51 37 680785291
68 86 876900863
4 75 409889722
69 56 37377618
85 50 463969828
43 56 958609366
6 72 519552332
59 61 331204101
82 13 606472804
38 88 800745681
83 25 833849009
90 68 209659593
54 78 672053760
98 12 966453093
17 88 486565185
97 18 733909189
5 28 131284491
26 87 201339533
10 56 308550555
3 41 175090732
50 68 32382203
51 14 115016313
63 95 546494468
89 93 433012159
6 90 340511056
78 39 357480544
81 100 757540640
40 22 372165919
52 9 155980733
47 24 109501115
98 69 796195555
40 77 628734206
55 51 726264424
14 67 967634794
51 61 117069428
26 79 544345400
43 25 218100597
51 60 108201068
73 62 579858880
38 56 289279622
38 78 14700941
64 99 606916067
10 13 435298997
3 74 862880335
32 4 713316044
21 99 403795198
81 73 470442140
23 35 917547857
40 12 837913684
49 69 564859906
34 18 680511979
54 39 873306042
3 93 375019625
61 29 575803449
43 94 209863385
22 85 362644816
26 50 394638958
11 54 133058478
32 86 303728059
43 44 905170848
70 64 162528385
98 57 851602234
43 52 856449838
32 93 290419471
82 52 849987712
61 94 690974263
63 96 358263719
50 13 720951653
38 27 168500797
22 74 13631896
49 92 212007772
2 94 120422338
33 63 126610460
51 78 597087784
43 87 165004262
59 95 27906044
13 56 463093133
18 92 405525811
1 46 779326585
90 53 221728386
69 95 232146054
36 17 992510802
55 94 917898746
3 95 441106563
71 27 561345417
76 2 347231706
40 8 246940642
84 79 759197265
55 66 506879563
51 5 588955969
82 44 941531648
51 29 532945118
57 39 195412994
71 82 854901603
38 3 139796177
8 95 68795040
56 79 427613157
74 19 473265897
71 62 998714461
51 85 608824234
36 26 202911891
40 43 323176150
57 50 789457782
14 19 809848965
51 70 326752263
98 48 39939333
5 80 259905542
59 86 24571878
85 87 574270853
53 12 626424523
5 85 171396781
40 65 824652519
36 49 89593299
85 68 737925010
59 93 655465533
26 4 948360210
82 67 693056098
50 20 761346324
33 69 838679733
74 92 822363410
65 72 499298548
83 19 163248992
6 41 473284528
11 76 271265348
89 85 395210499
78 3 462332571
71 12 661105368
59 24 965132325
84 27 135373174
37 48 1071463
37 35 329619376
40 35 692568006
33 74 405465143
17 77 454377916
88 20 758269679
78 67 742603914
87 68 504591699
57 75 774250135
23 25 505653996
66 64 264310860
84 4 54234470
73 35 835471743
29 25 743528333
66 69 63974419
58 94 48935594
15 58 305228445
68 92 958122838
69 62 171164081
83 46 310401403
47 10 539303751
76 80 650552514
78 13 784327035
39 93 306819823
66 32 564611928
8 14 732666191
11 57 621690612
98 85 33594014
16 85 655680148
58 7 608682765
59 99 489236702
29 67 441495236
47 25 963986579
84 72 864792321
30 78 549270877
93 86 288935690
54 48 77830342
89 99 696303700
17 18 919137194
54 79 45352058
77 27 228690711
74 86 142719021
1 3 570558109
73 96 332032307
49 80 417771640
31 20 667898694
49 52 749081941
23 68 462108095
60 8 116540937
32 29 333308539
84 99 179817909
51 48 285067326
26 37 681427719
73 2 126337048
39 67 709949068
46 75 72902402
49 99 815330307
34 53 117871115
6 33 634832202
33 27 767444154
60 92 213258058
55 88 502260086
22 31 696686200
81 41 98466182
98 100 761479939
34 89 488161945
83 92 312174915
65 88 695262268
53 27 923100355
59 14 249560664
22 5 725304634
91 63 981922327
44 20 616951506
73 77 882176757
73 75 252664312
26 68 753333778
66 35 439478541
97 100 40492679
15 31 779158882
98 51 463338496
98 41 536512036
23 17 830253230
57 8 466608655
23 62 442680763
81 93 458999636
66 15 125948771
50 44 831075770
98 10 449878412
70 8 206879892
31 25 793030027
88 13 698396361
1 69 497908778
16 94 681079102
81 56 599941451
16 41 558754550
77 75 163206830
16 62 564140294
33 72 774609334
57 91 495580023
66 80 31241726
5 87 297249376
98 93 640803064
89 21 754021099
70 50 624632029
23 18 685237080
42 85 492728336
5 64 588340694
70 33 155548179
58 77 589711596
36 64 582294941
87 64 606344640
65 69 386619423
32 72 44863110
29 64 337882299
46 24 998538101
49 3 348206149
84 29 213642341
65 19 282450053
6 39 392283687
71 61 351024947
31 69 847484098
54 31 312635070
25 67 318593971
85 53 35412168
2 14 979560804
6 84 234863102
10 80 902529625
84 46 380428941
55 29 222433738
23 43 550419545
9 68 860310536
92 86 831436677
21 45 241323417
37 91 639948940
23 32 189350285
43 53 759138395
66 21 669876914
58 79 954807100
55 43 235727881
42 10 223671172
41 95 508812136
55 23 562835782
34 58 599924799
30 91 130260274
88 87 764933847
81 91 184015011
36 33 315190078
47 94 626735659
69 4 820940324
88 85 149991506
43 18 365289738
8 94 295383743
15 67 417980982
80 94 762855625
71 70 955171211
36 50 285433562
11 94 736452687
42 82 784605636
83 32 84774438
54 12 811033200
74 14 618714669
1 15 195785974
81 38 798668049
69 21 908894494
71 3 893434481
16 80 484563072
98 82 933367397
58 62 116461619
90 75 181321973
100 41 279640831
16 95 476753574
18 75 161965393
39 12 612751084
76 4 906393130
2 63 770242168
90 87 251258653
90 38 367100690
55 38 64066582
59 68 517732242
6 18 255047037
8 86 560168248
3 4 399545092
88 48 537496342
10 4 12691934
42 22 328655850
97 24 253860475
47 44 459832477
33 68 287437067
87 80 11255101
16 83 931675865
42 100 531861669
65 50 763275546
59 73 758780014
52 77 375363412
33 9 979608069
69 73 28760103
86 79 366564711
81 97 100967458
59 17 921631522
34 79 58171597
83 48 138757339
36 94 653312338
73 99 778175124
32 2 206617131
65 86 817880346
16 27 879847227
55 18 628944298
51 43 948477283
5 65 368414970
81 74 8243274
26 73 955226607
90 84 272314434
35 91 830681120
10 24 647851455
71 68 97469483
73 93 540835561
10 79 794744146
11 18 988358037
97 5 191994698
8 63 120864762
55 22 191582058
40 46 935942249
53 13 486673750
49 77 445970891
11 50 3226223
55 99 142129439
2 80 596183900
36 44 785557580
32 8 333344318
97 44 10298746
56 68 12177127
10 50 869783639
32 7 502802073
77 93 903399638
48 68 945857045
1 48 603092766
42 52 335100906
49 53 211912887
81 90 418475755
21 96 53364705
38 21 940676789
81 83 280027505
16 6 721601315
89 62 161581702
28 80 568718560
48 62 141843090
50 58 582862069
33 84 903489090
21 63 434022712
9 62 822853989
59 88 720316708
97 21 283351513
85 45 476568359
99 92 861448706
68 96 17309768
34 71 464524739
53 21 417440763
74 72 600598488
83 20 519712663
47 74 749532700
43 74 144828266
36 80 732510944
37 100 95193116
17 62 868265121
55 80 268356067
69 80 192750554
66 6 106048101
70 73 677428591
16 74 707295810
18 2 244401998
11 2 130744082
24 67 861512968
82 93 157223735
61 41 996660115
54 41 929356233
32 53 558747669
98 16 565378011
11 29 10885586
34 44 34081569
57 15 676809675
13 58 773413037
22 48 347037290
11 74 887188603
60 13 932838599
26 21 422212757
87 21 646034811
87 67 862386771
38 92 683102737
90 31 994207805
31 62 771332850
78 45 918773467
85 31 182694589
50 39 9616818
60 37 40490183
11 55 280561630
60 83 631698225
30 100 973880675
36 62 759123623
57 5 75203919
89 39 333706564
41 72 938719742
69 94 318027889
98 33 288730139
83 68 294340083
3 77 671622436
49 94 437773656
78 100 332322121
26 100 879450046
59 69 603997678
33 65 501703660
34 84 94443456
85 56 472190833
22 58 605098226
64 62 998417193
16 39 498892179
36 12 10769483
31 91 426603585
99 68 254070561
90 17 932609592
55 69 863664450
6 77 987517761
66 26 612659488
3 99 198091009
30 79 289057514
76 68 812220877
1 24 695975031
18 7 576875336
24 14 960322508
82 24 623398717
23 37 517702471
6 1 362501079
76 87 448543060
23 24 32081624
37 27 650384874
93 19 261156444
13 75 838508812
51 26 284264559
48 74 864743366
88 50 579558939
91 94 934511439
49 88 938233664
92 67 383836361
51 6 393609360
89 87 155753548
38 67 196207558
45 27 485547765
1 14 617342559
17 44 84930704
18 74 290174924
68 4 965913298
100 14 697641250
5 31 814179608
34 6 179048826
71 77 446566788
22 95 504206767
57 41 603577274
11 36 263852673
98 99 577089232
24 92 977917808
13 28 581380917
88 69 316553868
57 87 406814554
36 67 683960536
40 25 113231703
34 82 860239814
9 92 902411289
73 80 300491147
3 53 711149700
97 60 953761212
59 98 828344011
37 25 903382574
17 58 291111285
77 79 605501313
33 73 440664177
26 44 367138827
49 32 866423826
60 15 705232668
3 48 313649464
66 17 499187379
46 91 912783292
34 49 985809491
42 58 993724313
29 79 589421986
53 72 531148216
57 99 840089240
51 75 175297030
84 8 754113239
33 95 136781298
59 57 862527335
47 20 302769232
81 87 967279773
70 21 214767913
86 19 402427557
30 92 61603290
23 92 86428631
30 96 769263633
12 28 119872970
81 72 630936771
40 82 140918671
30 26 964147496
50 87 289338432
36 65 679570944
5 62 967261763
35 77 178927269
15 14 255713451
78 95 595795815
40 17 600270720
39 58 938425618
18 56 573150818
46 25 120968408
2 74 226370016
55 91 733209695
42 26 990709057
50 75 170560784
16 7 882282534
66 34 644788272
15 37 86249178
36 87 136399344
49 72 125170567
37 9 44280897
48 99 680068756
47 12 212261135
16 69 546822753
71 14 800761171
53 35 25743963
47 58 122330648
29 46 90165900
42 43 122681782
76 10 405690312
96 67 734781854
71 100 91089184
31 28 983538314
18 20 347245723
8 64 270356382
11 38 616545318
70 44 339235729
22 97 602851435
37 8 432032606
64 72 366711310
22 80 389384507
46 92 32794865
83 3 967162040
10 60 966325075
98 22 572377917
74 95 787164767
40 29 709297627
82 63 94653398
10 63 785954045
30 61 340212590
70 19 702416912
88 28 386927322
30 80 668118197
90 24 646112224
16 34 979348070
35 9 973449722
1 37 224784678
70 28 478587429
59 85 447173027
76 31 341387268
35 4 372790889
97 99 8076107
11 46 484722357
31 72 912720712
100 25 82256088
78 77 461079608
44 92 951009035
83 27 644358581
84 2 148749655
27 14 578336845
76 44 249847783
36 39 136396567
70 5 11110440
83 67 768638452
16 90 693293628
66 94 857993991
77 45 786570006
18 4 788647142
24 94 469211247
15 94 871494094
66 98 938319019
61 85 874154208
87 62 320237196
100 56 46340093
84 13 468421087
85 75 729395278
34 29 112922238
83 87 704166413
26 18 922042519
36 43 97297576
100 27 437957306
9 77 605136018
30 13 264272633
90 91 207955191
100 9 21870067
30 24 819421145
70 9 664325443
35 24 849685788
71 91 353149510
16 78 947938675
59 62 209399250
33 18 155437916
34 70 841757865
97 31 182259759
71 8 933594034
57 56 859061141
16 56 797866717
70 72 424673282
82 96 919282992
83 14 16972485
58 56 824213204
46 74 416472259
3 27 580487979
33 41 653784473
59 30 500845940
56 4 656168258
17 84 976725019
32 28 71437682
59 27 127171397
88 99 679127291
81 34 762182303
74 28 510230530
76 32 856139555
22 44 232613505
17 99 623170356
66 31 690840836
59 37 600333971
1 94 947249068
70 62 169272819
32 100 832573521
50 99 985316754
81 21 903754479
39 99 878809397
8 48 985821475
60 54 868199362
73 79 802820946
63 92 308613584
25 95 520309557
97 80 606598312
42 5 801859047
61 86 786317084
59 70 268580774
42 13 658184549
81 2 650168364
69 18 20016076
76 60 28637646
5 73 526757138
56 7 537886935
23 38 829676645
31 56 686404461
91 72 401003929
74 4 737063427
25 79 760773012
43 73 305559723
5 41 626091386
1 63 339857463
16 99 221004176
100 2 822186224
90 89 215429155
76 56 596106983
89 9 50018597
57 100 761797166
60 35 993725525
5 84 858742107
52 93 60727682
23 3 800260593
30 52 710282498
70 99 164313382
36 63 839375722
39 92 328800136
37 67 845156046
8 24 189514466
45 86 749369523
6 87 451435876
8 68 171326526
47 5 708694358
97 8 287802671
17 91 800185642
15 85 745133896
48 24 34492011
1 43 3942595
54 33 852476813
36 71 270788729
65 18 548671579
37 39 322222154
46 44 359085519
98 73 739801180
50 24 3387370
32 19 246199587
50 8 12708651
51 24 590872201
70 93 466191691
59 25 290787131
47 68 823362271
52 24 480593694
32 65 64622818
77 19 890528683
49 63 972981230
69 7 278771139
100 48 967659830
47 13 632436826
86 67 760586049
44 74 712907588
41 96 508223560
39 24 428915765
65 48 351201349
90 9 167140868
40 28 700146341
64 96 374779074
5 9 771024430
6 52 371396697
66 61 69290667
61 80 740707141
60 52 355912977
5 77 639096007
88 2 354192689
34 52 430012640
41 56 897402045
87 96 401336071
32 5 44034151
26 93 844926800
85 14 574539654
70 15 673592369
30 89 729222045
31 13 596755832
47 98 367353955
66 28 527997358
37 21 82418000
13 95 94024044
69 2 601994858
47 78 925780435
40 72 303837959
38 32 935242187
22 20 165676206
20 75 134142044
69 45 576720188
78 37 105054773
34 74 137013234
26 96 604278361
70 38 437417787
46 77 113553072
15 5 99522808
22 91 127442385
28 27 732102350
88 8 956709796
5 61 765556397
37 20 608295449
50 45 491218104
37 14 72290269
34 1 511896708
3 84 252678825
71 95 410402769
42 28 235535574
88 79 610557824
66 25 28093037
47 7 870588940
1 25 385985829
9 93 10165956
61 35 663478828
39 62 152367496
38 41 693877840
76 92 22692744
88 35 498021800
83 38 565452534
5 68 13565526
56 99 194642718
26 46 683580609
52 7 898340472
13 73 68402614
54 72 342929290
64 93 12485848
39 56 465125367
91 74 991820775
16 49 370924769
13 69 772253514
82 88 616362481
38 74 440601519
33 37 779681000
73 8 841647805
6 50 343272020
21 86 198506187
76 77 533105329
87 92 163908846
57 73 785038571
22 30 92463592
88 77 994614934
10 9 399640647
84 18 591119341
2 62 730182829
29 2 721576248
40 84 691909575
63 14 782326796
3 92 675182537
40 62 567205698
51 77 593987625
11 27 10424300
15 44 374157367
59 67 219321141
30 73 315818009
57 74 933378444
55 89 283540812
47 93 514836273
55 79 311417969
6 75 284903844
35 67 9719275
15 19 99824989
13 68 720665153
51 54 480303249
90 78 358592441
60 21 731047620
23 82 927866234
52 4 599595622
47 95 598738641
89 86 613721062
26 33 673589000
49 5 230803329
65 39 209722921
16 9 192136223
69 20 222218758
84 63 584427258
5 27 108999592
100 73 696470449
9 64 397355910
69 44 856279095
3 69 150436136
13 62 384092250
28 4 408422791
70 27 376881544
83 69 879399068
84 75 257796425
33 4 665778611
43 31 625741987
85 91 100110184
39 41 765303770
38 85 35396214
80 14 50656307
26 69 709318442
10 75 661767062
7 14 325423670
44 75 543697282
93 75 223896327
23 94 303126023
16 38 492550324
11 4 574129864
65 44 713749021
54 56 663728428
83 24 269014047
60 30 15820974
56 72 867033815
81 15 608829556
65 4 502006333
65 2 351938847
70 94 926478470
97 10 243565955
44 94 539042640
36 54 42781527
32 62 11298953
11 25 612441585
34 33 963244097
97 58 261312269
91 93 710410207
81 27 192860134
91 79 9036577
26 43 960599506
83 99 530586023
77 28 306937285
20 28 913948847
46 96 110049177
22 65 61239105
34 7 702767723
2 95 122205184
69 27 590498315
90 2 924392918
29 94 632835219
37 74 5439330
65 27 31831370
40 57 178258860
90 37 470257170
81 50 585240675
48 56 87937622
57 43 632146778
82 28 518571549
41 67 327604219
30 32 730615426
88 62 354445680
73 25 652904543
38 18 774385018
64 19 671619454
26 2 802987191
98 38 254929179
33 99 422473832
42 73 206705100
80 19 979144520
66 52 823551551
45 24 697248261
52 88 855371340
57 46 392154883
78 48 886337236
97 1 67107546
51 73 81005653
51 80 690125955
29 75 841025206
77 24 55421630
82 91 493015687
51 76 377861738
100 72 218422994
87 58 957270849
89 45 573335450
41 99 323599609
66 60 86775318
66 23 106655814
53 62 183116232
66 83 692371707
47 1 267820962
38 28 395481949
20 62 693646884
6 65 72187707
89 5 127429865
35 28 628261978
80 96 480135172
60 79 125243552
81 49 61259758
61 62 918783791
45 79 58456961
81 37 385762436
90 30 410825573
53 73 460580721
10 12 169449024
98 14 749350793
16 13 860912017
11 69 451061792
49 13 762882383
38 15 627151107
32 75 48037097
56 96 892091473
13 14 98017362
59 53 396384701
83 4 413747820
36 48 675101569
16 71 308362802
5 24 504626410
15 48 518125960
80 27 616896582
31 87 937380893
33 100 663973956
65 74 475748902
85 93 892406776
26 45 625236737
31 67 486038749
59 65 946210078
10 58 815103011
47 97 146232294
30 95 644376601
42 50 210184662
51 38 752132335
71 7 861789178
97 15 57043321
57 31 782311174
83 18 884898056
78 19 779323086
48 44 958390944
11 59 775316370
8 77 657644551
70 18 191538955
42 62 810031692
16 97 850365477
22 14 977906624
49 26 442190122
34 90 20896043
33 39 66153198
85 72 714666789
100 91 604792533
70 7 876794262
49 12 449093405
91 45 653268139
88 80 571131264
59 39 555298161
59 75 156831107
80 93 872265887
94 93 345290829
11 12 756395549
81 4 805439041
85 92 518605381
1 9 246367778
15 25 666431948
31 41 226413132
72 4 966352660
18 77 464859466
26 29 599754582
92 79 186107989
36 28 425649283
38 54 114489574
29 24 178404799
31 74 153101744
55 60 390015809
17 80 546095049
52 74 615228119
3 20 258296503
11 10 600071128
22 49 809510030
3 58 200787599
21 95 722175163
90 5 918810671
41 19 363906017
49 35 299568940
97 84 118319500
90 39 957007826
31 77 125559970
36 73 324762662
15 79 654148000
41 9 256430663
94 14 688290293
3 5 15867615
16 67 879947150
49 8 721351966
50 9 701811764
23 95 457153044
51 10 434355176
29 92 336565800
13 63 152453145
61 44 170115533
69 93 84072988
20 25 422720341
12 21 217214060
53 93 957213385
42 31 719314941
55 75 963835799
76 95 372559132
42 7 154753795
57 49 348091927
73 21 127709873
97 62 33561733
54 43 664319766
34 83 144384248
58 80 645797149
45 96 93349501
54 28 791740111
71 44 314869727
9 63 144475649
32 87 983043079
87 86 751528957
22 88 101134998
46 48 361465264
76 74 525134055
76 7 193589916
20 95 468903522
85 96 172150636
64 25 861719308
30 84 363520519
10 73 534421895
66 71 425028816
11 95 268538552
57 95 332470446
11 61 730840273
95 92 73683297
90 70 75749582
37 53 787169382
70 88 473566197
83 65 74756904
15 3 750447977
12 2 656436578
91 7 589472229
15 74 767857870
82 38 157358336
11 41 920329439
17 21 636803569
22 50 862661727
23 50 168216025
45 7 872651992
58 27 176312112
36 69 893702008
98 32 844516802
46 20 805919952
43 24 172812094
97 30 595195532
51 93 371232457
77 72 827389543
82 56 651970093
37 31 999844932
89 14 508394885
12 7 290294560
27 75 733041306
81 76 559819847
30 83 821323057
33 12 982347645
83 86 420362054
15 80 229690188
66 89 512017941
78 31 95044034
7 62 812135440
25 68 379205959
97 14 966929516
81 16 609284484
37 64 212700043
30 43 822463278
66 49 81918477
98 60 477212766
99 45 853047916
1 49 779457833
71 28 597890624
37 85 753870709
26 53 78374441
44 77 462243508
32 61 446656049
96 4 151549469
10 53 680512750
83 28 514548582
30 88 122589243
10 41 64087836
26 82 36438206
9 75 922811629
56 92 8798794
34 4 875788153
6 10 940237508
33 25 60197793
52 48 791474419
59 6 795256919
57 60 965736154
69 48 872707078
10 70 591370269
47 84 809561409
41 25 865618377
43 95 939017522
98 90 90896263
10 21 130449536
90 79 424205083
1 77 604895036
69 46 16738777
26 95 426248749
42 53 37537110
1 78 87289537
74 7 890673271
5 72 80198537
52 58 433650992
22 68 449833381
83 21 965280869
66 43 583190949
44 72 743501807
16 40 749992932
65 31 38961009
13 45 728047927
57 29 523988606
53 20 47372858
97 4 521775025
5 20 755755088
31 96 215990535
40 99 68661299
49 87 896703018
37 19 785435183
23 85 861339665
6 95 737043132
50 91 865640009
82 53 323243571
18 93 827339512
55 54 910493730
31 93 35893415
26 72 249303935
57 84 470919346
65 21 589079268
73 72 459854218
18 14 343401585
66 51 761762914
42 68 165451944
58 41 509279621
59 22 632013125
59 12 848860450
89 12 98071969
82 79 26495427
89 100 569963287
76 43 2505016
59 7 439585813
97 78 936337804
81 68 462263602
38 12 654359378
43 5 144581461
21 72 624554873
47 3 769636300
60 75 687226386
10 26 729388405
98 94 550458
15 75 273208082
57 44 988468058
43 72 981237251
89 82 421498629
37 73 167508410
59 96 14430116
95 94 874792203
34 61 242374670
3 44 432483090
55 46 134295547
11 21 478507977
47 19 811312098
71 17 541300266
1 92 75271481
10 91 887924765
74 93 989945678
31 39 446887553
42 1 940015876
21 94 423994071
76 96 679301167
31 45 316900727
71 24 321333044
3 68 594987810
36 88 634581607
86 62 795223231
59 55 976368930
81 69 997047798
16 29 907389908
90 94 834159896
40 2 533556398
89 37 199660380
81 19 656634158
44 79 736588808
90 62 681467823
52 44 39707738
31 64 1704348
23 2 933675885
11 28 367978225
34 95 481574580
82 29 529271991
81 61 87962855
100 69 167718988
40 1 652632016
28 94 543555257
16 65 248000552
88 94 698243417
39 86 585221297
78 4 418169038
15 7 551654217
98 40 15865990
100 12 91959525
83 15 764369613
67 62 327042620
16 93 178052968
98 21 252070128
73 28 780515584
50 53 889086057
76 86 579358469
11 20 299738420
50 19 953461725
8 21 549772579
16 77 32732233
98 95 843304758
30 48 245477133
15 77 869281953
84 39 236596076
60 94 33313362
100 86 20658854
41 27 377446618
29 96 608507701
57 10 1329144
78 62 489418648
71 75 721379082
30 72 610563954
85 39 77459647
100 93 743567851
55 76 270016771
60 86 640672442
14 62 829979441
17 8 786631593
22 13 768956135
26 39 71071473
76 94 753672672
15 43 440642962
46 8 224560459
43 58 264368907
55 82 156877471
88 14 286889983
71 92 47723988
32 27 65649810
44 19 612608674
42 49 912760114
42 9 598992111
71 74 812295723
11 14 786533427
35 99 531369944
88 7 284844706
17 65 809994907
71 13 323061720
81 85 299599911
26 12 991848497
17 46 494948171
25 86 509815389
38 68 182608545
59 90 758614656
83 50 290599772
22 70 79091722
52 14 91690714
68 62 123017981
43 63 168301928
29 58 987650966
26 35 726688939
14 86 629792991
11 32 102163731
13 19 796365443
90 77 776700399
73 56 273035106
59 45 40093332
60 48 935296102
65 61 701114676
23 69 527962107
42 71 95289183
76 91 742423645
71 85 751704729
31 8 763032639
54 58 286200032
18 79 196392083
42 83 2520902
81 77 551834873
11 16 813520121
26 48 926826384
16 1 521824163
76 37 573699686
40 20 885011847
38 94 982553171
54 50 508591213
26 19 953381360
23 19 979470377
66 27 487833950
37 72 691634004
71 83 525099330
22 27 925273813
26 17 949220348
37 92 388177539
22 41 270304234
15 54 844789262
1 33 281442625
38 43 263328696
26 67 524113115
14 96 756365203
30 20 606283975
33 85 653954699
56 75 958800841
35 79 473582069
89 26 841094250
24 75 22804986
78 27 592792775
39 75 352839771
59 71 648530061
91 21 566836369
42 86 133203060
82 86 15562017
66 18 470012028
15 100 25654951
54 62 685261243
54 3 565817661
85 24 118475051
22 43 285921851
59 49 486752704
26 38 385816882
36 16 703220394
41 20 309947381
87 79 584483039
1 64 685158706
11 84 177947591
81 57 204300219
89 32 988332195
71 64 728028584
47 64 636389818
43 92 786278540
83 9 218427924
60 68 898740047
90 15 658780986
30 99 906683111
82 95 781910534
65 68 62707689
57 51 654931850
83 26 164325477
7 4 278792077
79 19 862316427
71 41 650302184
44 99 709498904
82 25 499643279
54 44 630203362
73 48 240591996
51 79 375167990
100 53 799714221
64 95 600102360
98 35 232390040
76 82 312344063
42 41 527777143
83 35 889367167
99 95 777106525
66 7 478290336
78 44 574657052
82 15 250476016
32 12 869059726
36 15 318206302
47 69 637541914
30 62 496767326
42 74 827090504
22 63 745731789
60 24 791341568
8 56 736906006
5 37 284371997
57 48 335919515
97 35 322385200
36 9 4532108
39 28 27593290
6 45 523309928
45 68 786360331
94 62 720114342
32 79 806340220
17 48 518910112
63 28 898330330
73 87 363770032
32 63 878943728
52 18 866222773
84 73 324988113
61 87 324921527
6 17 829997422
89 28 638539635
1 52 746140906
81 82 639870544
38 77 942185588
30 86 875871540
57 79 210489047
10 39 243235960
97 37 118775828
26 8 330738844
38 84 968461340
36 45 475260809
1 12 353739899
73 64 313848481
59 23 464690026
47 6 757157965
13 25 315849458
47 65 458726777
72 96 396976382
51 58 577034253
6 58 875474636
43 75 593685045
90 54 289943031
73 95 796638394
46 72 837076686
8 9 141857435
60 4 834166463
12 44 933649046
78 52 577780832
76 25 368508941
1 84 536819820
29 21 577650595
30 41 510127550
54 61 946513792
34 10 115972211
5 86 266167581
97 85 154117942
36 29 13860696
3 39 864809047
35 20 19727492
54 2 420173236
66 95 367081630
70 79 255610759
47 37 447188088
53 75 722296017
72 7 738209538
10 92 236427767
65 63 769805566
55 12 786647744
12 72 979136423
23 93 718328944
22 72 574108370
98 68 373120188
61 68 177094374
12 94 88736410
83 2 464549399
65 58 684146454
3 67 888803470
78 69 497001538
5 63 726934440
36 30 823730384
52 53 968625166
99 28 780574944
9 24 166545305
14 92 492713037
83 74 2987799
68 75 921574127
61 74 409455723
43 19 227847570
48 67 601919286
42 63 46117958
5 13 478310195
66 13 913770194
85 20 488309737
89 96 724373073
3 19 556712618
11 19 476353791
59 13 358519225
78 53 387320219
81 44 328991593
61 100 649872687
39 87 769143569
50 77 998233754
89 64 895956822
60 33 306757111
89 88 651786835
82 2 56187293
39 68 894056804
82 8 741818254
35 19 68691412
30 38 876695183
57 61 69862632
64 68 860116770
8 99 411875489
48 28 296414333
40 14 845095037
82 50 148217811
17 64 332607938
99 62 646169345
66 50 439586812
11 85 863659647
22 1 958205715
80 62 881421538
37 50 195265717
9 74 769059949
69 75 829972102
84 67 791917279
11 1 139207367
49 48 899046238
100 77 18468884
7 68 468017482
57 85 102486026
60 93 169723015
55 39 3495612
5 12 665618067
66 30 987313235
89 35 596628135
8 67 220745442
59 66 639950752
37 68 520925790
10 69 948054813
63 27 323552654
78 75 929903368
11 43 369130050
55 49 935245365
70 96 27757714
71 1 511835975
90 14 887489564
33 5 624377300
6 22 597686353
36 55 482169739
100 80 971619409
57 34 383067034
99 20 502392200
31 44 605410998
88 91 367858723
57 35 960288080
9 19 393436697
31 58 181051040
65 37 60664074
65 92 96082095
22 84 986653074
23 39 473154191
54 53 975286986
66 91 370765274
46 67 222030033
53 45 953604940
42 93 226289110
100 24 702798636
52 75 888189124
11 68 946789945
89 73 23773105
84 35 526504595
88 27 673942950
13 7 637545851
80 95 653245075
52 20 300777805
76 78 821689204
97 50 288031155
71 67 466930440
88 100 662752562
43 4 788479521
32 80 456266310
42 16 674693580
12 9 991906873
72 67 166542336
40 30 399535211
51 88 117125694
82 92 982346162
18 27 348959763
4 62 817313017
31 19 29085818
48 72 800889147
97 69 616161373
36 97 316141614
5 79 818575061
49 25 928113349
61 9 739624920
32 18 197679432
49 33 632452807
10 94 407437494
55 63 58687764
36 24 516682762
72 68 985594955
43 12 765937537
42 80 653892441
34 28 957460555
33 77 817946179
10 89 963776444
71 30 666747235
65 14 669602587
30 35 424502749
98 15 678582866
54 18 778557698
38 29 144947393
66 19 673334664
97 95 64138182
76 12 243575442
59 76 851770106
40 33 341425897
72 93 294793962
51 2 922234302
67 79 761550953
11 49 705505667
30 25 123891790
16 60 314770814
55 3 105141409
50 100 152218750
83 31 534381944
71 35 824032000
43 67 698862720
47 89 401776930
6 30 391738030
26 94 165735371
52 46 430089168
18 24 307634857
70 95 22119754
66 73 224427734
36 25 806586737
76 97 454340148
37 44 239973055
84 93 310401128
81 63 497063696
71 58 31995162
43 77 238890159
66 85 893407722
82 75 562326967
1 44 58272546
83 82 713446323
23 31 365391802
10 44 574581230
17 4 698384242
57 70 206765285
58 45 765802371
72 19 102013083
89 17 421205559
55 97 987116396
76 19 889500558
11 37 25465819
10 84 818049039
26 61 936458770
55 73 902612037
65 52 754027111
83 7 103365905
33 61 190601931
91 95 901497874
51 83 132008570
23 8 945654267
39 80 621657428
90 56 950232946
98 19 46213190
58 92 421736526
48 14 62333020
32 14 565697761
24 27 774391790
6 49 376906194
33 53 230353916
74 79 833260158
17 50 197509455
66 63 236140888
46 80 110037851
89 53 25023036
48 75 628775455
57 25 468012150
82 14 149279522
82 72 394250485
83 43 24075305
99 7 142589358
20 93 703722492
20 86 39897294
81 11 46844050
78 84 911497720
1 7 578127199
2 67 940328312
76 62 442197896
13 91 392349481
60 62 909500637
47 85 898000698
23 72 453238556
31 95 744614385
47 72 799323298
36 99 823368727
71 32 296658717
16 5 759900976
50 29 912913296
58 14 143405052
91 86 689421388
78 85 258574259
90 100 620969086
89 61 112546173
85 2 238880423
15 73 705267492
16 30 28469003
99 72 638096591
13 94 138817508
16 84 153742472
47 51 147042656
34 85 188996981
55 61 315030925
65 46 412610662
67 19 76749025
21 64 757040259
12 92 489236638
28 25 763433319
83 54 319059015
16 43 598519907
83 80 924616929
39 35 870459372
1 32 565884038
12 95 264112916
34 32 904979143
38 14 226812438
3 88 978137822
28 24 341836623
31 7 58077991
64 45 848432944
69 39 37871625
71 53 279798357
82 80 514460295
43 91 112765515
11 66 715754970
16 3 413283411
58 24 982156942
12 77 427217383
9 96 395771253
50 67 309489282
58 96 6211262
6 43 621043674
72 14 190874753
11 44 757841794
98 49 72020152
83 91 481623068
91 92 503719746
81 20 229727533
55 45 659254759
38 72 964243860
88 67 388832732
99 75 891329631
71 54 559595039
43 62 578328601
60 72 602599069
47 63 48932585
23 64 32608518
64 86 369485860
10 20 797412964
55 1 186012865
6 91 576289233
98 71 147450010
98 37 329051351
29 68 443344302
6 37 537260838
11 48 977837336
90 99 528788500
10 93 415075334
55 90 896562513
76 53 804834934
83 88 333374026
41 14 443375311
76 71 891948144
50 28 45572211
59 2 693766061
87 18 164928579
65 64 403391807
51 21 920443155
91 58 31626075
42 4 868859963
6 26 909467861
100 95 52010783
23 84 505789557
82 21 801497709
32 25 61776922
83 41 829896256
9 27 135585805
16 31 99780472
70 4 455821785
85 74 638129755
20 19 115927294
17 94 756712433
42 57 930599829
98 44 307073810
69 9 734833830
29 72 225801029
49 78 967533993
60 95 173316849
83 79 765618118
48 45 114148264
83 77 471907150
26 99 867464082
87 63 768980911
41 92 653908304
88 31 720641088
54 67 380554516
98 18 907435353
76 1 606327850
81 92 155863012
97 39 494079068
11 58 438489505
31 27 502724197
26 28 368445692
7 96 857795206
45 67 108836063
61 67 421687447
57 64 294110864
18 48 104642516
33 45 626554053
38 64 435452689
76 9 699312250
52 56 376856199
47 42 838203611
32 85 736612007
64 7 998258102
36 82 218701454
32 95 291757416
30 44 879564484
82 20 348937841
11 98 626805389
9 94 418754815
88 12 413652027
36 77 717231916
35 93 21632278
26 41 749077460
5 91 120930906
29 48 205992037
6 76 428929788
26 31 885443283
97 49 195844066
10 31 362030647
85 79 749152099
34 38 718473916
10 3 356503108
48 94 517331506
6 31 543874632
82 4 494423760
43 50 449380250
85 63 142545807
39 96 497332909
97 43 67305943
17 85 626500066
12 74 676743937
35 56 461276504
72 79 414546557
98 31 205071389
30 63 841344805
91 67 589957311
42 67 503048419
52 79 642776424
13 24 569005025
49 93 33742057
85 12 662239714
65 96 86036415
25 19 137012376
85 46 542960494
88 41 787773492
65 56 146350852
53 69 554646628
36 72 321813108
98 97 480250780
81 1 729185538
74 25 390125961
88 53 133895930
28 45 900622417
43 29 864283656
82 5 131548747
6 12 642884313
43 61 155501576
42 89 311680179
34 13 465074870
55 10 295512502
84 7 73873861
48 93 822397165
70 31 769326266
9 99 458701788
47 56 162499665
57 90 783550219
40 94 581818362
81 60 324819329
30 9 188026459
6 13 987039265
8 91 598168769
23 48 190983600
39 44 334813670
42 23 182231835
73 63 325269062
36 66 604880574
43 41 575819534
43 28 703273613
18 21 959542214
81 5 708077253
55 19 496417536
88 46 697745883
16 91 270170711
87 99 125225585
81 8 379215938
85 28 693081380
81 80 306706933
82 99 223867256
32 41 530893662
91 75 947871019
33 46 724520025
66 57 753416078
23 96 58062356
26 91 775196628
63 68 657172343
73 19 503790780
32 88 553435047
37 99 988041470
51 33 900557802
49 100 952060839
78 80 402423919
5 75 229297442
2 27 790263053
30 12 444906995
76 52 442001181
95 79 666826516
34 17 693747766
59 51 985989969
50 92 27757984
35 87 709078884
12 20 696493432
35 86 912658766
29 80 546285598
13 46 251437449
50 35 185525689
47 52 642931542
66 56 3893333
18 58 211960959
46 4 570902127
44 24 599669192
87 14 838920439
11 53 132721523
64 92 277682824
46 18 65673781
38 46 728492737
81 9 790177334
44 7 174289933
16 22 62969182
53 68 501110521
59 21 794852954
90 83 845263571
1 87 941516903
18 94 970712758
76 70 397053338
6 71 391465048
57 2 791576687
36 74 878308647
59 31 942543161
41 86 322213522
5 93 575109032
11 99 834301311
51 52 819754428
32 46 912663707
22 83 70241910
50 21 652983250
34 91 872515512
57 18 869937381
38 52 402759391
6 19 55513613
51 18 418509628
41 62 513369521
49 56 792581591
11 71 942222242
90 82 583481450
54 9 604498796
12 99 997623737
30 77 728256143
10 48 271752660
46 56 926918109
15 53 209519051
71 43 962523647
54 19 871912025
38 50 814890695
35 74 6881551
87 7 646471184
57 19 525610341
32 84 223735839
46 19 951851887
40 100 42754521
65 80 816131183
81 7 272550560
38 69 619333164
23 57 888255221
98 72 726977376
77 68 983800310
11 91 312915722
96 86 396528751
12 24 408899903
2 24 653053698
97 67 887584868
17 74 233803391
40 50 144117396
61 92 548695997
74 20 875033114
5 95 798653050
34 100 53363479
8 72 486176053
92 19 640178544
99 14 286081193
38 45 911032548
11 100 189149536
72 27 328380317
52 31 649286226
60 50 821690013
36 3 980551731
81 28 140421030
42 51 421846962
34 75 622910097
42 40 323768834
55 2 630895108
20 27 893732814
42 38 146986461
22 75 292723644
81 10 42243636
83 94 342419207
70 80 774264990
61 14 683677761
34 69 647758067
47 79 614826566
52 37 708862276
70 26 313479054
56 77 696392035
97 87 874251418
57 22 846970974
24 95 454837204
17 37 398708318
81 98 935894341
17 28 643955356
59 16 481450013
6 15 760287509
2 75 25907147
24 19 210508966
71 19 736943310
57 83 852693723
43 39 736443086
30 53 656431595
39 7 307482814
48 2 810387770
6 48 779268765
1 88 928741089
70 29 824949087
15 96 63029048
47 57 607812588
70 77 609012784
52 92 22540297
42 56 686953965
53 67 435206471
100 74 948420502
23 83 270337154
79 62 521448206
39 45 144414483
1 65 663580757
7 19 598845215
90 10 237102261
89 41 808629331
46 14 121118187
16 63 412754608
23 28 460885695
5 48 699319996
34 14 889964476
17 75 885146626
51 56 79106497
33 24 838094652
21 44 104806879
76 3 727294224
97 38 20282784
40 69 321535065
22 96 745401631
13 18 750698295
71 72 575215640
82 31 24452081
43 88 402542533
78 7 479737833
2 64 204043147
40 85 933031347
57 52 31692381
81 79 548247422
78 2 28899653
42 84 259493385
81 36 946926752
63 67 237735424
2 86 908690934
65 85 875388336
17 13 389621159
98 70 882838892
28 19 404375138
82 77 980502007
15 18 501319338
59 94 610101063
96 93 260139645
26 25 92861272
46 95 8194117
56 24 831016190
42 66 335269616
70 46 644151700
80 45 989966297
69 12 347954480
51 53 688622692
88 68 754140190
15 63 85706000
61 31 641907278
69 86 855123344
39 29 923623513
82 12 561383037
35 80 415529251
46 12 732616123
16 92 893595424
51 13 890442380
61 18 337373510
25 24 984179043
51 44 552046296
30 93 441428461
78 50 500841133
85 69 695999550
90 12 572711070
8 62 22369965
32 20 838599491
16 8 720949037
37 77 848087828
55 67 577462582
17 19 164278324
9 80 858689099
34 15 292347674
47 21 702793830
37 87 672874269
71 63 423002637
85 77 71478076
22 10 568863432
28 7 115687760
42 99 395728095
37 62 500750108
100 18 681443314
97 46 292618281
51 86 456123179
60 69 446066072
50 48 553104082
29 99 926063620
23 78 942523516
9 86 536065815
98 34 315060631
52 45 173016472
83 72 743304609
5 96 62167244
84 37 385586751
55 70 7219275
77 63 300554594
22 39 152388150
11 70 646754789
17 31 612451466
36 42 247802101
38 20 899610835
13 87 906146821
10 62 353998399
87 77 530922733
82 18 19886353
12 56 70361557
78 25 993915817
27 79 757207507
61 8 707596407
89 29 828494680
55 85 73222547
13 8 494291497
17 63 165784430
36 6 887409785
3 87 878675326
64 80 579142371
34 35 130994073
34 39 953885534
1 67 902229245
30 50 959439302
35 41 992127685
73 7 167975694
3 35 953374334
17 79 169276864
29 77 131054920
21 62 176701834
23 27 286573702
10 43 646526935
83 78 531079717
66 75 791440427
70 100 587535076
66 22 279031067
36 79 474754183
1 4 142639009
7 75 978544494
48 27 80753098
40 86 791886338
96 79 239824683
34 93 35795918
13 27 562951189
76 21 937784702
22 82 24593474
23 99 382466902
47 73 771559963
61 24 731474883
38 13 309759160
60 28 290595175
33 93 968003154
72 95 516499449
30 65 133611304
69 79 809423886
36 1 828546189
14 79 713882157
38 9 489222037
60 3 781544731
3 91 923484456
91 68 791104364
53 74 590772696
39 74 530455940
51 20 494386020
70 3 729432911
87 20 334076948
88 37 718490008
42 70 683607750
85 35 897722425
87 25 128641837
61 63 93896053
43 45 638661819
90 95 507879133
22 7 311636629
71 88 61347348
57 12 467445322
77 14 653876568
49 74 733995536
34 9 861679475
22 56 117793316
54 7 649079280
59 18 758124019
61 53 375184472
10 72 742412590
40 95 528672238
52 80 442364641
54 91 930950309
90 29 123334410
65 13 796894892
42 20 427297177
99 93 939569436
33 21 146247468
49 45 278651929
14 4 956155492
96 75 4605222
85 18 747587708
42 15 167478735
16 10 862324752
95 67 347545217
77 96 835505165
47 35 378624295
91 24 131683896
89 50 265354682
57 17 111608315
22 45 847535446
98 7 293648773
45 92 604116887
84 69 318426179
58 44 142249221
88 45 528285821
53 80 639775177
50 56 613474584
100 39 960711990
83 63 96663242
35 58 783997781
22 67 162295968
36 10 868453401
48 86 963574577
26 78 451478370
90 61 346526307
46 94 825045990
52 35 608852387
60 82 488980086
16 72 464268878
34 92 263602539
34 8 472272305
42 98 653705474
90 97 142376073
65 29 616342754
12 45 835675509
6 99 390671652
81 52 416777682
21 68 693597914
56 20 474615937
73 41 601672673
18 95 91269318
49 73 296820730
31 35 713549712
10 86 659828657
97 52 199766286
87 9 217557953
69 92 54169169
36 59 836235732
73 18 437420566
47 61 735183720
59 3 588402081
66 3 983152349
23 22 475403541
55 96 911036795
33 44 141779523
6 68 60514722
52 64 224626472
13 29 48871047
85 27 506842505
79 75 907561546
54 17 337334574
60 63 122377530
53 92 149140508
65 79 803312376
2 20 183959454
59 77 251580011
44 45 659957992
3 14 605972778
22 24 130698594
50 93 278294624
91 77 731669189
44 62 261114050
36 91 397682350
100 68 59992545
76 27 856746201
66 1 517849964
71 26 387884551
54 63 349638886
43 84 177794375
84 52 900553588
53 77 815651688
43 21 576182644
81 45 240540087
42 3 920281501
71 50 77017053
49 29 827544843
54 27 290784209
20 4 136615439
81 75 52218525
97 33 820124556
40 6 316579506
5 92 413562940
26 3 734021235
84 91 910243183
54 13 461145666
22 32 106852659
89 2 710966903
20 68 18019188
37 4 642036039
78 17 195689952
55 17 217064825
40 73 127349291
97 73 949612877
3 50 927304758
13 9 282186094
2 28 981066606
22 64 428339132
22 28 567006640
47 75 980586636
50 96 747567976
11 7 343183034
65 20 862997291
41 68 565876901
53 19 257314020
64 74 434145789
44 63 749460391
50 18 599699384
49 18 511123737
36 14 884728511
81 54 161641333
12 93 79365136
63 93 993927104
29 19 487539228
9 67 474540122
5 67 720069839
28 79 381448665
76 58 433108501
56 62 340976389
28 86 765424053
39 63 179880996
22 93 794340197
76 39 108907387
78 5 558996036
10 15 661057111
35 68 327599981
29 18 255905443
100 19 4851108
37 96 851605804
32 74 763101051
66 41 774054518
65 45 886746951
58 86 318694139
57 32 324346685
69 64 652809957
20 80 681135783
15 50 357229575
71 2 765040790
44 86 280107490
90 20 552323932
10 54 372090481
38 91 174856710
30 85 764500723
21 24 780252409
51 1 433460043
23 63 105261492
32 96 808110892
47 27 469636561
22 29 207828807
78 46 937182308
3 63 200172307
32 99 352634107
98 91 442315441
49 43 985522718
99 4 784433914
53 7 390525831
17 95 424671680
97 27 445390486
11 73 567517224
36 70 234900060
6 24 11816392
55 6 590782768
65 84 330472888
51 97 276389125
57 94 571791205
29 28 297441420
34 80 126196974
84 12 987096833
82 100 323152832
78 29 392020469
5 58 102789608
17 39 716924790
6 69 785649820
49 4 554075441
76 90 222292101
11 93 783263577
54 8 731964210
17 9 809107489
21 20 632510644
16 51 758399527
44 25 389005066
80 92 950974166
49 37 722879936
55 92 100238676
76 8 352717426
76 73 709712176
87 8 627967688
52 85 322671306
49 14 727633547
39 25 787130519
83 85 33665101
81 26 129268375
52 96 742701900
82 68 26867097
46 27 881008923
84 64 682475635
95 4 219304699
17 2 454707768
40 3 848215571
97 72 866674414
23 56 168904966
16 52 998873280
5 44 405449264
16 46 368847870
47 99 812659298
17 87 153951540
12 80 233301985
53 94 92862254
38 19 554841715
80 25 192512830
82 3 555075931
37 93 469603022
50 31 72348858
48 7 329654106
26 77 283277983
31 86 771759341
91 99 746769227
26 75 716456635
70 13 283566808
90 80 78480898
84 96 198651859
84 50 449076684
47 50 376463504
11 51 555011384
11 63 493902
31 94 907859531
3 46 939496664
84 44 29583728
82 33 584615922
94 86 433880399
97 74 523831276
42 2 732601086
8 44 124073514
81 86 847294752
46 79 500866573
37 46 909372292
32 31 656714240
66 78 800045214
98 29 602280291
35 72 327924448
32 37 13390492
47 100 152266614
33 88 516506638
59 83 57762258
66 74 819987190
59 5 654063102
37 29 389043124
89 52 354967695
54 35 252300281
22 61 657012631
38 99 611452584
99 94 199825172
36 96 614404876
70 61 61942252
59 72 248359971
33 52 588069408
60 43 37732440
39 9 119021291
55 48 211218283
53 31 605549568
97 54 94230915
6 20 563975592
40 44 823674327
11 90 654098335
23 16 428703056
89 7 323589779
88 61 784124906
95 96 563618917
11 42 631460918
59 84 935335195
8 80 789917273
78 86 951564756
17 100 238306072
6 28 797947099
36 51 769848315
22 94 496990931
7 92 14317207
89 92 529518189
97 94 203344043
40 4 558350129
11 39 685639292
40 45 946446750
13 2 112060913
16 45 142306564
25 92 322994607
61 69 27928666
58 48 28285950
83 58 708414396
65 99 869388612
64 75 726216114
37 80 869911567
22 33 880609016
70 78 258264291
1 86 816098354
68 93 355521178
22 73 502558541
50 94 427424712
53 41 373081022
47 62 368963126
54 45 985028759
22 86 666922128
10 2 219902992
47 32 843102070
26 54 292747289
55 14 499719673
72 86 292892482
76 48 738705837
18 99 194339216
99 27 428760654
51 49 102694486
55 37 387091392
71 45 815219908
38 63 953565812
65 25 423412831
25 4 323723162
88 86 531266390
40 60 748503700
49 31 494781186
98 1 669132933
32 45 398029036
16 2 887936476
88 44 905801703
98 61 989856059
55 5 485809657
55 28 170573524
53 56 729047671
69 29 211964034
55 65 335737283
22 90 428094982
35 75 569732855
87 93 708138205
54 100 788627180
43 32 222563036
43 13 638347980
76 85 81674459
16 82 566326288
34 31 285009580
34 37 135687290
44 93 472833942
71 21 6635694
19 75 385480513
54 5 909622691
33 14 229420277
99 80 895395710
52 63 78168016
54 4 563707445
6 21 619979037
26 88 268529059
80 67 647879983
23 13 678857268
63 4 345211319
55 68 97218510
40 27 960680593
53 24 952097230
30 19 141259468
80 86 850875973
33 13 197505291
58 67 525761613
90 49 289264306
52 41 307337917
15 39 956745487
15 46 550608799
99 25 208054532
97 41 543389521
52 2 182807942
77 25 85353362
95 68 16753899
3 9 492240772
1 60 550531107
40 9 72812893
57 89 50966326
70 45 432313916
64 56 140611359
21 67 499254713
88 9 352586034
40 58 451723311
89 78 20956980
34 76 742093853
61 7 897307333
1 58 537968131
90 93 527491345
13 12 473379290
55 72 283928955
78 91 538660276
17 25 584235230
30 67 299949114
47 90 314751519
60 45 34540237
31 73 639097403
44 56 736751284
70 75 469766628
11 9 692877968
40 78 795211859
16 44 699506918
85 41 201670561
23 75 801418898
26 85 969234258
90 58 699282794
40 93 455204330
32 33 519738024
40 56 310446433
23 80 258214038
17 72 733833363
55 100 581495529
40 34 367045879
84 61 425119064
6 56 416316208
98 96 604747335
8 20 304022390
47 41 285150866
8 93 311506641
22 78 269309854
34 65 431669644
42 78 893748842
71 84 164013211
83 95 710167799
38 7 319703912
64 14 82570052
98 54 639364037
66 16 434282967
32 21 510041361
7 67 352296112
60 67 809201175
60 41 653807983
40 48 100943332
98 79 335332685
47 53 875221563
32 39 601977718
96 19 293517135
34 87 648816227
58 20 167333608
36 2 605382048
48 77 314733503
40 97 141836240
51 28 321022583
81 58 697751020
5 88 648355831
6 54 860516394
98 50 424951017
37 94 471428066
14 93 504013103
62 75 872326099
98 43 952521435
99 96 107048283
74 24 155943178
49 96 380802652
11 33 306131760
82 64 821588770
99 79 700423421
54 87 73585402
47 91 7699195
46 7 419853917
72 24 159172104
27 62 237541573
10 33 651937274
42 76 715348448
89 46 88143892
3 21 936212121
38 93 883762691
81 51 216976375
36 83 747657893
76 26 639731893
16 14 165271897
83 64 501346632
51 12 466881778
87 29 91877219
72 92 974755196
32 9 453503814
10 8 141168191
59 15 391748337
23 33 547774466
59 56 894040538
55 13 72733580
61 91 14039214
76 20 304232249
52 91 288703247
66 84 561890797
89 4 605243229
72 62 499603672
15 88 342902347
29 93 603362541
80 75 169603214
71 69 656513044
65 91 282422449
51 46 27442606
30 39 240213308
1 68 474707532
81 71 834980236
58 75 62314850
98 9 855544905
49 54 669165997
88 63 81790079
12 86 888585606
81 88 895865192
59 92 942830167
47 15 685073413
1 30 770371822
26 84 710194612
53 14 509870732
62 19 608150572
5 19 570810320
38 33 300867998
36 32 5397172
57 97 672950450
66 86 393427615
13 72 733813616
70 54 38265401
85 99 546729710
91 48 111315549
76 54 462128036
16 12 296724174
38 87 733011542
87 2 168938857
59 80 981540002
98 75 282918546
64 28 860185818
71 73 600225071
85 7 130772912
78 32 738388025
36 57 900026771
57 20 220611233
42 24 199240387
23 29 510532715
92 93 386712927
3 25 118495652
28 62 872229271
51 72 174138654
32 64 394127995
42 87 349616175
10 28 216081254
36 7 989346439
18 96 566370108
38 86 875791909
10 7 519299752
51 62 663006914
33 75 783253024
6 97 458584560
76 84 551430711
89 65 970416763
23 15 284457497
78 41 774861223
8 7 137166170
23 53 583968593
32 58 652364892
76 63 588572000
58 19 254588521
3 72 674762666
33 80 861093788
23 52 319945282
24 68 106071278
15 2 729005676
56 67 657691847
15 21 543517549
84 87 386405062
20 72 228077109
87 56 816512656
81 29 979401564
15 27 246154832
49 60 629742523
76 93 894037265
70 89 560917306
10 88 807810001
55 21 109432674
71 48 656209380
10 74 978338710
29 86 709653824
12 18 319318335
59 63 296176402
71 93 272954809
40 32 317070744
16 35 777283165
32 44 340847225
11 40 348371363
21 77 907795213
91 2 958527071
15 93 479533993
1 38 429684859
82 35 207443791
41 75 791017106
57 6 740115469
74 45 783934935
34 3 594118908
21 80 507190767
80 4 248087791
36 20 244038828
26 58 5181446
36 35 911279245
78 58 810342014
11 13 29005605
94 27 613926341
82 62 822257355
55 34 155248569
65 8 809990332
28 95 994806025
50 27 682966282
2 77 413731296
58 28 906891724
46 2 264098668
84 21 592121065
54 96 392077087
36 61 669615189
91 41 951868293
29 4 334659960
49 58 270865215
11 17 281945508
33 64 302332631
73 45 693611257
8 2 158244614
39 79 545264750
90 46 583464356
57 33 997370009
46 45 787014784
1 70 66569952
29 14 453648445
30 7 174755611
78 61 362990525
70 83 442216964
8 28 238692389
66 79 647133690
78 18 476227430
81 18 297543412
5 56 129245663
37 79 617854263
40 18 675135370
23 97 893106913
16 32 502897094
28 67 276828743
98 20 982057900
90 1 438769401
81 35 452415505
57 96 558512528
16 33 298403899
23 1 792783036
76 18 345277702
23 20 179400539
51 41 332520121
23 77 344562873
61 12 290807053
11 8 699199165
61 39 21344851
49 20 696842884
26 9 698606546
49 28 341710510
70 86 719536466
70 53 769505723
58 64 629562333
36 38 203758586
6 61 657431317
83 12 328170638
80 72 651674414
88 74 434028694
88 96 72696805
11 97 77613190
26 64 697486092
70 58 858260863
10 77 837664654
37 2 575732296
47 38 50829464
83 33 566276582
82 78 972424782
73 12 970084805
51 74 763496546
13 35 42735411
9 95 479795309
50 64 853614280
70 37 857968901
57 76 486080261
85 64 284870554
17 12 662059084
16 50 342218409
11 52 74763628
1 99 328142992
60 31 510957995
23 100 357658469
73 9 64508528
32 69 220837148
42 61 538765527
94 92 132776211
31 4 458985787
42 95 951655005
27 93 32425212
35 7 253762781
74 96 501820736
91 27 581687699
40 74 532666347
34 63 995401427
57 86 456335678
40 49 31900057
11 30 279026818
39 77 554562638
20 67 444736353
16 58 752314731
69 67 437795484
71 78 995962278
43 64 823777673
66 2 507544614
26 62 579627301
55 9 846870597
50 86 360284686
32 50 694911134
60 25 414527194
73 58 979031419
72 94 407023499
86 75 847494753
69 63 463957901
55 95 10911278
34 64 994304536
76 33 186402791
64 63 897205316
50 79 230197726
22 15 194975983
47 66 166033709
76 38 423056020
74 75 735830133
65 35 307929361
57 67 963483321
9 14 272818710
59 20 754690215
91 64 402142890
34 78 737921443
90 19 404235593
53 8 318902381
41 64 929458790
90 44 803814561
97 56 965614180
29 7 169436968
66 14 953053494
22 38 472496613
24 62 360114048
47 45 317005909
41 93 710455723
61 79 347022482
22 19 53054779
10 83 129144852
65 41 453212904
5 21 183360395
29 9 81201843
2 96 551763447
29 41 579621458
23 70 212239931
76 89 981471222
3 28 979898657
56 94 654548723
71 65 513063500
76 99 448797171
55 78 142564883
40 90 919886592
22 89 513712374
49 82 724468174
100 62 770902090
35 25 789667770
82 27 669383355
51 100 514196100
36 100 189028230
49 17 650007621
15 78 517845530
70 82 415464336
81 31 363783571
57 88 518447764
84 95 946774724
81 62 419263532
40 76 461567739
15 64 908388206
34 45 581376437
57 69 537778431
34 21 351146772
78 68 870722599
87 4 648321373
66 9 649525092
23 65 525003628
2 99 11145606
98 77 722356443
74 94 977933662
25 93 718734045
35 62 817380842
57 82 426690449
78 33 516766203
51 69 778685463
47 67 38015691
28 92 714185023
23 88 645043998
16 37 902353459
3 79 42155083
78 93 617613421
17 45 202293017
42 69 839048470
81 33 800227105
3 37 322216872
55 41 738268678
36 34 179454731
29 44 80707684
90 72 740927619
18 64 814148711
23 21 549348714
6 92 51168689
15 84 288107888
51 67 691836268
5 7 278310304
70 74 643335008
61 21 709678904
5 74 885798782
21 9 759126104
89 8 425644696
61 48 407483709
26 7 700483437
1 95 392441643
42 6 130269869
1 27 934747986
12 41 638613031
11 75 168624487
11 5 251211243
55 20 275848791
47 88 503775669
65 73 959665424
66 77 847861980
2 93 7419728
89 43 875585719
36 41 95665068
51 39 138606030
26 80 620527100
16 79 112379584
83 62 16589914
43 99 251400557
23 87 549903234
42 12 778380346
49 95 447881193
1 83 404956852
59 64 399977472
60 74 420379212
34 54 574520011
5 69 152375815
66 44 925606681
48 64 582159063
12 68 775738517
1 35 62620946
20 63 726311352
26 86 685695327
47 26 7219782
27 67 881345419
84 74 907972595
71 89 882779922
51 31 155876746
4 93 624745925
51 64 925734218
45 93 918499838
3 64 513791605
57 54 440183340
66 20 291162053
82 37 747137621
42 25 229073956
95 19 16174765
88 72 735510155
31 14 711893487
76 17 174867797
1 8 166133727
43 68 405065134
98 84 630572263
42 60 622090140
66 99 156954916
76 75 156182854
38 53 706299854
66 39 931377674
60 58 833508103
81 89 431624605
54 65 267867608
16 57 932949792
58 74 770278729
43 79 73905948
11 34 187077610
11 67 838567809
23 60 453176006
70 12 134278653
99 86 954972555
40 83 910692326
35 27 515454999
23 67 120963678
38 35 920452390
55 32 907704182
26 27 601250766
70 48 831690172
88 95 715852792
33 86 604762157
40 64 473536655
40 96 823550891
30 70 688700853
15 28 118032915
81 64 971261699
51 50 424476437
27 68 3345289
66 33 225501683
51 25 553391651
30 68 495677695
35 46 650795986
78 87 336089392
47 70 926533072
90 41 642482150
90 18 789532255
15 72 604529450
40 87 353228405
31 24 955060864
17 92 303337997
33 92 438591529
15 99 949001739
1 41 482846048
76 79 721236373
10 5 710772398
99 24 317030799
68 67 160254775
16 19 945864043
33 7 386568114
71 4 296763713
1 17 25003010
18 28 77563867
16 18 129725089
65 67 360392727
76 24 284314328
63 79 637767656
30 56 968567176
57 78 456449375
23 45 613057208
88 92 70559887
70 14 938376555
3 96 197431459
100 99 769285095
88 21 838438113
1 5 733814127
51 71 623125799
42 54 473316474
16 73 229679436
100 28 916445723
84 56 181777400
48 63 503235038
43 20 244967921
61 25 743196958
34 99 612156139
74 62 643583679
81 78 842283496
37 28 876058294
52 99 82991913
54 85 314875181
10 85 960884422
83 39 386239164
7 79 36884784
94 19 354994696
82 45 396181851
13 4 94097875
91 19 139344356
46 63 491937020
38 95 406800437
89 67 104148135
32 24 406882410
23 74 456677497
11 47 68483742
38 2 503150701
97 9 402073875
2 79 774325372
81 47 364010432
71 96 885019145
39 14 874107746
23 10 692873829
46 64 119793964
87 46 474162347
91 96 273207616
55 15 750549276
64 20 161752413
40 68 761014174
40 38 798125122
42 33 319713701
69 91 735777969
85 73 326316064
13 93 771863926
64 77 524421278
72 25 57598660
35 64 781096831
29 56 899738080
49 10 597472728
60 80 240859710
61 28 553609578
98 64 133200380
50 25 44488681
22 37 384859584
60 100 355824318
78 72 987970235
85 94 959830301
48 95 280180901
89 94 765695103
66 82 419281338
40 52 49554282
23 89 330640611
22 71 557706810
35 14 626141448
10 27 305318758
1 54 809511568
31 29 407082757
47 92 925964190
73 46 869963576
68 79 284822863
36 8 981548848
42 96 814150035
23 54 893228870
30 33 622382215
35 94 625875964
55 58 217799755
8 19 168822487
82 85 743595073
42 91 399364643
82 19 826128161
51 27 285162156
87 28 156044747
85 21 688287966
42 94 279494690
44 64 147006288
71 31 532004653
13 67 720971200
76 22 829813626
69 41 543563588
83 44 548595100
3 85 113669139
37 41 754600680
59 52 341525882
3 7 701008800
88 4 27315725
55 74 679740197
63 25 463365514
60 18 653465850
40 26 448584353
20 45 75957505
71 10 517411721
20 24 813223872
40 19 958856356
47 86 187047064
94 4 755332598
70 43 935724115
36 13 410605929
36 27 64897347
100 87 800918820
54 46 408337457
29 63 653149840
87 95 159469600
22 18 65664306
61 4 489303463
100 58 243868591
65 93 757198454
17 86 27935550
26 63 148943450
57 27 396952005
48 92 203930735
76 61 17648263
1 75 330214322
57 1 73289077
2 9 73801910
97 20 539754602
23 30 551295221
37 63 79874972
90 25 432227857
85 80 464857394
61 56 840439130
60 17 677665424
82 84 490056402
97 75 844662364
83 56 386612994
70 52 421251102
98 46 402243826
26 5 197029039
71 18 514879422
10 65 955380865
16 68 512058325
41 45 288162293
90 88 413270047
85 25 328217122
39 95 979887999
34 19 242925914
74 27 838711108
83 52 87600273
91 28 501662319
78 35 91070684
13 41 605317427
49 86 212614797
42 29 140331958
36 37 830904071
31 48 836503239
3 12 560862690
36 22 670142787
98 74 419363738
42 79 961049028
2 45 498770927
21 74 930954263
5 46 557338866
76 5 991157587
45 75 334874103
98 5 534430359
38 31 517273255
98 6 616308072
60 88 183668898
52 19 978280735
63 80 323087823
85 86 36151888
42 35 642257143
78 14 692002142
5 29 743163313
97 7 239826352
92 96 478524125
77 94 914975846
34 67 386388030
4 79 324540270
21 93 590437899
49 2 517188001
41 94 582985658
30 21 233797282
94 96 432914235
92 62 287805909
81 17 365085506
51 19 184848132
9 20 208477768
82 9 841418486
60 56 819994970
99 77 225385242
73 92 198518049
89 18 78551098
6 67 971014980
1 80 879035018
35 45 203581117
60 19 666137209
17 69 951454275
13 99 603212608
1 79 116267405
77 20 82104330
22 62 647050107
26 20 525217830
8 74 66059826
98 52 275089927
51 15 937718324
8 4 420250677
21 28 963166482
53 18 334439557
22 69 562087765
70 17 366343496
60 14 133077948
6 46 449985951
73 24 180727946
78 43 422886646
22 92 348623969
1 19 841926120
36 78 517702394
81 3 400142305
34 97 611690942
16 61 649203405
88 24 753127253
47 16 699603966
1 31 422478979
78 24 399055955
38 79 787091840
32 52 751383989
97 53 589676199
31 75 524395235
28 68 984325201
54 86 142749121
80 68 275322338
89 25 915855409
49 91 780422330
37 24 2682993
50 46 836257055
42 88 322630650
63 19 276865800
98 30 565434580
90 48 523369662
40 54 670757908
23 79 502808775
49 41 13905666
33 87 203625378
95 14 725751235
76 69 144023133
40 91 261748532
57 45 327994598
30 18 980950911
3 73 804432909
33 94 813079523
40 31 613888666
10 30 120075729
40 67 786636681
66 58 272057246
28 75 606485589
13 86 206613914
49 62 928600610
48 21 944642983
3 52 246092429
73 20 397663682
50 62 72034812
6 89 82512968
23 51 517137591
6 100 679999167
43 33 987647933
71 15 784964747
59 50 157359963
23 7 395187077
40 70 240721701
34 24 942792785
1 93 668038866
59 4 999054367
17 14 312054981
38 73 579083577
38 75 353857303
58 25 213696840
80 24 821631428
32 94 424346497
81 32 823498533
40 79 369119965
55 35 313975208
56 95 208757280
76 28 651272644
17 93 937911255
12 58 839273163
11 15 400986052
11 82 344791912
89 15 936866819
10 52 360148492
57 80 577726826
74 77 341172284
36 56 700496354
73 4 44966998
22 99 157379780
16 28 637386252
81 22 168028279
87 45 858129627
71 97 658570423
55 50 807882200
18 67 434062329
54 20 536008377
90 69 718281680
76 29 702343774
59 43 426668995
31 9 245435697
51 99 6413752
51 87 836622754
100 63 736420417
26 14 379013791
61 73 766909555
51 22 730679959
1 39 852824865
31 46 883812514
10 45 678885219
49 61 518084933
60 39 746118297
65 28 197963476
54 25 553291044
85 62 611468370
84 88 300921567
15 13 955258099
38 80 77814634
18 68 433635656
47 49 714949660
63 75 560805491
54 24 621263034
2 56 780138736
57 72 182356797
52 69 115365955
13 64 32795980
97 89 485971748
84 100 472862218
60 87 92824727
22 21 234516259
81 25 327309897
40 71 998669242
85 13 35388997
65 100 867317337
90 64 39060302
82 39 734681874
47 39 865303694
90 60 741065259
39 46 194790507
93 62 23905529
57 3 417477959
40 75 492370804
49 89 710781460
17 27 767345254
5 50 522010346
61 19 876807026
6 74 209643817
56 93 288174292
17 41 770722617
15 35 946388659
68 19 46570239
55 56 847086011
23 4 783563371
84 25 258552840
56 86 51559170
55 16 605738309
8 75 313873869
82 87 169103554
58 9 57276799
10 19 868711037
12 25 41716969
84 9 601658089
88 93 164311656
47 96 903308098
34 73 977621481
49 50 401519753
97 93 358428448
51 9 578885217
36 53 210474143
35 12 543596042
35 18 224775729
12 4 193874283
23 41 562303693
49 21 748324382
23 26 716858481
15 17 289787179
47 30 976508258
59 35 394614046
44 28 743527520
95 93 426666618
59 9 663247661
47 4 661841722
9 28 157889438
83 96 624106449
42 65 186386647
38 4 856759130
27 19 852996824
76 50 807914993
15 4 275697696
9 25 115196063
32 91 17810554
69 72 995483988
76 35 787973095
34 88 543552325
18 80 827009880
34 56 592339651
36 60 278711066
81 24 462645549
47 43 728086026
71 56 97988482
6 86 307100728
60 85 860149552
32 56 241522319
51 30 246561775
9 7 674936467
39 73 720934648
52 87 647175138
98 83 89971874
89 84 320536607
34 94 256101941
70 65 51954142
40 7 359737634
82 94 891507269
36 84 622237401
18 19 838718780
34 50 237050623
83 37 490797550
47 17 849949820
6 3 183097445
30 3 889613011
11 92 985631381
34 86 984271133
13 20 926797023
55 71 319246255
5 100 368968520
35 8 370585743
32 13 375044194
21 79 544463561
30 82 209372501
43 27 767998098
13 96 571062696
1 18 260018534
52 72 544522214
45 95 718180661
36 86 180833089
90 21 873644506
82 41 360580310
10 46 445243645
66 48 198599882
90 73 959711433
6 82 640578191
59 41 527038794
11 78 490827166
69 25 237017221
9 45 825910119
36 40 821625032
10 25 474694838
59 42 837437194
10 18 781527474
46 99 378566668
73 27 891960602
16 70 949420388
47 2 734970721
53 44 261434153
43 93 781916669
53 63 252349071
66 90 366805792
8 25 70546913
34 25 960246850
29 27 209561092
12 27 70711529
55 31 221881089
15 8 710714362
40 39 529413028
6 38 909983246
23 91 177264260
9 4 285653898
54 74 712352902
12 63 249671960
44 95 173394798
52 100 135902228
39 19 543566912
26 65 454201266
7 95 573074617
82 32 737171948
57 77 49781937
64 79 311835238
71 5 825917924
30 74 586415963
42 92 326288046
53 46 740695429
90 33 460378076
15 86 130145339
55 7 905854319
90 67 612857997
34 62 849558516
82 48 903728783
6 80 566906154
33 35 666449517
12 91 184491133
38 48 311842085
63 7 131447231
60 46 124867595
57 62 509720914
18 63 819308732
23 5 784329909
22 9 459484794
43 35 641226486
71 80 899380946
8 96 223163192
88 29 226600475
16 25 452299710
84 45 280757595
31 21 677298894
60 7 639480193
97 28 467839133
6 35 731285084
39 8 554709547
55 93 127176141
55 24 542628385
29 62 548795048
38 100 93094335
71 86 986851496
59 8 282965753
57 7 326119322
6 2 479254459
26 13 287467369
21 19 296177304
100 75 695579943
53 25 756403360
17 67 368632703
78 94 393270532
15 29 12091629
98 27 894526994
84 53 586766833
97 79 897105613
78 8 844957208
83 45 88708457
92 4 433076136
88 73 587740605
59 82 385150852
46 86 625892774
42 17 617300140
81 6 306817470
66 62 788460532
83 73 529750426
7 27 74127301
60 44 965692889
3 2 247361817
81 13 714763934
13 39 479085367
55 40 185504293
23 14 286154422
98 92 994663292
16 53 461435440
89 77 142171902
31 80 779850799
58 21 995040475
6 88 212120432
46 9 722663183
21 25 401849826
78 73 545189842
16 15 720338646
66 67 621558043
36 75 94587689
1 50 709355351
37 58 26891854
21 27 980461581
35 2 9970853
49 70 182958627
5 4 741103402
24 4 979559890
15 62 203156940
97 96 123725827
47 34 848664481
11 24 402934809
23 90 46617047
53 79 278739039
69 68 556705461
91 62 447655093
71 52 59828148
76 13 291726709
94 79 290813614
66 12 983553645
84 85 3145634
59 79 556835318
56 14 16710437
54 93 261564988
13 77 24567168
11 31 304979878
66 87 425033555
69 74 660423924
20 96 603640459
23 34 831049125
34 20 773275484
15 95 292423566
11 87 629750579
90 65 616679973
17 56 220026369
69 87 59916274
95 75 528809447
35 63 835646648
55 64 358078937
52 25 426442583
61 99 716918103
73 44 103820715
81 23 744908741
40 37 261709667
38 65 217283505
55 44 738007945
10 64 515849862
22 3 349293008
10 99 295218182
36 18 749810406
34 12 799587513
57 24 271440193
100 4 760875258
6 53 596102193
11 88 398856154
100 13 372425092
70 84 357061508
71 20 971585480
3 31 257031644
6 63 82249468
21 2 638875608
3 94 738751627
3 62 669552047
47 76 660101346
83 8 431864214
83 100 72762117
2 44 706554555
16 26 160479303
76 65 665330346
57 65 747949341
70 35 15503044
97 88 431098346
28 93 70033643
97 83 236086493
66 65 506090496
2 4 739800403
41 74 511762607
51 63 361537263
83 5 552177562
7 25 793878950
25 27 964489700
57 21 375777248
15 61 100896396
5 2 823554045
55 84 943691140
42 64 124370430
32 67 906722187
22 35 766366328
17 43 665077146
71 39 47727360
16 88 45265341
66 37 835610786
50 74 783378635
81 59 352412877
34 26 446647659
60 5 637477153
55 4 95541273
33 50 526356515
31 79 197162603
42 39 329813529
85 100 383492624
18 86 489916502
52 21 438945957
32 92 435100025
16 54 674061902
51 90 453609081
24 93 819639389
9 56 862899612
49 7 356740246
31 68 332456793
54 32 307124963
13 48 601496015
31 2 724669205
58 95 938264427
