100 4947 23
19 25 37 52 58 68 72 72 73 75 76 80 81 85 94 96 96 125 127 130 139 154 155 168 595 1374 5590 6390 7608 8893 9246 10365 10578 12785 14153 14524 15006 15600 16697 16726 20267 24296 24312 24529 26284 26807 27121 28968 30939 58760 245495 417946 509818 793156 1022138 1057543 1152205 1622838 1771780 2231976 2562605 2692050 2783768 2902522 3719373 3768907 3836637 3841935 4278454 4497897 4596384 4753871 4764953 5229505 108100598 119129604 209036589 213634417 286745582 380410440 391653446 407905817 439442677 448471440 451491155 459088109 472901934 537706026 553730353 598664663 641442720 675157306 776353185 783754407 802296307 812645072 912158635 930366562 942053690
78 58 161671804
26 49 102705208
73 20 827057476
13 91 787704789
14 51 255493233
44 45 489487586
87 38 180462735
13 28 807785633
79 67 217686860
8 45 842746449
87 84 503215216
61 77 651957393
84 90 90523958
36 24 129030610
33 67 75025005
70 69 849031765
20 4 67115466
53 21 427392023
13 46 610545345
12 6 129903752
76 72 470876918
61 9 651279241
61 68 33651889
43 82 725022454
40 38 324048068
82 64 252690257
36 46 367356398
33 89 473464215
50 64 601919952
92 72 134705245
77 97 664930943
41 8 464712518
69 38 663843770
2 75 823045276
62 86 731093765
20 25 515239107
73 67 686033023
28 4 966032368
87 22 437670672
36 12 955063168
70 64 6199865
84 74 882975573
100 48 438361327
61 51 471187724
88 75 985888165
84 25 804789255
11 86 981554403
58 40 806181974
61 90 697142103
14 1 20946674
17 20 69605364
48 3 994887232
1 9 779333182
73 59 821200442
15 25 220114609
61 44 99007655
85 45 224691102
74 20 493536012
76 10 585902261
99 4 690203602
52 6 111683457
98 63 296211464
7 37 674559909
47 45 948948922
1 59 774466098
28 17 22670828
40 30 638370381
46 91 518619542
26 37 541668271
28 16 633456997
46 99 644561189
77 48 668983779
1 84 435335381
75 67 54933681
48 41 318053987
89 40 447123089
26 83 927149402
15 99 175644730
7 16 740984125
58 27 60343311
23 83 157652754
76 34 466039887
77 62 106220560
56 60 373493944
58 80 524147918
28 75 966151383
83 16 626383718
78 31 127500864
78 57 987428809
17 39 548129241
93 7 18049783
72 37 959068289
13 37 262920931
5 34 555477374
23 32 294789550
47 61 391619347
63 94 625846580
16 71 271989807
69 80 792883296
9 81 360415644
56 12 757588541
60 96 23585582
63 9 978321949
23 97 494172992
22 72 235232551
19 81 276679510
78 86 571283465
69 37 573731742
88 80 459918736
96 20 675858268
22 94 660062593
5 11 672459134
66 38 622113878
15 92 16848122
69 25 510145212
33 52 261288308
50 45 652342718
26 74 823702517
17 27 182654429
77 53 210734284
19 67 695145918
47 17 947815682
50 7 262528611
56 54 998486297
44 80 261290388
36 38 693147969
98 53 509851715
77 6 482437040
95 71 748045369
42 69 875909909
98 4 80528748
21 20 354617433
98 41 628994020
22 45 193354513
100 36 455032167
47 83 239393869
27 81 457109611
95 70 70783452
82 75 56783524
66 88 75851228
69 86 531905899
27 90 593557589
12 62 605137456
27 67 652308059
5 80 581090170
64 8 397962336
68 12 368160298
13 32 370030947
83 65 283523903
88 4 373616533
50 70 914845214
26 46 164043401
64 16 158678750
50 91 73133479
87 17 962186118
28 11 756084365
4 6 628575831
61 30 738522716
35 16 586674233
28 74 86002811
99 52 698008528
30 71 440680863
70 79 378781660
47 67 635772044
70 32 716565944
46 76 865152800
64 38 341889101
95 55 257331028
61 37 703170476
7 49 843536205
26 54 503986561
53 16 841844167
85 16 809606207
66 67 125130624
74 80 884183024
7 38 193288796
1 4 449661012
56 6 662917540
58 41 925572449
69 46 597199548
60 91 783800640
23 84 195809355
64 11 672047489
76 52 507063930
43 54 545370386
100 19 105123659
31 41 306968559
84 57 782879486
41 35 303983804
26 53 26325955
88 11 350686720
51 83 682689509
18 54 493746293
5 28 265919373
54 20 254892584
7 91 808116050
82 19 974550655
40 6 779413039
84 54 9134692
58 71 165546097
22 20 158196124
22 37 736828940
34 84 320329424
40 22 681849087
33 21 149954315
14 54 342670150
66 64 504862185
60 57 937384197
23 34 189892989
98 62 119740496
58 57 169814677
90 30 40378374
43 90 722680589
31 4 821573579
55 67 505150309
92 88 842332327
21 41 151182547
73 19 469080547
20 6 555134419
82 84 497042873
28 34 273894297
42 20 944945712
66 45 38140050
89 97 75617325
93 67 409265355
5 53 14927921
97 67 80056107
43 45 345643144
12 44 512917199
15 77 336131884
36 84 251013084
28 21 490756246
17 22 672445784
91 35 923101814
96 90 40670550
82 94 818262198
18 62 330105783
33 9 739482651
91 86 273949367
65 99 218795882
95 87 281136824
64 52 651182958
11 45 701077882
31 54 692558488
9 62 165147470
99 30 573745447
13 49 886686056
29 72 695563277
48 21 621228628
86 94 2467964
77 40 551748509
51 20 968762897
66 4 168950909
1 55 244572512
93 74 217014984
50 98 430724081
12 10 271175259
77 81 845105266
23 44 561197722
84 94 161654379
68 81 594227805
19 96 907225428
79 65 663124903
88 57 157645041
19 27 702168640
15 29 796635557
84 55 958285770
91 75 771836326
36 87 447917294
96 38 321253644
10 6 831412971
38 8 432965355
69 89 915442393
70 7 105415899
14 45 284116622
12 21 365350609
74 35 882539802
98 75 893906011
58 60 133407717
78 95 815750064
53 27 142745218
52 32 801188194
16 4 636578350
8 35 813615011
12 80 778478757
50 58 582947893
56 37 647675822
36 9 130284351
29 67 442026861
75 27 645189087
36 64 762245164
36 55 508545880
73 77 843009967
59 48 385620289
73 93 484251478
87 88 277776600
1 97 105996106
57 22 864687822
40 32 261724041
50 18 812699857
43 84 596257417
11 72 442870411
85 12 716727752
24 75 312407249
24 85 216681375
21 72 421599859
18 45 862216630
79 39 823259844
50 56 172471544
31 30 455519348
91 41 441285901
54 37 665362824
18 28 769637657
97 49 644624273
89 52 358039231
79 71 876192269
2 27 364759824
93 34 656453730
14 27 749189218
63 12 592571258
70 72 896184946
96 52 240932813
85 46 565397808
51 80 744883836
70 67 293894114
43 22 844688994
86 81 876077489
68 6 953568164
7 3 913139834
15 51 917202275
59 65 641562511
61 66 797599403
98 30 899377451
14 17 629933164
74 86 889386362
26 10 750175786
15 35 777004391
15 85 485272086
25 16 726759586
28 27 188851766
14 99 257889666
78 21 298828374
26 6 562873050
100 4 191729679
84 4 476377914
75 37 472603994
84 8 67314621
2 10 66061030
14 46 228137309
51 21 662846481
98 91 605110791
63 88 200603894
32 71 257042283
33 44 451332154
97 32 437532012
87 2 653183892
11 96 983270448
11 44 792978048
46 35 907015498
58 39 644992682
33 15 21705140
14 33 341289946
18 92 695121735
1 16 738315316
43 67 35262833
33 37 652149936
33 94 540227813
74 62 241928585
88 77 895501556
24 55 253140576
83 21 768014663
18 99 59438856
12 90 606425326
36 21 809428563
88 99 365620476
53 4 669574378
73 9 676280074
97 99 136418580
31 22 643996767
43 60 544816887
98 71 415852739
44 62 915098457
82 89 951111983
91 10 726584646
26 51 290002232
33 53 328747211
66 60 59282861
2 96 671406613
34 4 687764016
11 84 541144707
19 39 442678405
18 30 891153391
72 6 47023309
95 65 368086853
26 92 919082494
19 55 385728961
34 90 801692265
70 52 137350820
95 15 106574506
1 89 427034797
38 45 702647543
87 28 364566865
95 89 925481953
23 91 29932813
46 16 622658365
15 22 913941188
99 39 518722551
88 72 975344566
14 59 296748332
98 81 316644343
14 24 819123035
21 16 825388000
95 46 589314452
14 66 942828917
54 57 935853890
1 17 597194639
74 38 513004671
51 34 762211616
23 13 450591933
78 63 129239443
50 74 852650776
95 18 474498445
84 49 499756316
83 25 477669828
98 65 71940378
92 25 509962698
51 57 775176376
15 6 801484306
74 17 320054856
66 9 562679901
95 51 450595804
90 80 570713019
56 75 722041112
65 38 563246835
27 37 455726830
18 63 965213101
59 35 289576545
43 81 359088150
100 79 279784838
40 74 272934189
23 95 487591484
50 93 994338746
59 3 165846591
97 44 275271904
54 65 70536576
50 40 241373136
56 81 881781750
53 45 903238747
69 30 233489828
97 55 996688377
75 4 989452084
61 57 102574921
82 100 35510533
16 94 393630981
82 90 472372193
19 25 359105737
50 95 152449939
76 67 214558818
55 8 830266250
12 9 967134343
93 97 848483942
100 87 413611019
40 80 963325651
88 21 709806645
57 99 868999915
68 9 993687903
58 32 629809640
14 3 246843711
42 62 481360066
8 16 79177860
62 90 938481994
73 3 983118947
60 21 833130830
69 7 390507016
11 39 989110294
2 89 231377020
42 15 377197696
14 4 161562927
51 94 396905468
98 6 514310362
77 96 722874502
64 90 837738516
75 17 275828740
11 38 940018599
44 20 618873547
26 41 665117065
29 91 199494032
23 78 651082404
39 71 956929808
90 86 73649701
23 41 555335788
70 85 966153332
87 24 942203653
1 81 482563488
66 71 710375072
100 37 201751254
56 3 417311016
7 52 273873663
97 80 28561480
81 49 220163232
88 89 584575868
33 72 822455863
78 54 122146504
77 99 221383583
40 12 650083562
1 67 775350944
100 90 746702595
68 20 785050193
69 12 207032169
95 33 852155253
47 24 975484610
100 2 500411813
98 22 346254810
12 20 274297227
78 10 107047031
93 44 379810022
47 71 661415682
87 75 916798466
29 60 567987093
10 8 887898242
73 29 199812098
73 36 558709597
34 75 75256282
7 65 579095323
13 6 467800173
50 80 840174548
13 7 477079479
14 97 953861390
28 99 346085319
26 32 888437227
29 30 491787661
14 69 823065328
59 11 653119795
23 82 247369294
56 88 450336212
75 86 478139245
70 62 617434774
85 20 565872333
50 15 973588938
66 81 424127171
57 30 691153941
82 40 16039609
2 81 824655867
57 80 363056397
9 67 664912112
26 93 405485552
42 92 377309579
9 27 427299747
95 17 960140983
7 55 323669355
55 80 778956419
7 11 608504296
47 90 75781476
48 44 469547164
14 38 576152247
92 59 454751873
75 10 875952806
43 48 281745924
5 35 212900016
70 65 996362447
18 10 815435299
24 67 400594287
60 4 637646320
44 8 625944895
19 8 991309856
65 62 482960363
5 39 70666699
85 27 538417202
78 19 297279822
58 100 94438280
21 67 68506974
87 63 994971866
51 11 439684024
2 44 797728642
74 25 380525009
62 32 906501320
13 86 274427571
28 85 243606141
48 9 308113279
93 32 197608963
18 26 840027386
64 96 117914896
14 10 808569388
89 41 121726385
42 70 521673718
96 6 615753499
65 22 740965461
76 74 874032234
34 62 526128874
68 75 97652725
13 52 637375545
24 64 263847762
76 17 931778361
69 68 189541283
50 76 869124670
99 16 661160634
69 41 567398918
76 96 593980809
68 96 32189949
7 96 780174113
51 30 237555846
42 3 743547748
31 10 439097474
34 67 589411505
51 22 701743113
1 32 818753819
73 74 147683229
42 32 206600358
61 25 434667854
88 3 523372956
78 99 147334991
19 34 72852596
68 55 91264156
27 32 574542857
42 77 155476427
93 68 160645270
78 51 621656627
67 20 441091712
34 17 645911372
62 81 352389208
40 39 435937690
33 6 637005914
57 21 355760869
97 41 494297787
78 56 394050327
34 91 692653184
50 69 577337157
40 49 51550438
66 10 480812713
43 12 626790981
19 72 477027098
7 77 170824747
7 75 85343728
33 28 598707865
33 16 977801390
53 90 164206541
7 4 551238019
50 46 516365667
84 17 949622059
9 38 30926287
93 84 233674541
92 63 264068424
56 34 487828526
47 94 136581796
57 96 357984194
83 9 861263952
73 18 339049798
69 57 532589478
58 74 782979466
36 63 322461534
87 6 585863221
13 21 136271240
87 76 872635938
83 81 591910650
43 88 526941441
15 1 37351783
82 16 499397996
64 49 616383060
7 64 461579829
13 11 638816906
49 80 3917941
68 35 859098580
26 30 345456765
78 90 226091651
7 62 357163502
86 49 127488772
88 54 709159275
69 16 358363599
24 65 658933784
15 72 378556357
60 45 153427
65 45 88295392
61 97 601907557
46 57 809236142
93 85 194674599
9 17 193499575
95 41 20956353
63 83 519105336
7 2 445024174
1 46 53377782
34 74 39568857
56 53 388577656
53 57 995924171
79 20 482136910
88 91 687637819
11 4 25894057
98 36 530673064
64 84 783051304
18 3 745331610
61 20 310223069
82 20 708924935
2 74 90475016
23 50 186510878
91 16 592949862
59 53 880315920
27 3 530192820
77 27 157812788
78 49 917646388
78 59 567891986
43 26 81791292
58 76 265570451
8 30 81649309
69 1 506431183
52 81 292673263
10 80 235978762
14 67 966816770
98 31 122660588
33 35 65412888
37 6 70880911
23 62 625493829
85 53 89354215
50 44 148270265
96 25 793393354
51 91 64237546
36 10 778940603
64 74 370204641
68 37 657030941
58 89 552336407
97 27 120775943
58 72 727075706
2 55 356561288
23 35 622972373
31 72 750857824
42 46 905383204
15 94 242322887
46 34 104758207
9 80 358978492
58 10 942515977
57 72 742334167
29 94 505602143
1 8 584602254
62 16 739617775
52 4 721221264
21 94 594052655
27 80 311810675
41 45 755876408
18 41 757781744
54 55 213802772
75 35 332467834
98 89 696729449
40 84 36545416
47 65 914706010
96 71 789542973
73 60 677561893
7 39 575746449
24 81 439797288
63 71 753384205
28 22 202020983
89 48 605903804
47 32 675188681
29 54 550905813
26 12 888621092
95 48 101623397
65 49 375032764
63 91 933136304
82 70 23585912
12 49 747454560
23 63 971332007
13 97 290225687
79 47 133422721
50 68 725977269
58 62 68532008
52 80 554078909
15 68 524308798
36 59 541492180
84 41 315664784
38 81 425452316
92 45 210480632
46 48 315234810
99 72 865836143
46 81 115634178
73 55 45268299
15 8 731608479
88 8 525936804
95 8 540562509
59 38 581618872
21 25 261298831
82 12 784312567
24 96 610093179
91 30 863133190
64 12 27707517
56 62 820545239
58 77 224643748
83 86 231020403
5 57 711981510
23 28 492170822
1 35 695605950
79 53 33799346
53 83 141815161
22 27 765938238
99 62 371649287
7 86 296663684
95 32 32300511
91 22 970493536
38 3 834308514
18 75 683339701
9 55 323160667
77 57 364079183
85 48 555159299
2 17 161015310
89 91 631833491
92 74 5093306
87 68 335418243
2 64 704210367
1 30 613964455
38 55 794990496
63 3 882250967
46 67 387242849
81 94 277623554
22 3 107497691
47 48 956102711
9 41 945096399
33 61 588897760
70 19 873399640
28 67 983852996
36 27 452969599
58 68 321917690
23 14 881549216
79 30 34534200
34 55 302515500
58 53 149069918
21 62 435570087
63 38 448647933
68 84 55411795
51 55 77221099
2 35 914632676
31 12 440186197
1 64 85913782
70 41 116353825
100 86 839132377
89 71 625162458
43 96 459612483
92 34 652979503
100 77 320997529
18 4 374137329
29 2 527812770
2 19 313182919
89 17 473893383
66 2 262554798
75 8 673526562
28 32 136138391
11 74 926282533
42 63 904621913
2 90 23242561
73 72 932459523
85 3 102850306
99 8 270853738
69 2 602726086
78 2 109212457
97 16 449320228
38 49 194220825
58 88 462542853
43 11 740591220
54 21 885670149
75 39 821688589
100 91 432431930
43 6 146552088
36 93 353468669
66 8 42130294
98 12 724035342
19 91 959930664
92 67 782752682
69 22 982294047
15 21 505452843
70 87 897737934
78 16 934226224
100 60 410440586
92 71 208514303
26 36 174975135
70 80 255036696
7 76 345763992
63 89 163747873
38 20 675995602
21 99 669014605
70 55 616130055
13 99 875985738
57 67 580030523
98 15 113957623
84 10 729088233
56 39 945895183
72 20 920474541
82 11 924351398
59 75 502513371
48 99 244966801
82 72 942342311
95 93 996985181
64 97 167816924
23 58 41999853
43 55 971377508
23 29 236075132
15 59 907658741
23 48 53819476
31 37 909507151
65 94 51732824
42 10 743420507
76 83 21765031
38 16 574783180
53 3 120288011
31 61 377784021
50 19 259847933
92 57 744954513
31 64 824115890
78 28 748211664
92 84 692509641
98 10 939041576
63 77 852530975
92 90 507615593
50 62 767638666
54 6 422730848
70 9 88767226
26 90 356405279
63 41 308034550
53 94 810836907
76 45 878830998
68 46 426413999
53 39 512540369
13 29 988463554
31 67 819266269
59 4 796146097
88 83 201561656
50 8 702219
11 52 932181563
14 87 827285707
93 37 756761833
75 80 59036838
84 71 907270620
28 80 185730909
70 90 590925248
24 8 479470506
29 76 808528804
36 66 401867740
92 53 818786282
54 16 890611093
36 20 30902591
65 25 2045980
40 41 923348208
2 59 335062469
92 41 673142742
23 46 780718785
15 57 181843534
100 71 944181719
15 62 883663399
63 32 616098287
100 89 859056996
19 57 779227495
47 8 173215620
47 2 575315458
56 22 828204775
59 94 526328651
58 81 445195908
12 96 962050947
11 6 561860532
26 80 755349715
40 20 325536699
69 32 341125356
43 85 172866454
14 76 219343355
88 35 635385181
46 30 8377358
89 30 300526654
43 13 269642722
77 20 593232528
50 22 425569875
88 32 650941476
31 29 827105451
54 35 535982670
11 90 229093667
91 74 243823950
36 34 898412342
58 5 347447754
53 52 611348740
15 30 104783834
95 28 815542798
44 22 857185628
77 71 516630232
23 80 49647082
89 12 460437718
79 8 855335399
83 3 422584303
66 57 537215108
22 4 396486054
66 32 996083920
48 67 177009032
61 83 262656838
19 20 32706033
98 90 134704454
58 70 168601860
79 15 282307143
4 94 278968298
36 22 804627407
13 33 95525295
31 21 37193464
34 11 337143698
82 80 944555449
14 78 981603949
14 63 882118703
56 27 111933296
88 44 367723563
18 90 179578968
43 28 433471888
83 37 807252111
1 65 807464949
50 89 156318056
15 65 131258355
38 52 384396934
69 28 390830209
69 65 317613281
61 39 459517780
41 30 390364658
63 52 20182148
24 17 990527360
16 37 992942097
84 52 225998320
82 4 969603330
13 39 627114001
87 20 573721634
13 40 21219988
33 7 560728642
66 91 992138360
42 67 747619423
90 37 487350513
31 5 787251208
99 55 70437024
19 3 475143802
5 30 294044941
29 86 993011067
84 22 494123272
93 92 765072699
50 66 869520284
13 51 600995802
66 51 373432071
91 90 913497715
14 81 450372751
58 4 122151305
46 83 563663187
50 87 126316948
23 96 674530906
92 99 981868159
76 25 349919564
42 11 893648586
13 30 831799393
83 27 641409462
22 6 196162982
11 12 550310320
66 39 986542758
59 40 407819265
35 25 814445359
68 77 709099070
73 82 456713500
66 17 519381857
61 64 532649492
85 52 60820093
75 44 956482841
93 16 694847472
68 59 989702350
78 81 230287328
61 3 229768923
98 54 519380936
47 20 997302554
69 17 6552958
93 4 237819812
56 89 485821699
3 16 176053085
34 30 591025397
23 49 895909954
77 86 91392064
15 83 990555492
29 32 176681004
54 94 861392457
60 99 524393896
81 25 657574138
76 81 440440401
87 10 646734031
59 17 560274730
69 45 538141831
100 93 800659827
97 91 986400879
39 20 83128872
2 9 114254755
66 84 546577847
48 16 216934394
29 39 870069714
36 76 965168370
26 11 717172988
33 12 119898077
50 63 792999255
5 45 699342220
79 41 611783462
29 66 304017636
42 30 697572904
72 25 137523007
93 3 687101675
55 3 618539557
26 94 867628676
43 77 911821485
93 38 414278429
60 8 496653592
42 8 968114914
87 45 427251391
18 25 102625502
87 40 669555784
41 4 105758206
97 40 73309057
79 96 297889527
14 71 498797283
65 55 104107441
76 11 363153254
78 80 638247401
65 17 283363140
69 67 93873121
91 21 443886223
79 40 919073140
64 54 240547137
26 62 459213048
39 67 504308535
53 55 143610549
13 67 527554067
24 12 343327934
47 40 230786507
73 16 980471987
42 89 196089458
83 49 896103469
1 86 274116842
56 40 235394558
97 83 505007504
74 45 956678353
18 60 931382248
15 4 526145347
19 76 540477282
38 25 137705157
98 9 59326367
82 15 674368540
42 55 166588976
98 100 697069665
19 54 709052059
14 98 831578937
54 3 341743147
89 49 73266525
93 22 695139222
16 6 842065280
85 99 278940105
58 56 6310335
91 25 117887379
47 85 176306509
53 6 462396436
98 3 188606588
14 93 445588106
92 2 141172119
73 69 649109529
74 32 401815712
14 92 706876474
22 39 954012310
24 9 451560014
5 51 719803934
77 75 626051256
17 32 901159375
70 5 859269738
73 32 150970497
36 30 176914894
70 83 511891085
31 97 301418457
14 94 17971487
61 62 78266838
23 59 799932760
25 94 524637540
73 83 473920717
50 52 72856509
3 41 634347178
64 77 326486395
51 75 587683055
78 4 369598760
46 8 592400948
36 81 891709698
14 53 555243752
24 46 417823891
93 27 299314946
1 74 488447296
70 33 201710654
50 48 789192459
95 38 9546643
77 16 67847469
60 49 226362368
98 57 298731677
50 43 32531119
60 27 435573625
93 81 838705929
51 52 649355592
42 85 705388290
59 96 786126498
13 41 736227039
51 39 333357165
57 9 943294420
88 81 578860298
85 84 168412861
68 30 835210460
82 52 266877516
28 45 836959853
42 26 309143889
11 17 37129881
38 39 741762809
78 94 315065094
29 35 704092875
66 46 143829897
66 90 233967154
95 58 633869778
79 29 607006715
61 17 120058392
19 77 419335321
75 49 443228920
79 68 98085932
39 3 599050108
72 52 855572525
36 68 101892895
76 40 949353914
63 97 972400633
31 57 252865880
58 2 991460342
77 34 437596740
12 17 532484910
3 80 471477772
42 54 750924134
42 52 664003107
79 24 45725357
87 9 811224410
73 31 334703271
85 38 943967919
28 40 170621131
47 54 705118594
23 7 780935011
89 45 539510706
26 28 380561506
47 72 48876391
36 19 231740946
93 48 927965874
83 22 368692621
58 8 606499991
65 21 807210114
18 9 679433072
47 74 714995644
34 48 752600146
5 32 655011960
34 83 198535336
58 28 674022332
7 34 586427144
85 32 80824880
56 21 401694918
95 53 271261855
78 76 118627141
98 84 646136449
98 59 299920383
98 18 528415412
34 65 61410268
68 91 301597635
74 49 375473908
32 25 757457760
92 6 260801265
98 24 253293100
12 25 95103751
64 91 130816447
18 32 28087640
43 33 532482200
23 6 32700489
47 52 185659780
28 90 368619740
77 74 646616229
50 9 74836446
93 5 490798078
43 64 837597865
86 35 948096163
66 62 11466159
70 12 66635475
23 71 862402229
87 67 861869760
66 25 143432878
43 15 468702822
49 4 645912282
43 35 66096244
17 45 817606968
24 20 863060192
2 24 632061190
99 6 947858098
13 10 720418472
2 77 414822965
84 38 718330908
87 74 832300694
53 35 875144482
64 41 715421331
18 5 843671846
18 71 15483067
93 52 22624224
98 99 444416461
77 94 654490547
42 47 423230205
15 10 817665673
50 36 78181489
73 38 121404058
55 94 406465499
93 99 245662351
18 6 635711905
7 17 582612211
33 36 69233032
63 76 871384428
23 4 929928485
74 81 43778927
95 24 722622723
7 81 868091356
83 99 222748161
89 37 129141291
48 81 887353468
13 64 660590577
88 53 404022661
23 93 756639451
18 77 222097647
39 81 359346122
18 44 381959714
26 44 816757142
93 87 420707596
89 8 394114406
69 8 821818669
79 22 70138526
58 59 854217306
92 97 904896472
73 58 848491280
56 91 847370783
18 80 97034750
38 27 196206885
24 51 493934695
96 81 964161437
50 3 646378042
13 8 146866380
90 6 128325777
29 71 284878163
36 99 131140339
56 92 713994919
65 39 586619946
29 17 137332870
19 51 547755612
61 76 367904278
85 22 65600024
24 32 905105666
60 80 82911269
43 89 98476136
61 54 498103160
66 76 680388962
69 92 556531750
7 41 158734274
95 9 706355516
53 75 133694398
98 82 300880605
70 16 373504147
61 84 584203624
79 86 668188898
88 9 118388082
73 81 109705276
82 2 514727421
12 8 346290453
95 76 641706418
1 96 146775422
54 49 301232867
56 80 624827526
20 16 384540405
98 72 454464837
36 40 146559904
58 86 493484622
5 9 871202460
50 79 873829962
28 25 532944705
92 83 641228620
26 99 258624813
85 39 16698367
92 66 160199168
95 40 681068216
88 41 555577737
18 55 145320664
14 89 542291798
73 53 290386770
19 59 127179922
12 67 693231817
73 85 613040500
61 46 321961718
26 39 973758170
93 66 829617030
58 54 683109121
9 86 297986449
24 28 564004183
33 3 127906133
72 86 173037508
51 35 117033333
67 37 335188967
47 19 737425082
42 57 778502204
11 35 401272832
76 27 521216472
82 46 997625690
18 11 49292271
13 69 856869770
98 96 998470898
15 20 705930860
94 37 5924980
76 37 350486319
68 8 778868132
28 84 794130748
43 32 182438020
26 15 48607505
85 6 979355302
43 24 431332224
38 67 542220098
47 44 986739860
23 3 70063323
88 6 92941899
88 97 239397288
19 62 842292377
32 4 859497032
18 13 610185639
77 4 580946559
33 77 780018501
42 18 927602675
26 60 195244187
15 81 405155522
11 22 49315758
88 12 585162956
47 68 58428490
5 77 961488823
98 21 777455855
96 80 850485192
68 54 230161176
24 11 47085752
79 1 281701989
63 57 993512721
53 20 817540224
92 4 272770074
75 30 51110019
1 38 499654129
29 27 451667500
92 81 521803754
93 76 900201503
95 25 462382091
98 11 774356750
29 46 150891012
78 75 2565019
19 10 44608833
47 99 921894552
42 22 582863160
8 37 977650121
13 1 177309978
95 5 539105966
87 25 191782841
18 85 823816978
46 12 676973134
42 79 946430108
93 89 972704684
85 35 172159530
73 44 302305363
24 90 993449264
93 96 288899089
29 55 210601097
91 81 64248069
28 37 374343236
39 16 57971538
27 35 360365114
54 25 763029218
49 25 586564874
51 49 49823763
25 45 733484359
63 67 683545201
79 12 488937822
78 84 121715389
47 30 606262034
34 6 523332524
23 74 810576390
54 72 657499315
58 20 539286029
13 38 279204614
76 84 541949727
23 17 157104197
77 12 716119753
9 22 932954956
69 76 564296628
99 37 77705940
18 19 704097866
69 11 739435768
29 85 198046488
33 11 728958271
78 66 47506172
51 12 476154257
50 60 892564078
31 1 752392845
34 3 279492953
32 16 286292057
55 4 254685093
82 47 892437167
44 10 404580817
15 17 729233948
7 57 260927542
83 38 138372926
87 41 66899107
92 3 680778720
13 93 293274116
8 25 105496204
40 4 925211910
84 39 169339120
72 71 838608987
82 97 130226362
18 12 396083581
64 60 940380234
96 39 7303660
93 53 574884499
70 61 708554740
21 90 656221140
26 45 345782061
69 10 903708982
93 64 975492457
24 27 613460325
9 21 133718497
28 60 121104250
42 4 441651540
98 51 102413054
17 81 46932433
33 90 643732191
50 20 467783037
88 60 879244867
5 67 945871963
75 74 699095006
34 96 868579250
58 25 704828897
15 69 136203659
43 17 222747572
98 33 602670454
77 22 337161878
9 94 737223995
43 34 185482430
41 80 361393313
58 97 899802560
38 72 336489262
28 65 432141615
14 34 315063055
59 10 986716334
95 49 518942766
51 28 206105724
89 35 681455765
97 17 59197638
82 5 645624820
29 41 365791465
51 41 191389541
73 95 468599935
43 76 516077468
92 51 90381119
29 62 993031491
95 52 945634189
63 34 190479166
48 96 10471075
56 20 166418661
72 4 259142857
5 1 102689925
42 21 442929800
92 21 589655471
64 75 600099567
85 81 313458772
56 68 968391706
5 91 380870831
32 80 806850688
19 45 267567973
1 25 415325263
66 48 458304905
66 68 342275166
79 7 66872301
87 89 60657929
57 38 602289928
72 32 178359310
88 52 402063994
23 10 399840265
51 27 52341400
29 81 220411889
24 94 69282949
33 32 802921967
91 80 281766287
69 48 71160053
93 10 322023730
92 52 417559133
24 3 932562514
70 1 564594667
12 83 44161706
5 40 766226263
42 99 844851211
77 21 937466339
23 25 552862804
19 44 792587733
35 30 759869090
44 16 221873028
96 94 217088261
28 86 771668340
58 99 277257705
60 83 268282795
98 76 551988136
31 89 336231645
79 92 64190100
1 12 713654196
83 10 730965666
22 52 59244763
61 99 714050465
11 25 447777425
91 99 485069149
70 49 513013437
60 38 532596614
66 89 687108201
87 90 944794139
72 49 509879219
51 25 288109123
85 57 194408433
58 12 769942264
15 12 188702734
31 74 618240286
84 45 274104181
84 81 109323606
92 65 710795895
42 6 513021017
50 81 925081855
3 25 77521380
5 68 701966305
54 86 511021829
53 38 7488709
98 79 321997604
95 68 662248688
9 37 394485943
95 86 694087065
33 74 709318068
95 31 427053222
55 6 226361443
93 39 389832840
58 3 814583134
95 66 678734273
15 67 100830650
13 96 114501409
38 6 780694778
82 49 979571902
42 71 541106878
78 1 497973744
78 42 973662072
100 76 858404728
2 28 736809312
51 53 648690757
75 84 624529326
14 37 50887980
86 30 370029811
57 37 226819008
73 22 46139647
87 44 990593890
26 7 942485219
51 84 128049684
96 21 660784531
69 40 803719209
84 86 577940497
14 18 272657199
43 57 491587289
70 48 155804538
93 54 354255110
33 62 546145607
92 94 489381519
22 80 579521707
47 55 832168068
23 88 216927498
14 91 301307173
22 67 526385661
2 86 935642709
79 44 346653870
58 66 273190284
31 43 579928064
96 17 552624341
13 19 8354614
29 11 847920361
56 44 559500552
22 62 429529445
50 72 919637240
89 11 543373754
70 35 950627506
36 11 186578046
92 91 613157173
63 46 368109394
88 86 873686643
24 88 553918262
63 39 120871326
2 22 436888068
62 3 921871398
87 32 426634567
92 55 866743244
53 44 127274348
23 75 660326530
75 96 460631343
33 39 229790378
85 37 287987552
51 96 9272535
23 70 455269806
14 96 113615448
61 92 596388451
15 16 4133101
23 61 19967623
95 4 379876282
5 4 295278174
40 81 49845087
78 85 21144058
98 44 974735815
85 17 833152397
7 88 814854283
5 63 235381543
24 4 871732160
70 59 319838193
70 22 264268959
60 32 302592746
3 45 768201152
66 99 396503515
15 76 111605053
18 72 184210837
19 97 398210719
11 41 509859831
95 37 230969296
98 64 171241243
97 59 765301871
78 46 199939604
5 76 170890813
85 54 923089138
39 90 700197544
78 74 91364154
82 1 347546810
29 51 526120619
95 74 735820523
42 33 781167206
54 30 485659951
44 71 24347094
28 8 859478969
76 57 221730064
66 35 663812772
34 8 919695269
9 8 41877286
62 72 227359498
87 52 988038603
68 72 613955810
77 90 312518711
33 2 991744837
53 86 505687514
2 72 484000367
51 72 608412635
79 57 708928914
60 81 361496543
75 21 919391263
78 7 542687083
72 10 931522736
70 71 356064753
91 27 743882946
69 91 844771490
99 94 521046545
73 21 247936963
97 11 476728563
10 32 18018062
100 44 775604133
12 37 365868911
14 32 596369315
89 55 930373894
97 34 630958071
60 12 430681415
5 25 572935273
48 39 296205826
87 51 167934753
15 5 740940192
2 60 793590115
95 100 680868614
23 65 346124081
33 69 2206535
97 84 251777689
34 57 859702498
34 52 158096884
17 16 344871413
96 10 352972386
52 41 88010411
55 45 185207234
1 76 486182605
3 8 937433447
15 39 60854552
47 86 509195919
89 81 967779363
10 30 285425165
13 45 529452920
24 63 826823234
24 68 192688226
64 10 659721564
15 80 795894919
42 64 996332570
87 1 490528887
47 39 806833769
58 90 920787656
70 4 5290142
78 37 817334178
82 59 421006669
51 90 958961090
70 15 229728096
7 9 47582303
73 50 214739974
56 24 315484508
33 63 528402631
56 71 472124396
70 45 89213754
100 57 191548079
43 49 8323571
59 41 185308342
47 51 415966484
50 94 372635646
61 8 967101930
14 79 661174383
26 35 496186081
21 80 470514080
7 27 154451847
58 94 81412006
91 12 574563750
33 65 253036601
95 63 12539792
97 25 592702281
83 96 86657154
31 77 892767189
23 72 648537393
36 29 312011181
46 6 98633187
14 100 872919136
98 29 842786631
14 28 408201033
74 9 553780241
31 38 755243650
95 82 150685478
48 86 102422424
100 45 65102486
77 35 404351257
29 57 551226163
14 15 308245665
75 41 861515027
28 81 849420091
15 63 385389238
38 32 120431413
98 32 66447197
31 49 992079843
34 80 909667711
42 98 757912309
56 16 853016014
76 99 923327002
99 3 930721447
20 32 468017065
15 88 993445800
1 3 861880395
67 71 618284686
29 63 83766501
91 4 716706960
89 80 681594458
2 39 907288338
42 72 435151151
56 35 700861573
44 39 664780161
97 38 922076216
2 80 529609689
23 19 781669772
66 44 989710483
12 4 16183396
70 29 528491436
84 6 16333528
23 37 228211216
26 63 446574063
79 61 599344008
59 54 627442742
13 75 59596675
13 35 284354974
11 10 31811550
54 9 699087197
85 80 165503598
59 8 858277234
89 60 985727716
14 31 910660813
50 77 551914076
98 55 961706616
42 7 25364354
24 19 821150085
68 25 629179689
100 99 955154983
41 32 986604834
60 75 917546682
63 51 183655144
74 37 580885893
77 10 838395286
100 66 347073497
83 39 303451946
24 25 278384482
88 17 964473298
73 61 949586686
69 81 947087094
14 39 641221906
42 60 615276651
33 5 745779058
2 62 306637353
33 38 895049498
70 88 108839665
74 8 222713881
33 80 381749678
18 64 892238368
100 5 568303130
68 16 598852036
76 54 894182537
36 65 224024859
51 74 617262072
92 68 407270575
40 67 607484993
61 35 210267011
15 28 513573836
56 65 412491768
77 32 2923383
96 37 758087390
19 12 541468404
51 17 339633920
83 62 359179601
61 72 792445381
18 57 500786400
68 99 244628141
31 17 608779468
7 80 111978588
76 62 897195696
61 22 580729431
29 21 424802161
22 86 575602044
95 39 636009842
31 91 486781538
88 55 433112618
19 99 672716066
88 59 983817889
85 10 946548163
62 67 503882897
60 22 984831136
5 62 784317267
92 48 900984915
29 61 631668025
27 86 401983955
26 85 327477641
50 27 819084055
92 17 768690151
90 10 116019638
19 84 54522482
23 26 15476047
93 83 254728733
73 7 969920011
1 52 974903516
78 60 461099107
31 51 526786133
47 11 866863802
48 27 649839482
68 89 738784216
29 10 665809198
51 32 149691779
51 46 979147184
26 1 852256656
33 46 983852153
98 56 524429659
64 3 840155339
98 8 361775743
21 3 545484807
36 83 625657666
42 68 245170847
99 41 269874121
73 54 435374370
87 49 157269343
31 8 471804528
98 38 912855918
36 77 262948686
79 46 579459552
12 22 39679933
48 32 731082432
30 4 140808575
61 60 870386387
68 41 415773353
18 17 654929829
82 48 629338735
20 45 77732574
87 55 250234305
33 22 965509101
7 12 137342586
31 58 210768670
17 72 124359849
53 54 554894770
84 72 461409680
29 74 315073781
66 94 768963963
60 20 242881032
2 51 198637907
76 35 147633740
51 37 451620558
1 80 478287951
87 71 832822995
31 52 604851078
5 64 25086164
78 32 133873620
89 44 998689058
63 80 486814007
31 55 254045875
8 32 837786436
99 81 299038178
82 81 204037205
79 80 323992585
34 9 593540053
2 8 86226296
58 26 607387487
87 60 343099120
12 35 449594672
75 65 192688272
36 1 647982381
13 20 812655102
93 9 166038722
69 75 666534626
81 71 435308067
50 90 818325366
77 3 513498774
73 68 556160968
5 38 387932432
26 88 892849951
52 35 248798788
76 44 269596230
31 34 7701256
28 91 326047603
98 60 521135885
44 6 664854550
59 27 859377676
19 9 194759281
31 11 134376577
39 49 467702063
68 76 846474339
46 20 408116227
85 71 736357275
48 90 799522806
88 71 716110605
95 45 677293348
59 12 475929322
29 96 647947691
33 56 763893757
70 36 253072207
14 62 931357702
31 93 769230164
24 1 35487608
12 86 750881494
3 32 801566370
64 89 272580601
85 55 305932312
73 13 858000284
56 19 81328236
87 81 608209274
68 60 181943366
64 83 355633470
92 54 213610761
29 99 274717260
85 41 16324512
1 68 635642673
24 77 984052975
58 55 914714115
24 39 780144135
96 4 795047556
58 63 905466568
29 19 196264107
19 37 663175024
7 51 381355568
76 91 840357860
39 86 689697441
47 64 964178062
12 72 783090342
23 51 16094084
84 9 648980001
1 34 648374093
19 75 473110858
70 63 905767760
68 40 313434515
100 65 632027074
23 31 894820667
29 80 528955803
92 76 233362903
73 84 390036043
13 89 262832201
28 97 868606470
31 39 748328955
68 45 78556431
88 48 73486166
5 81 608212133
53 9 241930719
41 71 39962890
73 78 640557514
55 71 927834328
34 35 452326963
36 86 178064853
69 71 754309016
21 71 746693417
100 40 990170521
73 89 498675856
95 7 747666159
52 71 543119564
13 4 51630205
7 92 218772394
41 49 828532506
77 39 286686019
95 72 45116157
30 16 358564745
61 80 938444221
58 13 834233668
14 16 42671740
77 28 323369746
73 10 744061694
2 48 240823007
92 96 865498920
47 89 268797575
100 28 457616107
31 35 167147435
28 35 113347145
47 6 325876425
55 37 164751463
33 86 345483784
74 27 680648924
42 90 275186133
64 59 433718109
98 85 889180239
31 18 604934763
15 2 634924531
29 7 994211757
91 44 118467107
81 30 555658081
68 10 820428919
74 41 845918289
95 80 314780344
78 68 97769916
78 41 855698589
19 35 117751237
4 71 163493262
63 27 780319940
18 51 636213931
73 75 330226611
64 17 354576710
62 30 579059000
100 74 726244188
25 6 860572211
29 3 629827328
72 3 804696902
28 9 613207692
48 74 132780616
71 6 197684370
82 79 731938886
100 83 891998662
24 91 67699422
53 48 681263686
61 53 870342350
13 72 966259837
17 30 132672080
2 52 43802354
21 81 339380080
26 76 549540244
64 9 376639750
78 25 876648860
69 94 68487770
18 93 119142371
1 37 108082246
7 40 64835757
100 68 692683169
64 76 381485125
48 94 258445541
70 37 169804446
90 52 269305655
97 86 846446636
95 56 77440462
40 16 607257050
92 12 391568746
9 99 980524352
57 16 630660179
50 99 908693925
20 80 52198093
57 44 144624914
28 96 685897377
56 57 183370023
23 87 41547514
46 38 818071663
43 7 874715042
63 30 726683342
66 27 945793536
31 71 83759011
56 4 5956648
26 75 75168632
48 4 321044188
64 48 686042839
46 90 130280407
36 71 400853
56 72 361997539
68 52 662638165
39 27 17110811
75 38 753223452
23 42 117705304
13 34 760944453
68 80 11383715
69 97 855925250
73 34 482537232
75 55 114392073
12 38 451053263
10 45 272685500
15 90 72415900
18 27 725985358
87 96 452250436
63 49 218492770
64 68 756615483
82 51 990759132
82 62 736126596
66 21 570106552
63 53 860129929
95 62 749642532
32 45 163304946
91 57 987286514
64 62 483830778
43 10 971649643
48 8 249353735
96 55 841142216
69 3 327518005
66 97 833860071
84 16 695319372
56 17 477795296
11 54 737860558
56 10 698739647
63 90 694914950
43 36 239401703
73 39 708939980
84 48 858291889
34 39 327260189
61 86 171971397
70 11 204242150
72 30 601523905
53 25 211151734
1 20 260504693
75 62 357002250
42 13 814036331
27 25 332911269
24 30 384496972
47 35 238456019
92 27 631147955
67 81 391955038
60 86 850383136
34 12 446444874
78 77 472598600
5 2 190617945
58 92 171572037
13 53 870421591
17 4 960813469
41 37 287926608
55 16 470854675
17 25 540870832
75 72 803414023
13 25 997912689
18 8 156115026
70 20 326284505
63 60 211418129
20 71 672912187
28 62 625363769
97 85 5084702
82 65 336290486
43 80 330179974
44 9 468162240
73 46 644844664
56 2 91901522
93 91 472331917
5 72 714611404
56 48 336643879
97 62 162767463
31 99 371437913
28 83 96185640
39 35 919442902
65 41 525897639
26 68 232748134
27 6 724002467
13 48 595486822
50 24 17569985
9 20 266134052
100 96 858197221
92 22 105165680
69 24 600336038
51 6 749076068
70 25 576446533
63 4 930781598
66 96 823299290
26 27 137973227
59 99 906370200
33 87 764878676
89 34 622288828
61 49 888961693
83 52 592064212
75 22 347225229
70 92 422673309
98 52 680917084
33 60 198007665
48 6 250662985
44 21 926277403
86 4 34646837
3 37 163838333
31 68 728877130
50 25 240917555
18 84 917919584
13 59 182176819
68 21 735227094
48 45 794825960
44 90 595457845
98 58 492952615
97 81 243513520
50 4 560616968
79 32 531356174
16 45 847349697
87 11 61998282
66 24 136597519
12 57 901216990
85 65 322420580
61 56 628723425
29 37 440484827
19 53 170025820
3 30 206975075
61 40 268986141
63 28 205780440
28 55 749592639
2 21 552755024
63 20 155656393
75 99 884830628
36 16 930950944
78 12 883156859
59 25 749514365
33 93 827464650
42 43 500485476
89 83 455306362
59 84 826371758
18 47 156457538
55 52 702364997
21 27 167605407
7 44 814414683
88 25 320914183
27 8 124512328
61 87 204249750
67 30 723607588
13 85 193405757
24 6 715617353
61 71 783264227
9 90 379173941
42 9 900644403
88 84 433491817
13 24 386863021
66 65 267783805
2 41 290240760
50 31 614959933
67 35 164254468
14 85 478336728
39 32 987150040
39 25 280280814
90 25 643766157
61 6 941813597
34 41 100471940
43 53 382331299
40 52 277133699
47 66 956075704
95 19 687040573
13 22 886155145
90 16 573682276
68 34 24621458
26 64 5952403
74 4 942690988
53 99 797281448
44 30 13181254
97 90 986536552
9 71 175848811
15 24 533497435
54 62 930177602
23 38 919638962
9 32 739936868
43 21 228856727
77 85 426391550
95 13 56147355
73 26 465807117
60 54 510553705
55 35 395526053
1 90 689843759
79 94 274323303
35 6 561068358
7 10 611470141
53 40 379297699
66 41 782096666
78 48 216241028
100 21 707274329
28 54 307061650
82 45 623148731
78 36 678947222
73 92 601886740
76 30 448626090
36 6 979613390
51 40 371386987
100 84 392014170
66 83 727413823
2 34 459537209
85 4 31813914
70 68 910121851
91 94 927888814
42 38 729305136
36 52 364148114
15 89 169005634
50 67 996223814
14 80 667864570
33 84 109688519
87 46 763925574
57 17 62096289
89 76 523945444
78 69 88149697
67 10 803464360
42 31 602577781
31 47 117402917
7 30 519920619
89 21 191983681
26 22 620677198
34 32 828822480
93 41 66336762
95 99 781894907
1 94 317508818
67 4 695791466
32 37 629811351
19 88 358989183
90 35 919675331
2 57 907874943
79 74 253539414
95 64 204021301
54 8 27220983
24 60 805536258
50 88 426410825
95 83 991819244
26 91 622065336
42 91 488424286
10 37 268143661
73 1 222504338
56 76 41634866
95 1 944330624
61 85 955559041
92 9 975424472
66 80 553775345
17 71 597327980
100 38 716660517
2 3 859776232
14 65 739195141
42 28 88596396
82 13 830671119
70 89 798697160
54 39 782017258
7 24 652708874
76 21 385325059
38 71 782408470
26 9 364060740
79 48 571359529
82 67 249132499
43 59 822704602
18 65 755367893
100 16 975278957
60 10 177743803
42 56 251048647
43 79 683763122
66 19 831247214
91 11 91805505
50 42 18368924
42 40 737256023
17 35 511710145
38 4 485015944
100 80 281484931
58 24 781776402
88 16 388771471
4 80 835150037
34 86 602687866
27 45 927158384
60 30 748157507
36 92 239480910
91 9 724300248
64 85 491557206
73 28 478836136
70 40 630123674
95 79 570146361
14 9 817126372
87 48 501162988
13 79 484910092
87 85 284471673
95 88 95362448
68 38 31960480
92 40 369451463
46 72 813571783
59 67 206000160
100 81 247929140
82 29 378108494
24 34 176605797
10 94 696436104
56 55 123057967
95 3 169695884
7 45 234081013
18 100 248711750
78 55 110788085
44 72 876137838
47 80 801978359
61 38 384614955
76 6 109632643
5 3 464611138
92 75 304763829
43 68 415416127
82 44 801503260
40 94 356790564
51 4 645733080
98 67 773830437
23 81 669046199
85 90 958366317
89 20 947621810
85 30 348846194
48 49 870120705
99 49 626369798
18 2 848286978
82 41 808509663
43 56 439304708
88 90 546820878
98 27 51481236
31 63 122714871
1 27 139540698
42 93 288280435
5 52 849431051
2 38 992275928
42 59 739097545
78 17 214002831
70 77 639911678
23 22 91587189
43 44 761513589
95 60 780517868
14 52 962284234
83 44 869876126
20 94 276310386
91 32 768990881
19 28 376076711
22 49 476251961
59 21 380165653
18 36 945969410
50 71 390782401
31 60 223057054
83 72 255376565
89 84 761977470
2 68 912189246
18 43 378127404
97 3 707712728
93 28 622506189
5 92 55479540
36 2 812209865
49 37 966048608
69 99 509007772
5 10 759010584
17 37 828359347
61 24 108754448
7 6 593381656
72 67 323264694
48 10 323914163
78 62 320688704
14 20 629674190
46 44 132078555
15 71 168235239
36 5 331120208
59 91 488408699
95 91 624645414
56 74 640983856
99 90 540368453
66 1 961316020
26 56 752619186
87 19 725658452
85 59 222093095
74 52 714532993
69 51 16365451
41 81 449848601
24 62 756327835
75 25 101608576
49 94 505952297
22 30 243795506
39 8 531305948
23 85 214790055
49 6 132836478
21 10 450568769
98 61 462727090
70 3 708087463
38 62 753514011
42 88 430050426
23 15 459222857
18 52 996835027
67 16 971740673
76 75 759526717
53 91 349278302
70 54 227490679
55 90 802397310
90 20 741272760
56 84 843152369
14 95 944279015
88 85 674332351
64 28 16404436
5 27 809468157
79 89 953980767
13 87 946688052
91 3 519538163
84 67 943590694
42 94 932822321
59 30 741032453
31 100 936213921
41 16 202605573
15 3 60490283
10 25 876861650
69 96 45639884
1 77 808627564
51 60 273954640
100 92 375625426
24 83 370490818
5 89 831181570
26 29 99010732
98 88 671213244
14 68 603363136
48 22 539103967
19 4 324824309
56 7 37336614
61 5 326295632
93 49 766742508
34 99 589650241
29 59 989859882
56 51 245044904
43 29 570158659
69 63 384173444
92 24 947998363
63 25 854003831
75 71 517416522
49 20 633960505
76 48 49466841
55 41 267636968
90 45 993428422
73 30 513682052
11 30 349505890
31 48 40327750
36 88 568925352
54 90 836054710
73 63 286351754
3 52 725228560
26 87 294917837
92 80 456993698
78 72 275411635
56 25 90192665
76 32 497630617
15 60 787088602
14 49 682845357
70 57 423346063
13 76 757484947
66 59 5735056
76 38 753152643
97 10 658441226
76 49 762331795
65 16 584107390
70 8 121155868
46 84 404792664
18 79 283273964
79 51 257058542
88 38 307300139
88 65 220191052
51 76 500343096
95 77 595318471
68 44 323384578
82 61 270827315
89 65 130900787
83 57 390293717
23 1 272877468
83 20 70656043
61 2 840375510
40 45 546599680
21 45 833769813
68 62 33966437
5 99 616595959
79 62 647561048
66 28 281100520
78 52 729167986
50 39 898011733
96 8 776264492
50 82 472756974
88 10 107073829
91 62 184186572
95 97 164079773
1 11 325696472
74 44 142562048
92 19 425572060
97 45 386246519
43 65 101195685
95 44 682452445
57 90 145707895
18 83 21009334
76 16 509302531
29 49 59023769
39 10 851796914
66 55 941065918
45 94 85499421
49 32 647405343
98 34 271582113
93 65 989604361
13 55 528556815
61 28 148103501
36 91 505021673
70 94 493138081
100 64 545210088
68 57 485961945
97 57 984637379
34 72 826381998
18 68 910880742
74 30 575377633
7 25 461392048
46 62 579098275
42 5 694936812
79 27 35959236
61 4 898732203
41 10 162050431
26 67 782915824
51 81 982365810
14 7 247707014
34 21 17924704
98 1 304248113
70 96 733195706
95 27 480587747
14 13 462182201
31 9 97188850
96 65 189408464
26 20 176884853
29 77 475726220
43 74 287720524
62 20 684026440
83 48 503991912
79 34 135470639
13 12 252861904
64 27 48221049
11 80 473283559
86 6 906114738
58 75 509669200
18 76 340561524
43 69 433724179
48 55 84262447
52 94 537773003
31 26 185659274
63 1 704288303
54 41 399736782
70 34 177935428
23 77 231695897
100 47 617943988
64 53 310281631
92 85 299460089
58 18 353008656
45 6 207268570
88 94 952932478
13 88 425009653
95 30 156032458
93 59 718314065
12 39 193032840
39 55 504623935
46 37 302487787
70 10 335306933
27 20 538118831
40 17 73358217
4 37 939714614
1 28 388394304
54 52 81131990
98 92 391097999
14 35 224366014
26 17 179026366
98 19 838169493
76 41 593587651
69 21 322999391
95 54 26346508
3 6 617191990
72 16 517926451
59 46 81364789
39 45 313222882
2 20 911045537
15 74 265906363
93 63 380912695
60 67 503588904
82 96 580878095
56 94 460228035
87 86 36536217
40 8 127250813
79 25 682370936
7 20 949640225
73 15 175016757
56 97 192174251
1 88 449676023
46 10 867383161
46 4 565098519
59 20 900762921
59 44 239831944
36 25 723231106
19 71 398569921
2 53 650794718
49 45 270231902
52 20 732669860
76 39 782848841
23 27 467340746
48 17 599534338
68 83 19513762
42 29 602151587
79 19 323078028
5 84 711687108
63 6 423424534
42 95 59940114
79 38 800492138
23 12 821547096
97 30 765129861
22 55 132374024
55 32 69342210
78 64 155216
31 6 703352793
36 35 996523463
61 32 464680124
100 34 928893328
85 72 773154974
48 38 889877544
82 77 598431244
61 65 930667568
53 46 545298019
18 66 250611100
79 72 667679084
63 10 554003807
42 83 410887040
53 8 128079712
39 41 479971410
14 36 129283238
77 30 364997455
14 64 953002516
63 16 666373302
73 71 354069286
13 17 166043627
64 57 839016948
50 33 927932926
85 86 131284947
29 40 751771317
79 54 2026728
22 81 439332130
81 80 25237388
70 60 211418925
75 52 541014006
1 49 919711652
95 90 324079893
88 40 998617277
19 11 765837067
88 34 235631912
7 22 665538445
49 8 48588524
13 92 480997207
73 51 452889278
43 2 974304840
88 20 552642895
5 24 70190402
91 83 811819995
27 52 985859684
47 5 236556147
100 53 389665169
8 4 324974415
66 22 195933097
81 6 785554697
79 83 65396581
61 94 398399431
53 67 256110121
91 71 325256798
70 26 6206693
44 41 9370313
57 55 311136331
5 7 532786984
89 6 986123294
77 46 623798147
58 6 310509464
58 87 150056880
62 8 529288758
87 92 643382679
31 82 923999622
11 37 528220290
15 11 325925209
92 89 596647835
15 34 684027950
100 63 396638341
57 25 220327864
46 45 707668303
31 87 339310478
77 54 992437720
73 64 269524998
62 45 811409679
46 32 805392944
11 55 640256631
100 25 432241653
67 8 511409043
26 24 741846179
44 81 239929361
71 94 671518229
38 37 121602139
85 83 235587227
23 21 44616525
100 59 555912448
7 97 973359523
56 41 452322355
78 89 513869910
43 62 82128092
63 59 963924196
33 99 591302166
2 32 227281716
77 17 800923335
84 83 89308064
56 66 788810629
1 45 684727054
28 57 860425764
19 38 758438809
19 21 924865914
56 85 26616466
57 49 27309769
2 30 482201359
46 94 124374802
68 86 778806345
12 16 792725247
78 22 185677289
18 48 78737262
23 68 796924653
89 72 567832492
58 82 357771949
23 98 96836234
29 12 396259060
18 67 287185814
14 75 270724988
34 94 174884562
95 57 628908052
18 16 381029492
18 69 992147308
43 46 141835052
53 72 746506476
2 54 927793702
24 45 963740767
13 94 652244722
38 94 149940125
15 96 140321554
79 49 532056291
61 81 988753325
57 71 997865469
23 43 720233899
87 3 587504223
78 92 345144894
29 97 948468451
88 27 316416432
2 46 950258160
58 19 305547715
47 60 318527007
23 5 525985467
33 64 639833786
60 41 521750660
62 35 511545395
33 83 711094233
66 77 186253861
43 30 387695496
27 49 834130347
33 1 188070586
40 25 527538013
31 65 48843000
18 91 965370881
71 80 444491666
98 49 22431532
88 67 983705316
2 49 299763445
38 86 845734357
54 27 845332182
100 8 753929698
68 4 782101736
18 40 734332857
56 9 992542667
1 60 928554935
50 28 330647526
78 20 30320493
77 9 930808984
47 37 222976410
43 37 217072623
13 47 799677560
19 22 506563141
69 66 922437466
93 25 797932627
84 96 359121008
47 49 526121265
43 19 567519697
15 9 526708449
75 83 884980316
34 10 404200497
47 41 945897496
56 46 31173706
69 74 696778514
7 46 638350804
100 17 909250962
92 38 282398681
82 63 967168320
64 6 496572953
2 84 256791090
47 22 11221136
18 81 932040883
59 9 185261411
84 65 312285363
47 3 828934970
76 80 225770664
20 30 464919239
58 85 973908379
12 74 540721225
33 97 98852461
60 71 174291310
92 86 257775903
14 12 311800047
50 83 388011789
50 17 823695719
40 65 237317770
50 57 859174370
35 80 405890476
47 56 512761024
43 99 906465123
93 77 486155203
57 35 750799736
27 30 485332753
70 53 97677916
21 55 756473125
48 30 620684277
43 40 106550945
83 30 728255211
93 61 544043339
33 8 106167503
93 69 56800176
92 39 75752368
26 16 975319989
87 35 807441180
42 36 389859355
26 65 656405477
75 48 660864852
69 19 955995641
60 37 608953503
1 83 296353212
62 55 314567521
41 94 890131346
74 90 79752092
24 44 410619768
70 84 875628182
70 27 975783794
15 27 670264105
51 9 283880197
1 71 418229433
6 80 928554053
82 91 199220237
14 61 981801394
5 48 386625849
18 61 347788211
87 7 183656520
79 28 41823614
60 25 887292455
29 22 469612302
62 39 906979372
19 52 829563341
26 48 474337265
24 97 411279799
10 49 19444875
88 22 616065629
23 8 764900664
99 20 917819743
79 75 54124225
33 57 344703882
27 55 774067987
82 38 485216798
78 93 670184062
59 52 456659802
58 51 113016597
18 37 67303798
100 41 670565607
46 96 739119071
74 55 432289468
87 4 155597005
59 83 885198859
66 86 959209063
43 51 526678682
56 32 382349599
79 9 595947521
59 74 725826931
9 4 654784371
58 47 298980242
26 21 899984772
73 96 128236822
26 38 504309310
29 56 834311492
61 7 373756489
60 65 58769592
38 41 401157713
33 54 383924737
21 49 843924383
79 36 989839068
12 45 90377497
69 59 99544629
12 27 598303580
96 67 338600327
100 49 455833763
93 19 966552976
70 44 621651396
53 41 901748321
66 11 297770008
73 24 550220503
22 32 142859691
7 28 21135324
84 30 582385482
17 6 846769929
89 39 703751119
9 72 414227872
13 74 100692804
56 87 427804497
64 72 373629892
13 90 489206846
23 39 778927075
31 90 955301502
33 59 424999266
77 76 481463166
86 45 561494666
44 86 577084515
2 76 714323322
50 55 324672126
21 8 892291736
84 44 754951118
77 11 219918936
63 72 457483293
24 74 551259857
31 33 523757115
27 4 59212015
93 40 768133893
36 39 4239361
74 3 562324576
15 48 565965455
40 44 790096299
98 37 857291218
9 39 825013008
47 7 247854026
95 59 426829870
64 71 459398261
29 25 118852083
1 72 550033254
58 9 260566261
12 71 30487837
73 2 33952766
47 92 806356713
3 71 798291396
78 3 854091073
95 21 382229951
88 96 561388037
44 94 419097672
97 4 728957292
62 52 758109642
78 70 75540815
60 94 361444269
28 49 945224399
28 39 873298985
70 21 574613986
73 27 742955503
33 81 690273114
14 84 839452253
44 38 485501631
92 8 568283155
36 45 367246892
91 39 638332388
1 41 142052637
53 84 643974124
77 38 728418294
11 3 646612986
7 63 457035899
53 96 575309269
28 59 132985802
89 4 939714952
26 71 559400990
100 13 282160736
83 41 165687052
51 99 928646800
79 35 638287703
65 30 402162125
85 67 614356827
42 2 385879933
31 28 485221659
84 20 775304219
57 81 246041056
95 47 177997169
68 11 347591495
47 53 737265430
31 13 923104566
74 72 126110245
83 54 917258340
77 83 517642467
59 32 807483
23 52 495157800
100 94 849587977
5 90 841417182
18 74 772810034
36 41 943095851
44 4 96123894
60 3 387337283
23 89 538084475
61 34 813301802
50 41 335600823
86 10 117339993
58 7 753887654
67 49 167960734
59 37 60047404
45 80 455302024
35 4 906070220
83 4 725982845
65 90 763421621
46 54 983822601
13 83 326799690
29 87 948572313
19 40 707745939
23 18 10482076
95 2 718632962
33 27 208927187
91 84 206153866
51 45 380642013
59 62 496347062
70 99 779209407
66 16 58910714
26 40 488317080
50 11 187068658
71 45 142591385
33 66 590384380
19 17 629545377
60 35 968418697
64 65 281809011
78 47 667384501
70 97 677968113
31 16 86532221
2 45 381778583
64 99 108681545
26 61 593663026
81 8 779684797
57 41 745430920
47 4 754500200
26 2 810859057
1 53 689865175
88 39 483524473
51 48 651471735
73 33 808972409
92 20 462383315
79 93 929781125
11 81 421614705
36 67 581522774
65 35 124909882
16 80 579295088
66 12 808906538
69 90 847188716
43 47 171707210
61 69 164162256
98 66 92282559
21 32 87685408
96 99 765905642
100 29 969836813
47 96 915328817
14 74 992206143
39 4 617656722
58 45 860736505
66 20 871164618
11 83 308073432
48 25 810518295
43 70 208613531
25 71 953101302
100 3 198883082
86 67 344803836
75 6 423090442
5 8 582134843
50 32 973266330
93 55 915007033
98 74 497158079
59 57 43868789
77 84 260189270
70 38 348875119
14 72 761659361
93 88 659061344
24 41 909273366
15 93 647305222
50 5 62141219
42 34 377694911
57 52 383817815
64 55 187987838
100 30 68190144
42 76 682922716
17 86 809109200
14 19 71837779
69 34 780162158
18 82 392555448
93 46 457237441
78 65 47444439
19 90 604170997
87 59 613708337
86 37 496648530
59 39 98524967
90 94 897462611
93 35 453836267
78 83 101783362
64 35 784855851
34 49 143341474
14 8 597312882
100 11 862505335
8 80 161504659
64 40 366557257
85 11 414234216
11 49 625737349
58 83 509414164
64 67 666699613
18 20 36518056
100 7 443724207
79 91 111780727
27 41 176964975
82 55 518946016
29 84 869436350
7 21 521526405
34 40 562917399
79 55 207750184
5 83 856246040
36 28 795379566
92 32 369818836
79 64 495752300
82 26 464237419
65 32 455568654
93 21 41652149
88 74 946148364
42 17 984321602
56 69 883338876
98 17 866757907
33 51 800068844
15 52 296693577
35 37 825908896
55 10 377410654
79 5 505026112
79 88 643905679
40 11 64650619
7 84 743856410
68 51 717369672
73 97 699262880
100 33 175266046
98 70 976446010
31 20 873697382
99 86 938697488
12 99 866945052
26 19 485225205
31 76 698856880
99 32 690314560
42 25 212629096
5 97 211803044
11 57 301907276
10 16 408178670
89 96 252395707
77 91 153105850
90 41 192803649
58 36 437203787
33 29 689394354
12 55 733496431
28 76 228412701
18 97 343891065
97 54 166931995
53 12 674646899
43 16 21493134
90 8 528386956
14 83 416983598
19 94 149679773
93 57 304071835
36 74 611122173
19 6 314347198
39 52 11823105
98 93 869192760
19 68 457474777
91 54 214024414
50 54 928674623
43 66 417301259
58 84 637026419
7 85 448684091
73 17 764889486
19 64 299223983
7 83 888867862
14 21 155593482
79 77 581214211
64 44 72173015
17 41 151352476
43 94 231815411
98 25 439441143
9 6 143537770
11 94 433577880
76 20 309796586
82 10 516574821
34 71 562899792
7 66 628189468
93 90 312526397
60 17 819468687
51 86 124256729
60 62 723169887
68 48 944025788
26 52 535479308
14 42 830110995
36 90 119910017
79 26 323421173
78 43 479679653
24 16 134366043
78 79 122456561
61 10 104913396
61 75 250168050
59 55 429094305
33 71 876552517
50 59 801327602
26 8 908796871
73 66 520450784
57 62 941702083
15 40 740374613
91 17 51634651
50 97 17555114
29 90 190526747
31 45 250115215
24 52 718595033
40 55 11937596
70 76 302097134
33 20 550474251
78 38 211106161
17 62 835723627
42 24 864609848
70 86 683224751
17 80 15700844
39 72 94203225
64 94 743318873
94 80 336743158
95 12 744121590
24 35 318062378
23 64 948261880
43 83 918117732
77 52 332091725
76 8 21023028
13 63 728039878
36 3 376014613
19 32 232380973
31 27 408154695
66 75 609097581
88 45 87956130
29 1 502403689
60 40 792022582
2 65 987686057
56 8 263482074
32 30 990473012
89 38 712153613
46 75 893830237
87 91 254716146
29 4 483867276
87 16 815237167
82 17 783666788
18 7 463020831
50 29 16089420
73 6 239841938
18 22 777220194
92 62 859274406
44 37 825762872
44 99 510921597
64 86 47451983
74 71 124139602
31 81 884106464
63 35 692142346
78 61 528726033
26 5 237384073
23 79 259231456
7 19 668213843
7 1 242807583
41 67 55315542
46 80 947749936
45 37 714231651
69 85 941873826
95 84 231793831
50 10 979211934
89 74 102703336
9 65 751430687
75 45 994598536
46 11 914808676
39 94 377525972
58 37 52400042
2 67 229651542
61 1 590402195
53 32 654594257
100 85 957343783
100 88 749189194
29 9 360388001
57 8 802007480
27 94 64637324
85 91 789221501
42 87 88727657
11 16 419369883
93 86 417441432
55 86 138032542
42 86 122202886
98 94 131236052
8 20 648295231
26 97 123714803
78 34 820616421
74 21 252857359
46 17 42307653
5 66 193525290
14 44 673870604
31 3 239770038
54 81 138348076
14 70 777667832
77 59 189029679
85 76 711451546
8 71 882930962
40 99 479235964
98 26 358718808
24 53 645786085
66 53 344731111
24 59 997146387
11 32 371559529
98 86 808852656
73 88 212848264
34 45 453429759
10 81 963590071
56 52 570937234
54 17 295610661
54 45 652035837
2 63 845480318
24 37 5657628
42 58 683787025
65 81 604271401
96 41 461801038
21 6 385527565
14 88 670050127
61 59 511709777
92 37 630763495
14 2 430701579
43 93 560322029
61 21 89264873
78 39 559622100
79 59 127623617
17 67 897359934
70 24 657961635
89 27 630167393
53 37 608605471
93 29 261575880
81 37 96840257
15 66 840393517
7 54 713544289
31 85 578193540
29 45 821342716
29 20 608700326
39 80 45781474
95 92 544954480
87 77 321445568
79 90 599258497
60 34 404160952
98 2 598867897
44 96 355250102
79 85 957554929
96 62 652116587
82 85 111413033
47 38 418212811
47 12 870599494
27 16 81341799
46 39 507711183
53 30 574804669
47 34 79149
9 10 338757710
23 33 272482038
85 21 109867300
78 8 990184071
29 6 565964857
70 13 977442997
11 62 741750971
100 75 416851903
79 84 772684667
28 52 199406974
65 3 224995243
36 44 807131105
31 88 212873741
83 90 790045938
78 35 435040284
19 1 858055978
97 37 500061447
59 49 355634993
28 12 18750826
29 34 250311339
87 21 875913766
24 21 97741276
59 45 474697622
96 3 933583764
22 10 199216436
82 56 271985221
28 3 292721561
51 38 366079810
95 94 248022327
54 10 125572214
64 80 180520153
42 51 980565419
55 30 896147655
42 49 966726634
18 88 596373947
73 43 202664073
64 81 178766798
78 24 875220690
65 37 963069705
5 55 270087629
76 94 819312179
82 71 198083857
89 67 150403856
79 16 979752072
5 59 749692924
50 53 979921172
90 81 863442130
57 39 36734532
74 65 879149868
65 67 81572121
15 64 548716404
29 64 397845007
58 21 512528292
56 30 872041907
38 99 127850765
3 49 48788907
77 25 310179428
7 90 598604401
18 34 735218607
68 49 273556785
13 56 264270623
82 33 110810505
98 39 32636878
34 81 457052328
64 22 578536465
73 91 206658274
84 37 139687455
36 7 721341113
88 37 955199078
17 3 20997579
72 27 486294968
73 40 627754060
74 16 456459993
50 92 365410842
73 65 602182051
56 11 326245538
58 34 688083022
82 66 755211880
28 38 569948231
98 40 615929604
98 5 490225451
83 35 977602946
47 91 158791815
31 80 303342379
31 94 955663193
86 20 995920382
100 6 236627382
52 67 455493523
62 6 500407380
73 57 484559218
7 72 150533221
57 94 39303437
3 81 705900564
60 39 58460058
2 94 497162412
33 19 67326391
59 90 766905167
95 22 782916988
5 17 997594146
18 35 359802574
68 53 611863377
2 88 334030464
82 83 685640090
51 62 920118245
93 94 7096347
52 10 639073268
58 17 681495168
53 60 415203923
73 76 404942594
76 22 965941022
77 41 434493054
76 9 653314204
83 55 725434037
56 90 452876770
56 86 287382401
34 54 439277778
53 80 816275284
78 6 398857658
69 35 728037988
100 20 308207290
69 72 245784324
30 45 243693791
36 53 139173717
72 8 222621764
51 85 278744140
55 49 314629607
61 89 163861647
78 18 264543163
7 59 173225052
85 44 345996026
92 30 863372811
23 66 776464812
98 43 612906392
48 62 999549606
58 69 104619285
64 32 643561242
62 37 73184572
18 33 182810159
89 9 703059827
26 77 651824438
91 37 215443852
42 65 338889748
70 39 621965008
40 27 762209768
63 44 548929622
23 30 890897264
53 10 405985202
59 86 989842175
42 37 73920870
2 11 720141680
65 20 656697892
78 45 869659544
21 39 394272215
42 1 540634330
2 71 811298540
63 96 850930659
69 84 159839507
58 22 17618159
9 49 298890890
70 47 42047548
5 6 221606694
68 27 846888023
28 41 730165586
10 35 689226693
93 12 734161248
76 55 758713543
100 72 436858390
34 16 316982459
60 52 954261677
57 4 165489589
31 84 145946498
72 41 537017796
51 67 227753592
79 3 631162386
64 37 501213147
97 39 925243183
42 27 233566915
100 32 673519531
79 99 119333133
54 44 729343525
13 44 729744567
18 59 28791161
48 80 752887091
23 56 498410056
97 21 930619401
68 71 200023068
47 1 627592200
82 30 945860131
93 45 344228080
69 9 454418307
72 45 103843721
5 96 572729518
99 67 873180835
2 97 817868447
14 86 604901864
54 99 695830146
15 87 660516394
41 20 882079764
89 10 46686963
56 67 379116395
17 49 700244780
12 75 191065482
98 80 773928814
90 71 467453826
92 64 936580143
2 85 701745789
15 56 974295901
74 22 724566746
79 81 727748900
95 10 938738904
44 3 114308768
98 95 595472480
66 34 714516634
36 4 328786296
70 46 998483374
43 3 116933206
79 97 427088570
100 24 9788910
63 37 961243270
63 54 482603815
15 91 309661119
30 6 78645488
50 49 321264548
46 40 73121300
69 52 719897511
33 79 871521678
2 83 890924575
82 87 2302192
85 96 796896487
88 62 453040981
42 35 527018316
53 76 435366153
97 76 332079946
7 68 567112781
14 40 208170484
93 24 324345218
38 30 3949155
58 93 639207919
76 90 361091093
89 22 195784237
7 94 298681041
47 21 680375384
69 27 686523710
69 53 442763192
9 96 583672518
42 12 323546982
1 21 335505336
3 35 224177587
23 2 481170287
96 49 289909853
23 76 282245317
69 4 437600516
18 56 133416849
46 3 303853570
51 8 574458856
92 60 65580317
35 94 8541518
89 25 110717364
97 75 435270133
61 12 802041837
82 6 966644292
69 77 946126420
100 69 441143531
19 30 68270094
12 48 804814367
83 6 677955948
33 85 341052834
98 97 927206131
44 65 299154256
68 65 233348864
66 72 897846135
34 37 507574002
43 71 172819935
33 92 564988984
46 86 794168989
19 60 989035252
62 49 724379314
7 8 209006749
17 21 903671334
87 94 661443295
51 54 788622910
98 46 72588466
87 80 731460250
59 34 868820928
60 44 766245953
56 45 291353038
93 51 918271194
63 11 681085059
40 71 832213047
72 35 245082920
31 25 379266685
41 25 561512986
48 71 629421016
89 28 201393717
82 36 373178609
77 8 128471783
59 76 396202112
42 81 939907425
11 21 820909302
34 20 311987790
59 6 663421229
21 22 183536240
23 67 845642090
34 27 105754806
82 32 333330133
15 32 956000726
97 52 482420851
100 97 345183309
19 83 910874295
15 44 521724901
1 75 88330622
15 54 914947412
78 9 765331900
44 17 243774400
19 48 714385666
76 86 641238192
73 45 523904330
92 49 475687512
40 62 771964910
73 25 262231476
12 30 944187138
17 90 93188269
89 16 1091940
70 66 934802047
59 60 368918525
77 49 583256637
14 90 298020331
19 89 312126164
46 74 581874805
91 48 469104206
82 37 663803531
63 81 586601834
42 44 627302430
56 38 840457417
50 1 783876850
68 39 643613139
22 90 141127661
12 65 48988782
10 4 441451240
81 32 436163502
79 4 634999102
23 86 998237699
70 6 445750175
75 81 36397739
76 71 749387911
95 96 850767733
13 66 534929704
29 16 124541242
84 21 823343519
24 22 539546422
70 2 364544394
61 11 868990517
58 65 940896721
31 40 964668855
72 80 392804561
50 100 462902665
50 30 13194150
13 36 806245655
15 36 376862552
9 30 600728820
25 30 475953455
83 8 102452878
69 55 542193548
15 46 561104305
53 11 188031646
7 35 322232643
28 48 398077418
47 16 895664919
68 94 310440411
34 22 162644333
98 48 549668253
53 17 286201328
78 26 78476908
43 8 226034293
69 62 158627430
87 65 20068514
18 96 745585080
67 80 244525276
28 20 525950457
36 17 845336841
18 86 223635040
66 54 981014189
73 42 503868949
35 20 552049783
70 56 566591183
57 45 586610789
42 19 889168261
83 45 775535750
5 65 540200495
31 92 481510470
63 55 734571618
91 38 139883352
2 99 166791255
61 96 203307458
58 79 308424928
24 49 116957835
26 72 258053411
68 67 224524777
100 56 705742934
43 52 45833370
23 55 44596387
5 71 315152734
23 11 309852701
75 16 781296799
99 45 122750669
61 55 931318457
40 75 69601512
86 80 196719047
82 74 348968980
59 80 612266105
61 74 285969541
1 57 416608222
65 8 675655949
96 45 711398216
43 86 461975358
68 22 65530459
28 53 378816967
2 91 795591423
44 52 493415299
36 80 411111887
97 60 790137333
13 77 891154645
78 87 94693448
73 4 510491854
95 67 35502069
82 7 563765860
31 70 80789390
82 39 549817459
23 92 937822714
36 48 405000107
12 3 17377476
99 80 584181185
65 72 640211903
86 71 5603283
31 44 721767856
47 88 991560442
95 85 282680560
98 87 673716530
53 81 309536517
48 65 130623776
18 70 670159348
73 62 247375973
75 9 285344515
100 54 914982938
22 25 383650449
42 74 142400061
18 53 921204292
9 45 770306292
50 65 53611324
14 5 505437914
14 56 661372722
50 37 687505263
64 39 879804790
48 35 463699185
36 97 375905701
74 94 745254850
29 69 367584554
27 10 488610825
73 99 836843755
40 21 727543698
68 74 991806047
3 20 965295880
55 20 785083459
36 37 510351534
84 80 807410849
5 19 723682426
66 40 979200180
73 49 470098396
78 98 822571840
7 48 965402076
18 29 887567079
40 57 737327129
96 30 832058634
14 22 29156081
57 27 620451127
19 74 136204359
33 49 796847145
7 89 187519855
24 54 78258854
63 74 662321294
29 83 159133932
61 16 547333681
74 99 331718206
53 62 823775808
58 29 497739325
38 80 687532334
11 99 530177258
18 21 887590765
36 60 217703329
68 90 631473092
17 38 42736082
36 62 313669274
33 91 543228637
43 75 192296071
24 72 790913670
29 8 387054754
66 49 662188411
62 41 432316668
40 96 100796031
29 28 298266437
69 54 48911121
88 76 767110382
61 88 947356430
28 6 549312497
93 17 713949097
28 30 779186501
33 45 86557388
57 3 430605916
27 71 814313816
100 61 109418338
14 48 64262985
23 40 429757350
83 71 785927565
79 10 142971353
63 21 596022771
58 16 182585683
96 32 980292728
24 89 301550590
70 30 302708818
93 30 406104832
50 51 22187395
60 48 391871061
50 86 706043376
12 52 136104319
51 16 731469667
79 69 104649195
29 92 246965134
60 11 732668063
43 4 799083512
43 91 559471842
5 22 295456123
2 37 891066042
36 51 3890122
77 51 221572808
73 87 807626863
58 43 70782103
84 32 280087331
46 55 174308065
73 86 661490886
47 77 284474237
82 34 931351998
57 6 290001316
22 35 667301182
51 59 738187032
82 69 516279732
34 44 810719961
50 75 795795253
15 49 23580654
75 54 299636425
73 52 314992301
89 51 40578689
36 72 290024722
69 87 891536734
87 54 473936501
50 35 587446782
48 72 235833467
82 25 965929821
90 49 517204396
87 62 78915243
13 26 689538406
62 25 689181187
54 96 62764509
56 99 937160000
78 91 123744074
93 71 943452181
95 69 671482767
13 62 239902712
11 8 452212030
24 84 558586632
15 84 836225215
42 80 900815741
100 62 79089893
60 90 254268954
73 14 891555072
29 44 412268961
24 40 118730264
5 94 629408623
61 52 78565241
43 9 408925637
56 63 427783590
40 86 279954596
92 44 664948225
23 16 123770575
40 37 325753521
53 34 548752873
30 37 739620888
77 60 632901387
23 9 236143523
39 37 236466483
47 9 407860235
47 10 110125969
47 25 833855645
99 35 306131570
89 57 160904269
38 90 252202876
36 69 309624388
2 25 98407095
42 100 236468701
46 9 632417438
58 52 944312101
99 71 900949340
85 9 481305771
46 52 114195304
65 4 489457168
97 20 274991042
67 32 262843857
78 82 290166038
1 54 739548565
24 76 798088382
11 9 672637716
47 69 991355395
19 41 376137557
58 48 481049648
1 39 972036393
78 100 605928201
85 34 422569527
72 55 482898029
93 11 885777431
65 86 48824583
5 86 245011200
17 55 18152432
41 6 544471567
91 96 141457971
64 51 302685734
75 90 927319792
58 96 258180037
82 60 377992604
88 28 271971141
54 80 239573306
83 17 760665335
65 10 507527198
85 49 785214029
26 96 202009257
92 46 967479581
29 89 465387015
1 6 373861389
11 71 756097801
15 7 768900965
76 65 617317702
33 75 755223282
23 57 673121823
70 100 176697045
60 74 229988674
87 37 441874934
70 75 852547669
56 83 725716923
31 53 824617313
98 35 353113800
78 33 551271690
13 15 346338697
54 22 305355469
5 56 777571677
31 59 168785527
4 45 1590903
13 71 142939724
40 72 896876890
18 15 347533962
48 20 370937849
24 71 619327132
60 9 97950371
66 63 887531298
66 52 107952381
56 59 615096144
10 71 132094939
47 62 242734954
99 22 485501544
58 1 180741096
29 68 966413276
36 75 478613183
58 33 983884447
15 86 258006719
33 40 257900549
18 1 155252351
14 6 72474598
92 35 786903757
9 52 902155739
71 37 97384016
85 62 38467898
39 30 89196440
31 15 274181332
98 7 210434817
97 65 700582646
21 30 412102195
87 97 956706654
77 44 351439788
22 16 122522465
29 24 830721386
87 99 146264451
5 87 316845902
95 26 953601506
2 16 632673429
76 12 848372032
39 6 329654353
96 27 109474356
95 35 912633139
63 62 526241761
47 93 117538919
43 27 7252422
91 72 474938905
82 22 686359476
73 80 699733346
87 72 496360981
3 67 77166783
75 32 959138004
22 41 938113515
100 12 788141331
100 9 841654593
36 54 712225012
95 11 495809669
69 60 786350346
24 57 470607714
15 45 842360677
91 55 441167366
7 99 984885275
87 30 200084025
74 39 701925173
82 27 595620390
75 20 714401759
77 65 390310010
40 54 298161829
57 20 957396509
100 46 665843049
62 71 39817032
13 57 650696266
14 43 472861770
58 61 395284477
15 97 773680803
94 6 375223520
99 27 503654476
100 15 448225687
96 16 436714479
11 27 927312270
50 96 475409854
73 98 113807890
29 38 868811870
26 84 357629456
86 8 488016400
1 22 641069519
60 6 135915970
43 72 520926987
73 79 463660743
58 64 243881286
78 67 651661876
92 16 994909446
13 80 201451932
49 30 363864542
56 28 571030949
53 74 289427577
89 99 920369339
28 71 916904603
44 35 247225990
17 8 344932661
7 32 535037721
11 75 623718563
48 52 167674679
92 28 32736487
98 69 19561409
14 57 486080018
67 94 810911788
59 81 678575728
88 51 978689226
24 48 113988727
79 60 821142366
89 86 313163848
78 30 997238749
70 93 822063203
91 67 975908094
76 60 596422407
29 48 718296894
43 97 403241825
35 32 184352127
3 94 888427480
26 66 47433989
25 37 780861275
9 25 732272175
83 32 838048743
53 71 753977021
47 27 778793926
43 100 33817776
55 25 944882714
42 61 818397367
60 16 62028837
53 65 539225302
69 20 952848185
86 25 414692888
38 35 889550849
52 45 50699136
5 75 783454682
13 84 992776555
97 22 334356312
92 77 831621311
59 71 268282590
36 61 659390419
97 6 464018915
14 30 527822103
31 86 917090459
100 22 834965381
58 15 570811053
33 25 785255670
91 45 143915906
97 53 538817732
66 6 828228977
84 62 640184249
31 46 252567859
84 35 432787193
33 48 651513841
19 86 976036676
73 37 825316242
25 4 517166570
73 5 637453948
40 9 130217149
74 67 970649506
9 16 358586971
77 67 513234029
61 67 929973672
51 3 39393920
68 17 724612625
7 67 389265454
7 53 74676402
83 67 562625789
5 54 682277950
78 71 493457068
5 49 491608763
46 49 87256315
81 35 947788571
64 30 814718806
97 74 58802977
13 2 881184445
63 68 446207762
12 41 242780824
92 11 779422734
73 70 196034027
82 76 892200918
96 86 350774610
13 16 841056384
28 46 356468946
55 81 122130884
29 5 577366702
11 20 259608989
36 32 363983104
82 86 92587364
7 74 539176325
89 53 666622960
63 45 768986226
1 85 580812688
38 10 895134198
75 3 801722265
97 12 659944207
33 96 774177535
23 54 673393956
95 61 527231825
77 72 893922344
13 68 259638537
58 11 662133144
96 72 16690189
18 94 523110979
79 87 353332008
5 85 609078336
33 47 642197398
87 8 99742305
87 57 366844982
28 10 933104609
50 6 218120510
69 6 353690357
2 12 521487682
49 16 734578015
18 49 920143560
74 10 871763913
57 32 822991057
19 49 133244549
9 3 791341642
50 21 389813622
46 60 139569468
9 35 417596201
23 73 174371566
26 34 445730772
33 24 50492965
47 57 968870847
57 65 810385271
31 69 706466037
58 35 265270737
64 25 291940955
41 86 916730129
33 55 362166936
70 91 462104370
51 10 649171958
64 4 679210213
21 4 337017036
33 10 70756161
72 81 444822257
98 45 493826161
18 39 623993179
64 88 783621838
13 60 973134808
79 66 727871402
74 6 347030693
98 16 733627958
57 86 201253093
47 75 167764827
35 71 809541826
31 56 830010216
95 75 733804358
14 77 318348504
26 57 398877692
68 88 473860920
23 24 984369497
93 80 972119288
13 27 828800831
99 25 979117087
22 71 261925268
31 36 902457345
1 44 795660847
19 65 54446904
97 94 744827582
82 88 265416581
43 1 895410689
14 58 936544712
54 32 207887609
59 22 763754785
8 94 176991259
26 4 556484562
82 35 568096870
97 9 22536941
61 19 801687988
54 4 33257386
95 6 204645062
93 60 535032726
11 67 217625644
2 6 764887066
2 4 32006216
86 16 581159386
14 47 82768214
46 71 43476150
84 99 281190637
26 89 171664284
36 89 41663886
33 30 817384133
78 27 113956973
42 84 167134622
42 75 680242718
50 12 610169467
21 86 170966224
34 25 454329732
21 38 365092560
1 40 878593309
97 8 722952661
73 56 805547373
90 4 896410734
12 94 762511333
73 94 423152695
89 59 122380661
31 19 854161075
57 74 568344609
65 27 489632711
81 45 837872513
15 38 705221512
42 39 241803609
60 84 96653752
40 35 401919633
5 37 96264728
44 55 460446433
89 90 751686344
18 38 706623433
44 32 239227785
26 25 207681867
92 10 774306190
78 44 113925214
81 16 742014936
28 72 688799445
14 50 189469384
51 71 408477697
34 38 986066563
78 11 566502466
79 52 5257227
60 55 517595782
42 66 597563288
14 82 499134374
91 49 960160120
5 20 422148867
100 35 663581506
24 99 169399713
58 30 668484645
33 4 628458573
31 83 635587248
47 84 682742455
5 16 672430734
87 64 569007035
100 27 695728565
52 37 276890723
64 46 810872341
54 74 853644025
56 49 291541521
63 22 240389135
50 61 887395096
26 86 636315472
29 53 478328540
17 52 176872513
89 77 999826254
68 85 426841644
26 59 149076348
54 71 291488188
78 5 902139194
68 28 58492781
32 94 958287704
79 76 479963906
2 1 162111080
79 56 595854700
23 47 697633319
11 48 364662649
1 91 902363913
23 45 776349046
50 34 663818575
7 71 548231456
91 20 994167627
44 25 753328419
72 90 692225516
82 24 510736952
98 20 507234235
97 46 268229371
50 16 617103656
98 68 968764980
40 90 378927140
5 44 379171079
97 96 605833275
70 28 240405342
97 48 997479628
85 40 779760589
24 86 26122401
78 15 284654090
30 80 689860603
1 51 186853539
5 60 901339622
2 40 500651897
62 10 489053249
67 45 856694233
87 83 226174303
82 99 870735197
66 74 928920865
33 41 998169951
97 71 538527898
89 75 85566203
46 21 272009690
13 54 137283390
11 65 963560792
58 67 709215934
58 91 399933666
73 12 732351108
85 94 687239256
93 2 142166787
18 46 668706097
82 9 107036161
35 45 169096639
67 25 826695241
24 38 629459961
79 37 459319547
46 25 632176089
59 16 697770751
42 96 61808861
19 80 428989077
98 83 167208337
89 46 158601782
19 46 692761212
64 20 879871471
53 49 756949054
56 1 864770861
60 72 167600618
89 32 488409210
31 66 219383916
87 39 388259996
63 8 346556805
26 69 970970715
44 67 759016339
31 79 172612315
87 12 364497743
12 54 58824693
46 27 755516444
21 35 921444174
52 25 276410536
100 1 433406375
50 78 329271590
29 65 319647200
43 20 740410304
97 72 997185502
31 75 249175594
23 60 456071216
47 76 909916555
43 39 305862349
82 21 660249740
82 54 60976705
82 68 604620783
56 77 818461889
19 16 965951234
13 9 724775007
64 45 137086777
77 80 170464572
54 67 914394450
78 96 66795324
98 28 660584558
73 47 824829686
44 27 900849878
82 93 818771268
48 37 475012055
14 11 726451692
7 60 2989863
24 80 128948788
69 44 54183312
81 4 784169652
36 85 577916784
58 46 239454393
17 99 517837498
69 64 273073712
31 62 790391348
62 4 798562970
78 88 574344126
18 87 316368966
82 53 256184648
96 35 177391663
42 45 742599902
33 76 39173027
100 51 18051378
58 38 728066548
73 8 686357982
10 20 25740393
22 8 568313384
19 63 359374824
78 40 133355368
29 75 3333728
82 3 718972776
36 56 762535408
99 10 110092270
47 63 664529503
49 35 639964459
43 38 693716913
98 13 849517790
63 48 80556927
47 87 136031988
31 24 531587471
73 48 632964894
84 3 855413886
23 20 245493272
68 32 274295568
14 41 391303637
18 24 961281549
44 49 939080689
86 32 603728609
31 7 383332516
36 8 768253112
69 88 892060298
46 41 34537563
88 49 723552215
63 75 139246412
73 90 455970034
12 84 585670513
43 63 796601172
93 1 738228808
3 10 201244963
33 68 781547057
89 3 999262253
78 29 222857789
69 39 342733805
23 100 559771093
15 19 859999191
66 85 672875967
61 27 810264422
54 38 942815379
63 40 719666919
31 32 796277339
46 22 446171561
47 15 899729544
50 84 594939895
93 6 129820780
100 26 615475645
66 37 371870191
30 94 84633682
15 75 993743940
23 69 64847322
47 29 636315442
56 96 101500143
95 20 491090209
14 55 442239974
90 3 56117966
40 3 704880479
40 48 120383432
47 59 268798350
64 34 393709910
89 94 807204340
62 27 328632242
36 94 992300043
23 36 408534226
23 94 245929861
83 74 333025151
88 46 155491251
65 52 189345404
46 65 770419772
63 86 936052491
26 47 660270980
85 25 893070862
85 8 493528862
79 2 531541378
98 77 851360796
81 20 847463149
50 47 673301995
82 57 343282264
26 55 495687554
65 6 346367043
47 46 176242958
5 41 785363446
52 30 951895343
68 97 908964715
91 8 279377346
82 92 928425063
70 17 802856085
52 16 33347112
14 26 648295076
18 89 514250120
58 44 522512248
50 2 108413667
95 43 909966012
43 92 520021142
3 4 605668973
28 94 107720885
79 45 558402785
76 3 157276482
73 35 411193850
23 90 955313518
96 22 870421733
28 44 809228503
51 65 109844451
5 74 392283611
56 64 795745343
79 21 15742800
85 74 539379316
65 71 805970073
42 48 468558203
13 61 647327161
33 34 296742521
15 53 332737331
79 6 308933821
47 97 879512436
25 80 294268174
1 48 777992544
69 83 769647686
26 81 762374550
90 32 942661192
42 53 383963643
15 55 713600275
43 5 648389188
82 28 187628134
87 53 329237779
12 81 61711190
63 65 174311694
33 26 234839377
83 94 529252342
43 87 719358004
14 60 496036399
95 34 675741840
64 21 828731128
33 88 875983509
61 48 897555656
1 99 246348880
51 44 440366224
93 75 668938931
91 6 251058180
14 25 485734869
68 3 905102122
61 41 585925330
74 96 359037670
43 25 749940078
31 2 628413832
77 55 98501176
52 49 280461405
5 12 172736040
93 62 390598003
50 85 41631950
50 38 352018840
87 66 679883479
61 45 142087237
17 10 955581896
21 52 36205942
14 29 203097981
78 53 839709229
75 57 391713929
42 97 677152266
62 94 417444005
70 51 383001418
98 47 730335384
36 96 218664840
69 49 157540480
3 86 8345538
93 72 868296365
52 8 577765415
40 83 148847984
50 13 608340039
42 82 399494597
73 100 384016927
63 85 120103191
100 10 629873317
29 52 687738429
1 10 779520536
5 46 444284513
100 67 613770124
95 36 543807811
37 80 215822110
23 99 966260575
40 91 266451120
61 63 518233424
13 3 962191249
15 37 784116806
91 52 797907794
73 41 107127898
19 85 338643841
49 71 483966366
43 61 606731587
8 6 639809873
85 75 394807995
29 88 271074454
77 45 276875943
57 10 769858725
91 65 477934362
38 22 305798726
88 30 90764864
59 72 697577351
20 37 66990585
63 84 426336979
73 11 667231120
92 1 985274664
78 97 144361822
13 5 933632951
75 94 701846129
62 80 22852886
77 37 461295635
31 96 573448495
33 17 362449682
17 94 164206570
52 86 258998683
100 55 263164112
93 56 652297686
24 10 963943219
42 41 157943652
70 81 368571561
47 36 522668826
65 80 386629455
51 97 107375056
78 13 874249553
66 3 100906921
26 3 789397378
95 29 752741806
67 6 280824355
50 26 345156128
15 61 796343006
21 37 911008824
53 22 51993404
47 81 533438753
63 64 905876526
43 41 295522225
66 30 802800307
32 6 803574260
5 69 406058650
87 34 188033703
82 8 380001657
42 16 819546287
36 49 577436627
89 54 4180016
70 74 217851202
54 48 854176656
15 41 306363776
93 8 659753046
58 49 709048221
100 52 528381448
100 39 33120692
76 4 651498444
1 62 840140847
63 99 742268382
40 10 715874780
93 20 323140350
13 65 479215110
89 85 255056137
5 21 131435819
12 32 980501478
85 60 648188848
89 62 976615704
84 27 884113154
72 94 524925618
63 17 929324096
79 63 150698833
87 27 937329008
97 35 103433404
48 57 50119684
83 80 823030296
36 57 824055887
79 11 713422981
5 88 787860196
23 53 223554716
47 28 407960809
95 81 475835006
90 67 802603058
13 81 578399391
