100 4950 48
1 1 1 2 2 2 3 3 3 3 3 3 4 4 4 4 4 4 5 6 6 6 6 7 8 9 10 10 10 10 10 11 11 11 12 12 12 12 13 13 14 15 15 16 16 16 16 17 18 18 28 44 51 64 74 126 128 137 154 213 227 239 256 301 313 337 1275 1503 1565 2266 2775 3714 4159 5189 6239 27025 35644 75204 93822 98061 1214680 1507539 1704362 9853638 38671243 72968155 153154986 262317012 368370157 394605094 396938558 599995336 611686971 634692051 714928573 729023282 921279935 947135947 987832450
72 36 76677418
13 24 756291563
93 36 118693786
19 100 663313922
32 53 184834329
96 60 195370744
91 21 170507156
77 20 531568943
21 58 9249224
34 38 49747791
69 8 77053812
33 5 400358868
77 57 684791171
17 25 128539077
56 11 48621313
67 17 966619776
75 86 310948409
94 25 608148650
91 38 513221974
1 3 462649657
73 37 5001582
11 44 664261571
95 31 980751405
19 68 577756203
19 91 704857100
63 18 833039503
40 92 196122432
10 90 529359933
19 75 848567454
51 42 366564366
32 89 728293852
95 39 586307892
41 82 574110341
61 87 277023053
77 73 960480327
7 25 38775844
30 53 790489205
79 98 394594517
26 38 33738668
13 73 751031172
10 62 492284805
13 86 579688780
78 70 332266972
83 43 490488215
39 25 258809394
32 8 537769934
55 11 951643966
88 51 993835986
82 28 491578394
9 45 788335433
72 39 505854145
47 88 896089763
88 49 384037605
22 81 758271365
26 53 34614564
48 100 159427464
6 55 462904983
72 74 554799797
57 92 470827964
66 31 723333172
41 84 768443730
79 51 730750519
19 88 684706291
69 74 616734985
67 14 803126449
57 45 990297454
19 96 672903561
52 91 695273033
40 38 886287036
13 62 342382661
38 90 405209058
64 16 869968086
15 89 286668861
9 95 320524984
91 70 683308299
79 53 603437614
86 58 919231553
32 34 434396598
1 86 956532558
52 83 657511131
47 2 204074471
67 2 890860578
7 44 460788370
51 12 721382583
47 81 200517110
51 39 640187610
98 73 391212104
56 55 274498680
34 40 328176397
96 17 386096439
45 42 462422626
22 51 288259322
4 6 758150591
75 89 606651620
72 45 69012228
20 30 774151781
61 43 686882617
91 93 920439021
15 4 638189451
12 62 716519526
40 80 223898113
79 8 619262518
91 50 749284526
69 26 209231382
65 88 206516557
94 28 399793858
20 25 786877156
93 46 42311447
13 43 283680640
83 59 613960090
50 38 698630589
32 20 696622167
91 25 910330319
13 74 145716718
62 80 723495692
66 87 602194744
50 25 5981974
40 20 57146365
87 46 154192775
48 51 403812850
40 81 756401122
17 37 126969844
86 90 260815705
35 24 389598534
15 8 365731927
15 100 270749182
39 90 355661869
1 38 908399260
64 14 633367388
29 8 439695042
69 51 910324730
79 30 815828642
43 92 406758718
25 27 948551906
70 58 441405511
75 25 130691698
32 99 418247766
22 88 747514051
92 38 419162381
33 11 472913488
8 62 131185677
19 40 678298982
15 9 664769529
20 53 517097442
52 55 44619139
91 11 592428174
58 76 861386059
50 51 446469502
50 36 483024726
48 58 870207779
10 31 177611773
39 37 639789313
50 94 323546536
70 68 176220210
57 44 766147581
4 42 783070972
91 1 615763924
8 60 658078360
63 75 957173931
7 89 539593164
5 88 910779086
95 65 868969911
86 49 102443151
83 14 796445923
5 93 991262362
65 28 148145082
43 59 643643453
5 9 951304265
9 26 925131778
74 90 819218645
95 14 992444694
79 40 42862179
91 31 63120879
33 16 799895721
17 42 861898333
63 49 173401630
64 39 740680419
48 45 537230373
77 35 491545969
9 89 881406330
50 76 619650041
65 54 233176712
14 37 38821867
100 68 108262551
77 94 637968089
77 76 639841760
63 24 50853165
94 99 676058143
26 44 536103148
82 11 272084667
89 81 156558106
26 18 85760712
69 13 477674982
62 46 870838811
29 67 314518734
33 18 804663438
70 45 42742674
83 73 661232629
87 1 282747847
2 82 76844359
87 27 914646838
61 56 248680599
5 87 18198235
69 79 454679110
32 95 962897617
82 73 537348889
96 74 20706128
64 34 825639163
20 54 954690464
91 98 297587195
96 53 551763470
57 18 575363307
39 80 564591023
4 91 2891515
92 21 768399848
58 62 449421694
63 45 800931178
89 10 994201477
70 84 874072114
52 86 312147784
32 36 21155387
70 74 696116633
30 49 379560287
83 51 866650541
86 39 298110340
77 85 824071013
9 18 833820321
68 53 758324247
4 51 895296719
39 55 982246429
63 39 505087523
78 18 87642626
33 66 839078697
78 54 54679796
65 92 765955042
9 37 572839762
48 32 519783734
6 12 427959851
1 77 851676877
35 37 288821827
48 94 73930199
19 65 677654632
7 31 499345894
64 44 389473994
87 20 838136693
45 54 368860903
96 37 727891813
95 50 22784875
82 58 777554187
51 25 419432372
64 92 643107104
66 43 741467728
57 23 877948482
99 62 465075807
79 28 826164564
98 20 845899009
35 31 509343647
77 80 188461602
22 18 806031479
27 46 626985226
7 38 697943161
7 90 639540205
83 86 394738737
47 61 1258098
64 80 845851519
78 55 753107898
87 37 356752070
39 81 794662440
80 18 147715841
26 84 397387704
66 59 963681512
87 83 581375440
95 12 151016376
1 82 885750855
29 39 249341770
53 18 806535446
25 90 447431498
1 16 467474403
95 25 940528878
5 39 232320827
71 12 245479878
69 57 935894843
8 84 407505521
20 12 522896976
62 59 817519602
7 55 524320724
64 84 689261201
29 59 946544520
27 73 779418291
4 61 66940725
17 27 292982532
24 16 87199830
20 11 661688165
15 45 494734278
49 84 482970524
34 42 101058956
79 59 897823458
57 10 663758404
79 3 396517599
6 1 682985969
32 6 58003617
48 54 456184201
67 35 109214060
25 74 689581855
55 90 40335517
3 59 301848127
8 85 673127597
48 82 786487099
8 93 377839494
12 49 903555969
36 68 72770125
32 3 960544023
25 38 132286508
64 13 633717739
47 18 616577699
15 43 466423961
13 94 601679043
83 46 307747057
15 55 921619138
47 31 403224462
60 3 290967442
21 81 230898746
87 22 537870085
63 19 968724384
98 8 136364619
69 59 514028579
32 1 151612923
88 90 111789028
66 84 433437034
6 76 10073152
91 24 658826548
12 55 151705691
82 31 695310952
88 42 849882924
52 67 842006411
61 26 64741060
14 54 931421866
72 64 442763146
4 84 730791812
43 93 225881803
41 31 360603738
64 58 676010473
32 25 542108052
4 44 995394843
52 9 980929373
8 14 345073568
40 56 482525588
89 21 281906230
55 81 552579626
9 57 276011984
9 38 595500903
26 14 918903268
97 77 551401241
77 60 123346589
2 30 426060894
20 16 328994433
33 69 621818480
97 86 172568750
96 59 379266743
71 22 692110434
52 35 675504674
88 76 13649707
78 65 855988620
78 22 308738194
50 53 234244993
43 20 439774509
99 60 37282462
65 73 343619201
78 20 304044691
88 92 628190137
9 80 588042536
85 42 261677007
66 92 16397812
33 9 348576396
78 82 139227624
63 3 888520642
32 66 993049139
29 9 114355198
58 31 207134340
9 58 759673904
75 88 55000385
19 34 519720167
4 30 968860864
37 53 429724550
6 89 6539386
100 88 702238926
89 23 885676848
15 86 546954245
100 39 143515567
26 30 385397588
52 79 447920314
64 43 334355035
62 53 76839717
34 98 926026749
63 36 509526144
4 90 596833141
87 90 544687166
35 51 502469962
56 16 530504650
52 65 717852207
7 21 949990101
64 37 294662544
83 80 793855885
100 14 769743442
20 23 841398829
47 37 615610234
32 43 625007474
63 90 360926140
11 74 419352361
64 78 734148544
63 100 353464229
65 25 345526748
7 54 354116553
22 31 767818239
92 85 758197882
75 60 563231247
5 67 746625553
4 7 510790970
60 54 830057841
33 82 46018929
48 66 29196956
17 68 725702386
47 10 826658489
81 73 270411452
98 41 264612129
94 88 737915915
75 13 180846074
4 8 899117042
65 24 457478020
97 81 306511352
5 64 550221629
51 53 406064080
8 31 232664162
15 65 204686891
63 91 562549846
34 35 754868535
94 62 130789210
62 24 105428692
64 49 84160417
56 84 335185985
63 40 643430855
29 13 847770734
63 27 859921417
43 74 408981558
32 24 434661116
89 53 47441234
71 70 575463490
75 71 76280696
70 7 613297400
85 74 999056685
20 85 496236908
6 93 359995343
9 41 379985812
1 65 671432348
77 31 929486365
85 44 541992903
1 94 347714083
88 30 455451148
87 94 452805112
98 55 763211888
91 18 947656214
64 90 336678641
69 50 809082580
70 56 722084791
57 56 337610852
98 86 884173022
72 20 763845102
27 44 230180564
86 37 383721914
87 28 354448505
69 49 750366881
7 49 454777798
95 28 305095204
79 50 201588390
54 73 901844548
57 36 770137407
97 73 324598911
40 17 165707398
31 42 134657340
1 70 264321128
72 85 385508759
77 84 920518257
79 73 400792816
66 83 198920899
93 49 89108756
56 24 986291080
40 46 417027490
19 26 395593431
7 62 997999674
8 17 100965445
4 19 495553351
82 18 994866927
27 59 526605291
21 28 903212999
47 63 446366790
97 9 724908447
40 53 867913459
78 51 381367438
60 31 811425272
61 10 192241596
30 11 634975658
9 62 935230268
77 59 600601041
43 8 803502000
4 82 687801607
95 81 545505884
6 49 303173953
19 17 249060084
85 16 219335526
70 59 743940522
39 59 234758328
22 92 877235385
81 80 553845511
5 70 550559446
72 83 518124951
2 59 979846892
25 37 902913490
28 90 296076350
80 90 136657968
98 31 24064782
40 71 678563253
30 35 19111340
92 49 868911995
48 79 497703855
94 46 530403362
35 58 850436153
82 81 291520470
14 46 480184062
27 53 212679063
94 93 582205574
5 20 373801219
2 25 433122914
8 68 814573845
21 3 328525711
75 20 281481163
36 80 626547649
32 74 268431282
20 51 449380656
39 16 618228508
88 74 885684458
78 98 650095310
19 81 691041228
96 70 510003607
43 42 545760707
30 44 753738267
5 89 405310152
4 94 923164054
48 72 176639953
58 16 577741272
34 50 42568653
61 69 503875773
29 65 993913221
75 24 465470513
83 42 217947967
1 80 245782259
95 46 435248130
19 37 411112303
34 39 269736864
15 53 188935356
47 85 847581931
26 17 443910723
87 95 54554412
52 96 800263786
69 37 489224549
36 38 111670101
87 24 639337726
2 73 365862812
79 76 997998044
21 45 878776866
15 13 464292164
10 59 178860179
29 16 701609474
97 44 497956398
85 28 966278903
3 28 318116535
6 11 822869022
9 98 970377393
63 74 373516211
52 13 884646721
100 76 619046909
2 16 784004269
29 80 691074075
97 80 372221007
4 79 602874498
4 12 545966385
12 28 106745644
47 12 694134023
79 42 943199985
4 67 492423453
33 47 405980130
19 11 550814455
79 75 799186921
4 70 151118014
75 57 147676127
86 93 554595030
67 38 142027999
99 23 516610392
30 81 880814908
5 97 104112454
33 41 575966693
75 94 729815920
67 69 871377912
92 18 431138172
15 3 158276411
22 60 354893334
35 21 445754206
70 41 736914390
96 43 658024288
9 13 65887805
50 57 139638849
87 60 182275604
2 90 374959559
12 59 677420147
72 96 466648076
77 70 473147950
43 23 282320257
66 27 458650329
20 36 183235314
47 75 538533738
57 68 43884578
22 3 335601983
32 76 682520842
26 35 894322871
91 39 225138047
63 69 778745418
86 71 34748241
24 59 754809952
26 51 965192708
91 96 256378156
64 100 915030793
15 26 643592779
14 44 358269256
58 18 212885164
80 73 905805924
63 93 466174397
78 28 528621399
17 49 651299718
75 90 474756415
15 69 259865353
96 68 916118573
22 28 64400706
98 37 653503444
61 60 913747948
8 59 492298002
6 39 775682232
91 84 523556851
30 55 299559469
66 24 553453377
34 20 518123080
100 74 196811522
43 88 567951934
79 41 451842390
17 21 939096322
95 56 87050660
50 45 91411478
64 36 76183843
97 53 341944727
21 74 1554754
30 59 645219669
60 11 499974713
40 73 923223011
15 71 448139249
4 41 265338758
83 13 607181570
47 13 170372650
29 82 749272663
13 80 5813347
20 60 961857307
13 28 630191316
33 12 718771595
91 12 762463114
34 1 774978372
63 41 587605410
35 38 137846821
66 55 779874799
93 14 772069800
41 80 724230368
57 58 944461634
89 18 787173135
33 35 60028331
66 68 188488135
93 68 131838267
51 44 793913768
56 36 321853809
46 90 385145345
9 76 99709897
64 98 702315812
1 93 255374238
4 50 250977082
12 42 738201183
15 6 82199397
1 92 572104805
94 30 48470242
29 31 376231269
15 63 993613199
99 37 985989918
96 81 127709897
62 49 682773529
30 16 110038627
10 16 459372324
30 10 264927505
95 77 32271546
48 96 554878642
22 84 355229745
40 44 933784060
5 86 884373352
35 11 154907556
8 45 541967914
91 90 626672882
47 89 504815087
2 27 270095077
63 2 997060815
8 57 407037796
48 85 57860488
57 81 393282880
33 60 514962650
48 50 345204703
54 38 627026996
61 78 125083296
97 30 845589110
98 30 164097254
26 59 159873957
7 76 591037985
6 82 846550855
96 56 106364567
19 94 279195693
64 95 488119622
66 22 963062775
61 13 11470443
26 31 445265555
57 42 539957091
8 41 674761211
17 62 812597082
54 37 961136080
60 14 849329287
14 27 53482517
26 49 972169623
100 82 813474285
34 28 608757643
64 74 996084477
40 36 286169304
67 8 15434057
14 11 734105556
75 18 604561390
56 27 38430247
2 20 187101313
5 15 802890105
4 93 632072909
86 35 691397763
94 53 430324337
97 68 78740457
34 57 285628267
78 17 259245633
32 98 125762225
50 70 705472637
9 85 627425965
67 76 356373393
43 24 60109018
50 3 273589656
81 37 803208410
51 80 431908031
14 55 294859971
96 38 153118685
40 22 126385679
80 53 398812641
84 16 860043855
4 45 759701003
6 72 421142688
48 65 720047363
84 74 413602749
50 74 516738852
94 10 577543897
70 49 838085981
100 46 413174843
71 11 289895221
32 100 828809546
67 87 11848571
98 76 567157169
79 37 673166268
75 45 79302444
88 59 557451968
33 25 357493914
2 89 634014907
27 23 550230408
82 37 382681395
83 44 72332644
5 78 45173395
1 81 191228140
6 28 750564675
96 89 147659716
100 37 385339485
11 46 657206165
69 54 254215289
5 23 235931010
3 31 135252086
3 25 470011006
15 96 632045454
2 51 306220073
61 86 235740102
9 1 144159684
10 84 596676578
78 71 9997775
77 27 968434365
72 75 928702303
67 37 173692670
95 11 91046674
50 73 769011331
8 89 750115783
87 65 359306473
52 71 658123228
54 11 764155710
19 18 601331716
75 36 453845816
69 85 509192687
56 80 608205882
100 30 161315342
32 21 833807990
48 86 279006658
92 90 119689878
61 77 497333781
85 10 745350544
35 16 847967843
52 62 328528805
100 86 285326809
67 26 492721363
22 23 163264901
28 81 648059736
1 96 361766278
56 90 797601034
65 20 255723130
74 37 797119614
100 85 828770077
23 44 208537970
47 83 993420048
34 54 415417237
88 54 263914429
100 21 619372168
63 62 550419935
17 46 468324716
3 74 490845002
88 12 525703666
67 24 30221473
79 71 937979693
23 68 21783533
52 8 368067865
29 93 929402275
41 12 735666043
51 81 552341233
94 35 807020730
14 80 111728898
66 49 620424113
69 98 599384623
33 78 613124420
33 70 479187962
33 23 287684787
32 42 405671802
43 89 593175644
30 54 660214337
88 37 711155698
97 17 49130300
77 93 414561972
51 59 964613560
35 76 895295745
72 12 788458015
1 35 439171978
48 56 14708998
69 94 810891795
7 82 535161043
19 39 239140442
5 11 163696504
64 73 420876447
58 81 958074067
48 49 682574757
1 43 899468811
100 16 775930106
7 51 259476521
17 76 355340035
15 34 51318762
29 26 222560842
87 70 532807275
78 83 707222734
96 45 799606814
47 60 14727993
55 46 953674611
69 96 288332650
24 11 86149957
92 3 35861464
87 81 132875868
17 88 899990439
9 31 317842976
5 10 791463387
27 37 591938172
87 80 939245582
50 42 195698210
12 39 800416236
96 98 476447220
6 46 714496326
66 71 272370824
70 18 351536937
91 49 890872556
66 7 960074245
19 69 660455563
64 10 331051406
69 34 445067898
68 44 208745092
77 46 526085143
81 68 225281587
6 88 74598510
99 49 734860230
62 44 437735856
26 55 15672412
5 13 531876303
78 88 240667114
15 23 540857685
71 73 653431232
93 73 672985613
40 45 948832710
2 21 66324812
22 14 933021721
41 18 496256030
6 54 45459097
5 17 206502232
69 40 907113205
14 24 372170399
83 96 82799703
71 46 687482978
41 39 994652925
29 62 360135637
26 25 443434097
61 50 765463613
20 27 168013325
21 39 603175730
51 16 410750216
68 37 549846655
83 76 161355297
77 55 92463034
59 68 955319361
52 61 180148958
34 62 482461128
95 93 579262443
87 2 19466243
87 86 578814587
40 41 274261799
76 46 887204399
47 74 960088636
10 56 604872662
22 74 908776458
72 49 22676542
3 38 801662931
96 73 822953438
7 73 638782793
66 20 383052555
33 52 471705619
20 46 873777243
15 81 43222136
25 46 311193108
4 72 690606729
10 18 831952672
84 81 615556981
10 81 719895373
36 16 923399983
14 68 146637387
100 49 100368011
96 12 711281603
93 44 780087720
7 88 202104211
9 93 510199213
12 73 479279143
43 73 1166852
67 65 802436100
28 59 474216259
67 70 839321454
91 77 935170220
100 93 405807262
73 18 537958507
14 76 55707184
32 52 999200466
67 39 797325323
91 54 211146545
34 84 974817434
54 80 759667330
52 99 520525458
79 96 949967816
48 19 303811070
9 53 241907383
72 10 79569353
12 45 728986326
85 46 461194648
23 54 996415926
78 24 983116896
19 42 323067961
63 43 90004445
89 28 992143835
64 87 171668533
33 62 633432940
78 58 154124517
8 20 935214764
12 90 45293328
69 71 844578631
67 3 1425420
65 45 606322729
56 49 187551209
47 87 881143135
34 11 576271217
32 80 105502528
36 42 910407099
52 94 625130411
2 88 690537932
96 55 161199464
43 80 613381702
71 99 263247717
49 23 266915258
4 62 980751100
83 53 439002567
66 18 382128107
9 100 654979868
15 12 368447884
6 60 578775682
27 68 301233439
34 49 757781848
99 16 394143976
91 73 325748147
98 90 591626187
83 91 454140874
4 75 515758719
27 81 683815614
6 94 136636038
70 30 357033399
100 70 73762882
65 99 965533640
57 46 246218495
62 28 953143299
26 11 663266487
32 10 759490284
63 59 143375699
84 54 112475239
7 18 244608846
40 27 876656035
2 3 426405358
95 59 273253164
53 90 791904974
8 76 691984662
50 7 18576348
47 32 661406925
48 4 452594174
10 23 502285472
6 31 559005573
14 16 301667967
98 57 691984374
61 67 337499473
96 18 168467439
6 43 136702993
39 74 370109098
98 85 767031840
89 56 10277929
57 90 563132249
31 76 343309456
43 41 809185130
87 74 646290928
5 41 926368421
51 18 52855638
24 73 51803512
77 42 732810242
34 60 153601553
94 24 179323283
50 10 12375241
9 39 515856100
95 82 184672996
29 43 193087299
4 36 361442628
87 30 466035344
29 49 518844946
82 59 276306313
52 24 456949912
67 98 364546003
17 11 581048484
11 68 148422712
72 99 110687496
6 73 987447024
32 64 30490323
84 90 241531503
48 84 359628200
41 74 707179401
65 12 391235136
52 63 339143010
47 36 269095908
77 71 67918211
73 42 64668210
97 23 184468174
52 2 80836447
50 26 147398884
86 18 840855374
65 22 434140427
2 85 686173925
4 3 585098297
18 44 209738400
87 3 154496178
22 59 662199922
83 31 247857619
61 100 414060622
88 24 628279431
83 84 761829701
29 78 257151309
63 38 35562798
29 87 482565192
19 99 683886420
65 43 840783650
93 89 176797000
78 10 265649501
75 21 923163281
6 80 170908956
15 58 474053709
30 36 191137341
26 89 979717381
86 53 414971744
40 70 942318212
6 81 453385811
72 2 410174459
22 58 796020508
87 8 198546317
22 17 773676860
74 44 873087469
64 62 639937664
42 53 47565127
75 85 50940198
65 77 909623336
58 55 45650055
77 81 692696572
65 38 819281667
66 40 972970623
37 44 235171770
65 40 529025004
26 37 501969378
21 68 581944719
78 41 135346470
10 54 649291095
17 56 523276891
61 30 562198820
19 70 600165894
48 95 799696653
63 37 161220337
1 24 657586398
87 36 605888681
6 69 185201876
32 90 761012882
78 30 220933832
28 38 359562951
2 42 496845222
52 27 636621691
75 44 505343285
63 82 998856485
85 37 920658838
17 7 936524368
66 65 895101586
82 36 972773817
63 6 168344748
8 82 739070847
29 1 440706249
4 65 320455298
98 35 397892280
4 80 942504497
83 40 177749959
92 27 961941264
57 76 3791337
71 31 974495984
32 22 111101641
7 45 695497007
83 54 990972612
67 75 198213337
51 62 424283264
86 26 36982275
6 59 524549791
36 53 806807953
77 58 655642238
35 74 22329243
75 49 281641548
89 35 994991139
5 74 903765052
15 46 527001355
41 90 327467352
29 36 343042518
62 18 334200463
64 31 211437149
13 51 411373119
69 92 547495792
1 98 762996547
17 85 222522461
2 80 201753204
43 10 674688209
22 99 56186386
35 49 134893812
6 24 725121547
92 76 442301177
34 94 112629978
69 90 917376572
65 49 123059910
78 31 643936910
99 56 7013194
5 50 213735757
57 99 579128177
71 56 390853939
56 42 357860123
45 28 997074319
7 53 726838267
57 49 914186423
24 18 137019490
79 95 132368026
85 73 380980665
79 49 984979597
3 27 937782887
63 25 735944649
28 53 190218742
61 94 657822957
67 90 622171356
99 46 28983541
67 82 555221176
4 31 607222972
21 44 584865538
68 73 306240534
35 12 142912726
34 12 593558137
77 3 213995539
70 76 766690071
49 68 766117679
95 8 318767035
4 81 254283237
99 3 372895432
22 38 77836459
62 73 733085060
32 38 90379595
57 26 193212679
72 95 860095976
93 10 690297409
79 20 498410043
87 16 684898691
8 25 125551048
82 80 298375070
85 24 509633352
59 37 254841284
94 44 322537376
73 90 210625704
100 3 711027657
41 24 757553312
67 91 781584110
19 2 3639442
71 25 584660828
91 35 299352668
79 58 534388720
93 92 906781896
88 23 998710270
2 96 620528885
20 24 885257466
82 3 902429088
6 50 657219725
93 11 27349866
61 88 916033779
72 76 358048245
47 69 234334728
77 17 877014407
15 51 858951050
3 11 135396017
43 82 426344025
8 44 11917222
15 19 701012918
13 16 743050704
67 20 348441984
1 51 530577986
58 24 249971521
13 99 797894758
63 72 573521969
41 20 868605196
7 30 820717623
33 38 813098747
76 18 536050455
22 49 732153951
24 68 101734327
50 68 902574063
12 36 798832940
83 25 477412696
97 26 704692182
4 88 171101738
29 57 665003576
52 100 92658900
9 92 387594342
9 36 988226597
45 81 720353076
11 80 655882097
19 20 868218895
78 74 707150722
88 73 652571305
93 54 369903474
97 21 152153800
59 44 579369815
11 73 864643079
78 40 158074003
32 93 786625040
32 56 5839846
15 78 763941791
97 8 776089357
100 90 397457496
15 72 80558200
4 26 690073888
9 28 875412053
30 42 65827318
13 57 627546109
98 17 407743308
64 83 297126942
71 85 511478940
4 55 716876078
93 53 863461440
2 74 677341111
33 13 347184820
6 30 214466240
71 92 654687504
62 16 727155571
61 57 413016735
26 36 629756266
86 42 531954154
94 16 323904935
69 100 451958451
40 10 159401216
1 25 503752024
19 31 889846291
45 59 40862284
60 82 840814770
32 59 949467859
95 20 495934778
100 7 688586892
43 7 838839453
7 14 553327375
64 8 636000399
34 18 222497794
13 60 763869098
2 11 726074530
21 49 419146887
30 18 703965055
64 7 461474418
88 3 963501753
30 76 155355429
26 54 606480554
17 92 784730525
86 84 800741198
7 36 885123271
63 16 956139599
57 38 898142083
38 80 165841173
83 60 359965918
89 62 239571875
97 60 985879163
67 94 154568455
22 42 278448492
39 28 1892667
24 42 523728502
15 75 509447063
33 42 129114491
40 76 111663876
5 94 525138084
33 8 378352579
52 77 354721139
4 18 597621554
72 46 869494681
61 38 775375608
97 84 699582380
78 14 937138712
4 86 742769945
16 81 887313001
88 45 813962973
32 58 658678821
92 62 592298170
50 16 4561092
64 61 831241875
5 4 573073255
78 86 495869820
79 80 759859738
32 60 428630916
40 3 933811486
94 86 581410919
72 37 599220838
2 17 748480928
29 54 356429711
6 3 870521199
64 45 862761698
65 17 364232138
91 41 568562476
48 80 589524397
22 30 823405616
23 74 16200463
17 82 514531401
47 90 169853972
78 21 87246340
71 55 688164654
100 54 898055932
19 21 755871540
60 46 575647145
97 38 61035457
33 77 122921691
89 55 77263152
8 90 628615797
19 16 88210828
64 89 199200326
67 30 137640366
67 12 331428620
95 27 723327526
23 42 823252752
67 79 536461872
82 49 29966255
57 20 580599532
94 59 299719268
41 7 123799195
2 100 628926840
92 59 820664255
3 39 533736119
58 45 54794537
75 50 907243805
57 73 789775351
88 56 980391066
5 3 233825069
35 54 356837635
97 55 370468788
9 10 766625231
15 83 474454792
5 90 213464892
47 66 351863351
41 54 738342509
69 56 227185979
94 73 887220411
47 65 878725865
61 22 639604148
66 78 826179477
23 11 804505463
85 62 468028392
52 58 984008879
4 46 667758164
9 12 366855007
19 24 61209841
47 70 763138527
22 36 670424509
16 73 772827565
5 77 700346493
47 100 169856616
3 46 31835503
83 2 419484937
79 55 269920403
87 35 824914441
78 68 541206656
33 19 738230127
34 16 106084411
29 3 515860433
63 58 646365495
34 10 197175001
2 50 302244074
67 13 642390779
5 72 906692388
2 97 427154836
68 46 541305980
57 82 10121306
91 62 867904513
34 13 33922850
48 70 600016447
9 94 992732134
100 38 603674452
66 50 978209269
4 87 597585543
20 39 576052928
6 77 312601772
60 74 268199173
97 18 877661592
34 80 354707606
45 23 132491361
47 49 845924472
79 56 456617574
82 16 461220627
67 36 665013332
65 60 684649694
6 95 359450622
87 25 185461784
23 37 166428328
68 18 513509672
34 37 198341125
87 21 763503871
17 44 84386436
47 56 847759429
62 76 202961965
95 45 363244283
78 89 389666389
9 27 109161463
77 28 281768361
57 17 858489853
41 59 859480904
91 51 835258856
69 2 754645606
28 74 228249566
45 38 602644977
50 55 267095660
78 81 761522154
62 45 414944589
78 97 240055967
81 53 17265165
46 53 62249218
4 11 177622023
32 91 568725507
87 100 129073052
34 55 260175824
10 58 334706538
85 76 575838189
40 42 464980971
22 90 671698677
64 55 734122743
13 8 570244061
41 38 356681752
4 34 646014940
52 21 169977499
63 77 274030766
69 65 180369522
47 77 752976925
63 9 78893831
64 53 878047151
67 53 593223845
94 14 359328089
19 35 487526287
1 45 365379547
26 41 873288909
100 62 182453760
87 62 562820396
8 22 874980438
61 96 584565932
48 31 129816314
85 14 79185472
63 30 378193539
79 34 945965275
63 84 202204570
47 38 349551624
8 73 985361609
63 70 926136022
4 2 489360297
72 69 976494281
8 36 584557953
83 89 808789896
89 38 52683811
64 77 680856236
13 88 102204860
7 3 468440615
70 24 906913586
43 54 655353105
35 56 366368940
20 58 364159450
93 81 580092153
97 35 168539659
29 11 213838441
100 60 813124624
72 91 864317785
2 91 882059867
5 12 814924056
21 27 878166073
35 18 990166708
66 11 855920321
94 68 614915288
34 97 180797994
72 78 840824441
60 39 749504723
95 98 532294948
48 10 387356120
6 10 723336248
50 28 695444029
97 20 272717624
23 90 135572818
68 42 744938104
5 85 84270421
12 16 283880532
62 25 565354257
33 34 190953786
5 52 147496461
65 26 3315050
87 97 516690146
52 60 396777416
92 56 771175257
40 39 294519918
14 39 187434372
29 83 798948978
49 16 129542353
32 51 261092998
87 42 135535866
20 74 744771567
52 80 589987621
7 16 606195103
78 85 69837061
95 84 887594341
81 38 860352654
77 18 514965087
77 74 518752267
48 77 475388710
52 64 773563309
5 100 58047348
31 55 923594711
41 44 790499458
6 16 436223771
4 56 726107279
71 53 51707013
76 84 108750818
79 57 990477792
52 19 658736735
66 95 44289573
65 41 160797260
15 97 36206352
99 51 674537979
1 60 723650163
11 37 955862519
58 54 359253500
66 13 102454996
12 27 248321979
11 53 172581577
92 10 982595975
69 10 610049918
64 86 208829000
57 39 405709868
67 21 904591588
95 92 812666586
11 90 866401566
77 22 815805181
57 53 452153945
17 81 2520548
75 74 114225273
21 82 69828142
61 65 50857062
63 94 711825528
20 21 876475010
98 89 525022137
50 56 94248930
78 38 837678343
96 84 482826929
66 81 567915031
66 77 396079520
15 56 832454098
33 21 79931067
6 87 894949997
47 55 236878033
5 6 918349307
2 95 881852391
33 85 304008459
7 59 647070016
56 53 734358381
86 17 37123014
13 26 987075743
2 26 699908161
98 58 98556893
95 49 821793965
49 54 68091923
63 61 146057462
19 10 840756836
38 44 477335120
36 11 252737542
59 18 213610826
69 27 306513634
4 89 808292839
88 81 58364988
91 20 193743276
2 7 673025780
97 89 957034374
75 11 355869054
66 19 31193156
13 35 858720719
78 90 597126195
39 46 864937728
67 25 319325348
13 92 592700030
4 69 871801730
83 71 250617803
41 42 162133531
66 37 55908109
27 84 105327005
63 85 745388210
64 57 322082214
47 4 748207081
93 22 108528130
72 28 311734873
72 81 123573580
29 90 812101454
93 7 915528021
65 30 616477812
33 31 18821132
56 59 889787461
8 81 140221675
41 21 300526127
19 83 644713054
67 31 718845137
32 18 359992171
17 89 928029923
33 72 855176761
93 3 901286664
9 46 214433042
63 26 826921498
94 7 823636464
11 18 993366623
9 30 119051187
12 53 9667564
87 93 432682806
34 27 668405363
50 44 78223702
19 49 69515274
7 58 497006256
64 51 162774360
100 36 490403000
15 38 830902673
78 73 386118760
65 44 215436172
48 78 661698882
7 27 560834426
77 56 902862683
33 17 762038427
29 86 353034289
75 26 20316878
9 3 454152519
1 28 586689586
76 11 215621250
3 84 952856657
6 18 111176083
9 16 75266984
22 55 574171447
32 75 955027733
86 21 713344926
66 98 814458729
10 42 97360209
75 7 63556063
61 93 993765582
34 41 308188566
98 27 433359883
64 27 761483971
40 90 891284081
74 46 794744055
47 58 49834066
6 40 525778552
77 26 101626013
29 75 162392812
36 73 295779575
86 23 779454562
78 2 821545348
13 59 445861553
61 54 306767219
6 51 671736003
33 56 865978362
91 94 823745495
89 31 384144002
38 68 268422210
36 46 86826250
32 46 193664258
86 27 590920500
1 85 543952738
34 82 132675057
70 28 545863483
97 93 655046758
61 2 124571148
69 73 81544573
1 27 501318763
70 82 695373907
78 62 920904557
1 20 736917992
32 44 661749429
52 90 285463707
19 25 166636298
39 42 687803588
97 71 563042354
65 90 56335577
34 65 124919889
99 80 242589614
87 53 803512606
34 77 712297890
48 15 249018136
77 82 168532737
26 92 219640016
26 99 100192347
26 85 16210721
75 80 836423501
62 36 918955128
19 38 409064873
61 1 921274241
1 31 765716530
98 38 410283646
25 53 352429602
64 75 798122172
33 6 930773688
71 68 662907511
1 88 184569537
5 29 421733104
85 25 804900390
49 44 265365569
23 53 311544568
93 35 923458047
93 24 237294768
9 40 790764472
61 25 820650943
13 10 554574918
64 68 921958716
5 22 361388676
50 85 945032412
3 44 286900331
26 7 356358884
100 59 357809814
79 21 832508977
50 59 501441284
32 54 112104028
66 86 579573932
12 11 402208105
98 80 118778781
92 36 46005991
87 68 125812897
57 24 704959123
95 7 96335943
33 73 313667449
56 76 781329128
5 66 314056869
5 58 79875520
1 53 843685182
4 77 146102744
25 59 697053615
48 30 891943765
7 80 53673312
34 51 565233611
77 90 224616129
85 68 331391280
71 42 53111637
6 20 965050005
45 16 766428242
19 30 349990226
1 14 123427578
52 98 951091595
29 77 425565617
3 49 243512381
33 100 491260531
65 62 803014546
16 38 505546991
15 27 380779787
93 56 950210755
36 74 526516732
83 62 163021703
95 13 4941379
82 24 210825529
50 98 959422362
33 91 903862966
47 23 756957893
95 42 20400141
42 37 386851584
96 8 873609925
34 7 930615674
94 82 925138157
3 58 379590481
22 45 999635242
70 25 729840858
79 11 169651862
29 45 123926801
30 24 757868221
26 82 409567050
69 58 340068078
98 56 419592614
57 59 210588780
83 88 33922134
43 94 138447608
39 73 783083055
75 39 601488811
83 81 826528729
86 20 646704233
89 76 70465892
49 55 825865577
95 62 703976538
96 28 919326536
92 53 130787203
33 80 20774120
85 18 756090445
82 25 773327587
98 68 501509216
5 34 585689518
48 29 749869576
5 43 778933348
43 71 922078946
98 51 737866086
29 51 238981984
63 97 360542833
30 74 582553632
16 42 106544621
34 74 347845498
24 81 488652479
65 81 155649544
70 46 777087514
52 45 740904796
54 68 145262552
34 43 587801520
4 100 460744992
69 97 152720773
32 30 881886954
75 38 909362109
83 56 553875996
72 92 634304584
38 53 316440826
6 84 193288027
15 76 339990987
43 56 733596686
57 37 378714049
100 24 79369589
50 81 552000414
32 86 863298369
30 12 898343092
23 81 224597265
15 42 32690185
32 17 701385155
8 49 562535002
67 95 437799559
15 64 905491523
78 57 884756877
88 16 648794734
64 54 673146247
65 76 12926630
69 25 673852184
72 26 10415151
32 55 755801897
70 92 814362823
99 42 362735803
96 26 178469109
91 74 581173422
4 40 88391121
4 39 381897414
48 98 41659381
10 46 959633857
45 74 265800419
13 41 817499885
87 75 107351806
34 30 583887379
47 45 207274213
48 69 318565327
20 68 932721018
97 45 533535729
12 18 936750626
33 65 286558830
75 84 301779065
50 82 421485728
63 65 859422442
99 55 10480413
55 84 506906424
40 68 229328937
100 73 7603020
77 21 685297843
26 21 578073315
24 37 840654244
24 90 494659977
17 16 978231114
1 49 768324628
65 86 808018163
47 8 515369276
99 81 934808251
21 31 645389641
15 41 940154358
7 35 83330061
66 3 199338552
25 54 818572306
21 56 200301753
97 56 320938493
4 27 929847554
10 38 953976648
32 57 131636951
98 12 687090951
43 31 705828629
69 55 660890557
96 85 854474890
1 17 796760231
3 54 403938895
60 89 438183388
85 54 568914483
45 36 618993024
29 84 587981822
100 98 176745892
52 73 590566130
13 39 145527497
66 94 691183388
6 27 301020758
60 16 935370691
40 93 841165140
43 14 460237335
99 76 584448597
15 74 94088630
92 35 941632109
98 59 876534447
78 50 936712624
72 24 860322555
50 88 249487275
86 24 340022780
33 87 785824566
31 54 756058713
4 25 703870751
61 9 200928394
63 81 842395695
77 10 967114981
9 65 245416920
71 81 274645418
86 99 435914495
52 3 675096198
22 41 568753702
15 61 180146996
97 50 57707991
6 64 32005094
89 16 867719682
13 31 888537769
2 99 140282093
80 44 48576122
99 73 195541780
60 73 117078937
29 52 698788665
40 37 783246302
33 83 838305132
43 35 915698770
92 45 221401778
71 62 629407416
91 10 168496111
5 36 802697570
7 68 114804992
25 18 107517964
100 31 515505404
5 98 200151071
50 86 874089533
5 44 361249299
52 49 412680756
63 60 681639595
60 27 833005601
56 68 543420859
14 90 561478813
7 56 728402187
15 36 353822775
78 11 851555955
55 80 867206675
33 99 767742165
54 46 495706904
72 71 171808545
67 23 261967675
66 39 415566252
31 46 212658950
72 98 828832397
31 27 238354467
67 42 746072340
85 35 327192240
3 56 227536440
61 55 907567115
69 35 99011394
67 9 74770079
83 18 769620993
83 49 652993885
83 93 86500819
64 1 417489445
79 39 479810333
85 38 907932735
9 43 677248885
8 40 278935320
85 58 350380972
43 49 326874229
2 8 277309272
87 79 321729973
100 13 609305738
6 56 646614040
1 22 63164430
82 54 439897512
51 68 23881798
9 24 139309371
43 98 879822823
33 63 923886404
96 51 98377688
72 54 985043162
41 16 437452672
99 74 351963891
45 11 878566451
78 35 274190486
25 23 119538505
47 64 980440097
83 24 213225166
87 40 463928641
86 80 244719961
16 37 283759718
6 65 201525223
76 23 575768309
32 41 927809236
1 44 988159876
50 62 180624828
9 81 126936127
70 31 424194847
15 92 761940836
34 92 219700005
48 22 853871318
65 74 136604818
26 39 225497016
10 74 522438025
60 21 650598639
87 26 958270463
6 100 131726625
15 31 403244547
43 85 919058681
4 38 868927949
94 17 114918588
81 42 766888379
1 12 254084794
33 10 771968671
100 18 934301424
19 67 424877940
21 54 135463583
78 16 601262001
89 84 543792367
15 85 199642337
51 90 643904724
75 76 70420000
80 37 957472136
87 10 601601480
4 58 481316368
8 92 6699861
9 82 609021107
97 43 882802585
52 92 811671796
100 81 836362818
4 24 625632980
22 27 240176113
4 78 114525844
74 42 114627759
56 23 198577831
6 91 143944340
70 23 324284499
58 42 675889387
6 42 26692878
31 28 484198721
9 74 847434594
71 58 541684266
97 46 917743148
27 49 120203475
2 93 22948251
88 39 481449353
52 51 336439264
39 18 88032292
79 86 717238272
60 12 959414587
69 28 978232668
99 84 588323663
78 7 438271936
60 35 791368666
88 68 684743886
70 38 872407247
1 76 16985110
6 22 566247570
33 68 474488898
100 80 728779672
88 58 985543223
95 71 391972991
32 70 666208810
61 84 687469993
100 71 504861420
78 34 210201258
87 76 479209541
96 62 247631261
90 18 606710313
76 54 498935640
96 27 876449687
17 14 76927591
65 13 889192764
48 91 149145389
7 12 815746700
48 61 994927223
17 36 333882602
2 23 666205058
58 73 931148361
15 70 293130334
24 84 417428991
83 74 542710959
100 94 38153187
16 44 539389752
63 68 358825291
1 84 862974167
7 10 926953962
61 19 309796262
96 40 818925526
5 21 914180631
64 35 889436612
22 35 372239031
96 58 104789794
54 53 847855428
33 39 881815653
22 10 324252530
35 14 12343655
60 38 355621950
38 42 587125909
63 35 682773338
48 38 324794140
33 43 784491494
47 7 941700319
91 14 666364187
71 18 653630120
66 62 532527969
75 12 817801247
69 42 761173802
28 18 829883632
58 90 971029184
43 18 696546291
77 86 317694529
89 73 392147124
47 21 440352738
17 59 297155767
64 22 937875383
50 40 148362232
100 42 290499694
88 25 846381727
98 49 826807270
52 7 594315424
87 9 570076075
15 94 116336695
31 36 639935921
24 55 732307120
55 23 856736545
28 16 944272479
86 30 862351273
51 3 728427837
65 35 840838599
85 39 630269415
65 93 602008837
22 68 90295071
15 49 890640230
15 32 23338998
27 16 678396237
34 75 996130322
21 37 334629026
25 76 942347714
19 90 164378133
65 68 223946507
50 14 38848542
12 58 257046147
75 100 888286887
58 68 8613578
22 21 423660944
23 16 234594807
83 92 907402031
25 68 443646920
100 20 784576950
47 41 642938425
52 84 549137121
6 90 709795565
86 56 441993103
33 49 656888388
41 73 636010895
91 81 113190938
77 14 893963405
93 80 837001683
43 39 443479490
31 38 25437317
65 94 310484850
26 81 425426872
33 26 506366615
93 16 203576332
97 82 586022260
93 26 430512931
57 51 915090539
15 98 587439050
1 57 199341711
8 70 198542897
88 60 658505789
94 85 135888738
66 99 869405216
69 31 136931823
5 1 143596918
52 6 806862233
9 75 463582812
19 51 408778567
41 53 115302360
30 51 198371383
40 26 412943639
75 70 661910774
2 53 566212998
72 84 587870998
61 73 822029427
47 95 510699167
25 36 657367436
52 85 805260639
70 11 549666213
76 38 294194593
69 91 187638961
76 74 905107517
2 14 211480342
94 18 30154259
71 76 632750938
65 23 336834475
34 100 277937246
1 21 268213099
12 80 357439771
78 43 282989063
100 92 592524292
15 29 881111022
30 89 197408396
66 57 93186214
43 60 961100481
87 56 197987703
6 74 157313640
59 53 511398701
92 74 87118091
11 81 353951670
100 84 128733791
83 65 160623780
5 47 187118928
52 20 214083253
13 3 936208226
23 73 913479726
89 54 861665162
88 20 127826208
94 76 600996453
41 23 879539645
95 94 544029589
95 38 886958885
31 53 289470409
5 49 894939027
69 12 844827651
57 31 90004530
28 44 681617683
19 62 392636092
88 46 296103113
47 99 672401658
92 60 883541153
66 97 911665055
47 98 538849491
52 59 708382291
17 31 295710757
96 21 17775875
72 19 399150726
63 20 99646165
47 6 393533295
33 79 648994638
1 50 56094913
57 80 201580589
29 21 919992992
43 12 420531516
2 31 408853678
47 72 586131200
94 12 517268140
43 90 32803976
47 1 246052699
2 81 381755981
29 42 89662493
70 54 30914018
67 97 465425636
10 53 332043229
87 44 862705771
60 44 155322341
72 59 394919847
86 54 189653255
6 2 769775277
43 86 694116555
78 91 480906179
50 80 437830697
50 93 914248372
67 57 427773641
61 51 519285886
95 89 828572750
91 97 529718091
66 100 467637954
49 90 119535979
6 68 693608121
72 65 825611186
79 62 770062789
63 64 71120317
86 41 957238771
33 71 636212767
60 76 673139023
72 66 136771180
87 98 241775281
65 7 891999181
4 17 400921799
70 39 781051152
64 2 3070207
83 16 269986546
35 27 326488401
77 44 880747358
15 79 760065491
64 59 854624192
86 10 782768784
89 36 173061770
86 55 20476525
1 26 14373164
39 56 852071366
91 53 782807981
69 1 662700145
75 28 116972140
94 56 774408633
95 53 220635588
14 36 589282221
22 24 931185849
61 14 338144091
4 99 490389408
96 24 262964031
2 54 877172473
48 90 807276661
5 56 281005305
70 81 145600954
21 18 461122270
15 50 458451769
16 53 662418963
2 28 155500917
21 42 312457593
76 16 928480084
17 90 922704859
65 100 454091958
17 55 861282803
60 28 809829645
61 11 557142353
71 21 476229655
6 62 100594031
60 81 244640199
83 97 727953109
62 37 28522589
87 96 662272107
77 88 626826264
8 53 684970689
70 37 428107957
79 43 287441849
67 7 940204685
48 73 496100640
72 41 417996017
69 20 400889155
8 3 563178574
70 12 130316203
45 37 185204545
58 84 904977053
40 7 372076043
79 1 418166050
4 1 248352450
78 77 287734323
43 17 18531153
94 57 745345482
31 25 451375455
75 30 433440460
61 90 566109491
74 18 129699725
97 13 723787754
61 45 618395117
20 76 367805703
20 81 229819712
34 25 928734950
41 81 980108666
91 89 917445064
64 96 38299738
50 77 631587540
71 44 641442265
12 76 613835691
67 58 412451720
29 89 343345984
47 94 441720268
24 53 571866251
36 18 89873792
36 23 495017605
13 70 900405535
5 91 313095930
97 74 723151401
32 62 489232780
41 62 895044446
64 85 460575614
21 80 77969339
87 38 943586823
93 99 952016321
6 83 336192717
41 10 157121295
61 83 895082779
65 14 849101505
31 73 445736547
93 88 558635669
86 31 44935256
67 92 919989818
32 26 670983350
63 14 196172252
48 7 800919625
94 49 122780251
87 50 319494795
89 85 693396084
95 86 110201652
19 53 557274989
84 37 57972590
32 67 499382092
6 45 815538447
77 41 913745424
50 49 12379373
83 82 303647869
48 87 700856999
77 40 120428390
94 39 415042591
88 89 818989199
67 80 964119474
72 34 740231130
33 98 613093394
62 84 195716969
35 84 463388350
24 54 402600832
93 30 171888473
10 49 668634658
66 12 350566572
78 27 99075657
48 39 56679031
6 70 243908963
41 89 629278078
72 7 262354945
96 41 670945667
48 14 176663456
20 56 57949419
97 96 578015469
100 53 996022290
77 36 171731748
93 31 987737289
32 72 741173630
84 28 81634042
94 70 183072669
4 10 474898024
3 53 276267740
27 24 601999915
96 35 728049171
34 88 444915482
67 50 713399342
19 80 303034319
34 76 989594953
40 23 594438753
61 53 667098671
64 81 590005392
35 55 207879961
79 54 218735031
1 46 871669391
56 81 471679907
98 40 174247194
47 20 899263978
33 67 808534927
94 21 55844807
33 54 37380156
98 70 406684642
8 99 161766098
83 57 366448404
3 55 285046897
72 23 76499705
63 80 459198930
20 35 788456959
52 95 746330324
17 80 547889609
29 18 984725189
30 25 756712522
86 11 784954778
96 80 949369835
52 46 550112618
88 53 777636720
52 1 878524728
71 39 958439091
19 54 60160856
73 44 141421974
66 85 670946854
40 21 174316057
66 69 634702485
62 54 531825270
61 80 888012773
33 84 640508281
78 8 745569721
52 88 112341061
47 76 427675278
25 73 851734780
52 70 916930190
94 71 229698717
66 35 584045988
60 25 239932673
94 41 843105310
30 58 662862668
51 76 234672558
64 23 335508508
71 14 632276538
43 55 781545722
15 59 573149447
70 90 731837414
2 98 765328668
8 11 694312920
86 92 324347080
77 53 38502611
88 35 603004455
64 79 141564601
95 16 35012710
4 95 685565168
89 59 392422289
57 12 358698013
8 46 167153109
19 27 527768370
16 59 798404879
72 43 434089032
75 16 213013083
65 27 502364439
13 42 467496793
61 81 240925626
91 36 868732872
58 36 170246398
47 52 329190987
8 23 287915338
67 60 187173981
33 94 67374247
47 28 879245547
48 97 731201585
99 45 270894900
19 55 146815410
61 41 418190873
51 23 897344236
75 3 974772662
65 85 480232771
52 39 623867369
13 76 495768373
2 68 594848470
6 38 777428327
47 67 134488703
94 38 206027673
29 34 656309879
93 71 549323396
86 62 865969317
69 75 576541982
79 35 381482355
6 14 319796196
66 34 333878537
70 51 828171647
65 80 575535302
26 42 136699086
29 97 30494655
47 84 582531658
98 21 779508578
26 62 128163133
93 41 54146311
26 90 994702016
27 80 289176287
65 57 992387145
75 55 841941961
20 84 449860065
20 62 305512501
13 46 954963231
79 31 584054643
95 23 590519679
89 58 95588006
43 25 514270940
34 31 164038137
52 18 536085200
66 88 465380825
69 23 969454488
67 11 958453822
9 68 617313125
94 54 922576887
43 70 716678079
87 59 169352691
48 17 200881675
70 20 14687755
6 44 592678794
85 27 501088471
58 28 686210397
14 31 850839092
26 56 921147797
48 92 444656141
91 86 121140301
61 34 262060390
7 37 323161868
88 11 972176412
80 74 242050252
65 70 682821282
95 90 600933592
43 46 140514914
98 28 489741750
17 73 75750249
66 1 607629057
52 76 241950730
48 62 202065029
66 56 940842413
57 27 737972095
10 12 417893972
25 42 576186532
66 16 307476915
52 81 322332110
20 42 148106570
26 88 409800241
45 90 820822353
72 1 112046297
76 37 158191443
63 51 27632227
94 74 984534695
86 68 878836382
92 73 512209507
48 53 785162209
86 22 342393133
33 27 206117003
15 99 267565695
2 39 422103671
43 53 345592173
1 55 371876195
63 44 701088210
97 25 205864203
77 99 508655005
33 59 639591515
2 86 201139669
75 82 925058797
92 23 879147414
55 38 938200753
25 55 635558146
43 45 734111328
69 30 172964843
29 40 839102648
56 28 928127231
55 42 265651337
14 74 839314632
15 2 758442100
50 21 397278898
83 38 641802922
29 17 670516436
13 23 609593369
39 11 648292764
85 59 799946929
95 73 809780477
32 28 986591370
98 14 309058519
52 66 401353703
7 85 174765110
71 60 451951397
69 39 779225030
63 95 801719209
17 74 176982700
29 95 823979755
89 12 136026108
60 51 66863425
29 68 140725799
1 42 815244491
62 74 603998930
84 42 562536259
11 59 179389892
94 60 84061214
48 64 58651355
9 71 856672390
5 69 709485302
94 42 658917885
16 68 969125410
13 30 143873694
56 74 36481658
5 24 423094174
26 24 856203243
29 100 456274833
85 90 480013118
19 9 373540670
100 40 498805641
31 84 764861903
98 18 358320351
84 44 525930815
52 25 820378937
77 12 711154253
78 25 635978658
32 2 820785816
4 57 815881470
96 31 596635020
9 35 600251209
10 73 894940869
45 84 857981066
32 92 632610964
100 89 931884914
77 51 790188048
93 21 218346866
96 100 41024148
32 31 802133770
97 85 302991848
78 36 843377579
91 65 246962947
9 77 297380626
97 100 860183260
96 49 935537692
19 23 58086297
95 70 828023690
61 24 72025497
1 37 10404678
65 59 477442714
3 12 449179323
32 13 269941288
8 42 837099379
52 40 471187438
78 80 55484807
89 37 461686864
5 76 966325086
41 30 646305246
43 27 759210259
92 12 603155202
51 49 177213137
17 51 680593100
61 18 350890265
79 88 466715240
60 24 32399224
1 18 55183320
13 56 308013854
9 59 41055613
99 28 226342475
91 55 294035776
14 49 986728476
91 3 996224415
29 38 73888131
48 99 917696809
88 18 766649478
12 38 416807519
22 62 131789535
52 78 85586312
7 81 642306105
49 46 838989244
89 49 467083825
39 44 775998334
71 45 631015376
45 44 167586956
71 24 63962440
9 73 209285565
57 41 557323357
36 24 752252378
27 76 763172149
9 25 127942747
98 36 42014005
52 11 659226953
63 11 237882804
89 39 369429080
5 79 302672766
19 46 217703705
8 37 760851261
61 97 842152202
75 99 431596443
8 58 694503254
58 23 68340779
15 10 500966057
54 18 232646823
34 90 397332110
72 100 33512532
92 31 93119085
25 45 72365151
50 20 330082057
83 58 179055774
76 24 919765456
17 28 293598266
77 54 864814247
4 73 30643206
87 82 59265569
50 30 930033636
93 58 590474146
4 54 184225381
83 50 233015339
97 24 956293679
4 74 981791056
2 24 481212099
9 84 680577290
94 40 399882102
57 62 386008559
29 22 550806726
25 49 398029692
33 97 420707269
97 75 249344192
77 37 788691734
96 13 469823088
52 89 223515316
97 16 710361720
67 99 927280347
15 7 26893939
40 35 872426059
72 80 164111461
61 39 390547946
21 12 192724090
52 41 442797221
13 81 436621489
8 51 686567481
2 62 762522247
41 11 357740045
85 84 960680843
63 89 629546203
28 42 612039691
35 81 150257165
51 36 925513960
100 23 184732848
47 22 359470851
75 93 472971769
39 54 548833106
64 97 160411026
66 82 129255438
79 14 167833456
7 84 109009892
75 1 60503402
30 28 858242747
33 86 647901247
97 70 173438724
77 68 839864615
55 18 33879961
14 73 546368749
97 88 461909928
4 97 710128331
60 49 961231374
77 89 594599650
95 68 268475133
97 7 611198185
41 27 21057552
98 7 642498270
82 39 350561458
82 27 244775237
51 24 360377278
48 57 487661120
43 77 951858781
72 79 493661528
61 44 830705567
69 38 973532245
33 95 46285413
33 15 942113751
39 23 843858174
98 22 540622965
91 56 859288183
26 28 465645101
97 40 804309056
78 95 72011957
64 21 427910574
61 91 499170570
9 17 880520450
9 51 464296470
83 8 688561627
69 21 531635098
98 23 167963803
86 81 269070421
13 71 848325021
77 24 130116290
94 84 924644866
67 59 740979817
38 37 59359790
67 28 976310231
40 85 367823469
65 3 401817837
63 67 775377282
39 53 813129978
32 40 514656712
70 21 588323153
62 11 741218891
31 81 962676926
14 56 746447354
89 24 562271314
21 76 181953991
63 88 399029263
70 88 339005899
33 46 738529770
71 80 790805697
20 59 343894646
2 34 379762034
66 93 161630424
61 17 44317271
43 51 881997408
77 8 90839034
95 76 703857895
34 3 690727915
59 42 19318514
72 17 398905170
43 3 176304266
95 60 825707301
30 38 863457507
17 84 850102959
69 80 222703719
20 73 113316326
54 44 941054241
4 59 259214130
16 90 723198432
19 7 901507996
96 50 456085133
15 95 175903274
26 68 320525520
22 37 346096178
29 7 742688910
51 55 190750238
33 14 821501976
25 24 768322523
33 20 606808988
91 100 549131859
72 93 605715443
96 11 993791928
72 68 757174179
48 46 442416185
86 3 35359842
33 37 930969591
51 38 750868300
39 45 639911500
33 58 806739785
84 80 566143978
65 46 958289634
88 31 676929411
87 7 855934025
2 46 122672139
25 80 818220136
99 44 14308320
50 58 726309834
4 35 225165681
94 20 310861303
31 74 974169682
96 93 430420514
67 68 611704592
66 54 106542297
64 91 627771682
94 89 995555810
61 49 707127759
6 71 529925566
47 54 538710097
89 51 563492198
77 49 70527129
65 71 781859479
29 25 216167061
52 16 641856420
85 82 723058871
66 9 662658140
40 60 405705321
91 8 668065882
1 11 977094743
61 28 701599255
78 46 798628293
64 20 58301965
61 31 798928003
67 86 804229458
15 16 205597486
62 42 190165993
8 38 863004592
5 7 787129488
12 31 559231778
63 57 385196678
95 55 401924185
56 18 956679563
90 44 880473763
61 37 409344134
86 74 25975255
94 3 374145222
78 94 35193631
61 36 466086763
63 71 967609497
28 11 118502004
32 73 157747435
75 73 674131333
14 38 55534998
51 73 8147409
52 38 263531306
29 91 234729885
6 96 829069915
5 26 983304512
32 50 791035012
33 55 983719288
59 46 823085451
99 53 462514134
8 27 836997974
78 67 709235960
79 44 333981443
20 90 773166908
72 53 708809202
52 56 920572956
76 36 892231501
94 27 872521823
27 11 234032419
99 24 527430932
48 18 505020867
97 1 534624400
99 10 614852058
23 38 951015850
64 67 642170154
2 1 140441093
48 42 741493770
20 38 893180731
82 42 914190450
41 36 657552095
69 43 397505566
79 9 296164102
35 68 138448109
83 45 618801204
3 68 31170455
75 51 32523574
57 28 235108760
48 59 420290730
69 44 6565268
19 98 654471700
58 11 11187168
41 17 819065508
2 41 431052420
28 37 852966586
98 44 75595768
30 23 892069693
48 16 567339471
19 43 563908548
98 42 79256797
60 68 146177567
4 32 524529576
10 80 720238718
45 73 385661200
78 56 171333317
55 68 529906098
83 68 169969594
27 74 354731333
92 46 123621634
35 36 877285759
86 59 461125767
50 23 770114107
73 53 563288821
83 1 948848361
100 45 989356723
71 84 236431320
71 59 274222179
41 51 548308244
5 83 452481348
30 39 905812050
47 34 216555868
15 35 847260435
52 37 941674541
67 89 355164410
79 82 926649289
95 57 3286029
9 86 308082528
6 25 410215625
72 60 250128374
15 30 418844462
41 56 864128423
6 19 643345107
40 82 978066232
92 16 92424407
63 96 932105270
78 12 951656103
39 68 798941637
8 55 803047891
4 43 32902011
35 90 23001558
65 55 698845321
25 16 709486531
1 23 671439859
86 28 76966352
10 45 888724841
79 27 632928504
72 67 887347276
92 11 472133454
1 62 363551903
100 44 711411267
36 44 848838140
67 54 85468370
89 14 579995173
79 74 221723607
60 62 14301357
48 44 711514053
82 55 172079266
99 41 423282400
10 28 39501931
6 8 883574199
65 96 6117760
93 90 630640217
15 57 988374974
78 84 33195984
87 31 727149947
54 90 848290190
56 44 230640343
92 42 729402877
82 12 522632875
2 9 148092203
70 89 127802996
88 36 164863477
64 11 888256436
29 10 9317688
71 37 796185444
94 22 12909529
52 75 657987793
12 44 937516197
93 23 783933235
34 22 877325983
1 73 961045763
34 44 776062119
34 89 880243662
96 76 426124561
55 37 33991272
71 88 238996933
47 46 548656815
2 75 414764708
4 14 270610921
40 89 195033404
52 68 224896015
6 23 499829545
95 85 361194799
96 25 236752346
47 92 106111521
34 59 4952905
21 46 211817160
14 18 98588171
76 73 229522581
17 3 715151137
60 23 776114197
5 95 482904618
64 50 747923950
64 18 244473219
65 58 295191356
78 100 234824488
70 73 889294591
63 56 98451338
71 20 460057120
32 79 447099945
32 16 780766313
72 16 930089216
94 37 567777870
95 36 740920947
19 87 421096821
66 67 562168974
65 37 913582335
16 80 336764805
17 45 328193184
8 18 58869989
46 44 964303079
19 97 646692168
83 35 461302997
72 58 873316867
72 77 449715600
43 81 343861687
45 68 227028836
69 18 125798355
41 28 515726397
34 45 406714558
83 95 24195033
72 57 924793982
30 14 902730060
65 51 643142110
32 94 541264033
29 58 459800143
83 100 485382970
5 19 741889183
69 70 981570011
86 25 714305042
58 27 115483769
30 85 706564574
61 35 683788225
89 27 887024200
67 73 835806843
47 80 279877893
4 13 145459695
66 42 639869018
5 18 46132748
92 58 165453405
3 90 251145649
48 27 596896196
50 31 74316349
15 91 97283841
98 54 747149343
69 95 177227487
29 56 599404634
40 59 321820155
91 17 997989263
91 42 620059394
57 84 895015622
8 88 621945768
66 75 280797307
29 50 337363103
47 68 984370456
21 14 103497078
61 70 89285306
69 93 941594998
36 81 473612488
93 74 107995770
71 28 146886111
66 74 410762323
60 84 505236692
62 38 363701734
43 16 21054888
96 44 796456647
39 31 521884116
57 7 808016941
85 3 983589852
11 42 217980971
2 44 235231488
50 12 585677138
4 22 779321639
64 28 311152630
65 98 875833709
33 4 816505320
84 53 931431062
88 38 347053248
17 12 214707844
52 12 382570996
20 82 273600919
29 4 651171787
93 57 956979364
52 74 67552015
13 93 881586662
31 18 126535415
67 44 285752104
79 25 625066468
39 36 75072425
5 60 293431469
13 45 298787330
66 80 512894012
5 57 820867672
83 27 210998959
32 14 670003451
30 45 189603222
22 54 24594719
84 11 302896681
64 82 510602129
70 55 406609789
5 16 921179356
82 68 19600768
2 55 632904450
19 45 883438692
47 25 389019071
99 58 777934944
5 84 535202319
63 28 985994894
40 74 223314176
43 21 498647485
83 90 400971511
96 90 197607665
20 49 945645611
61 58 425898876
34 58 412313822
82 76 233988300
58 46 843675682
48 3 673941941
3 24 913633218
86 38 993125972
83 39 173345493
99 30 126463046
98 84 697454568
50 54 476593393
95 1 42288780
77 38 874508750
34 14 190384438
97 59 755540338
66 79 740606505
24 46 126118436
67 43 877342846
51 58 955466748
58 53 63721876
79 16 239898271
55 44 99456774
66 45 95040332
75 10 666024336
92 54 190480000
40 57 451353557
38 74 547241100
8 39 789938392
61 75 848478724
72 94 976320871
98 74 240668035
48 63 221155820
9 70 86141126
14 59 380498572
71 3 304527038
83 75 42727494
83 12 637859405
48 26 600027635
63 76 724460570
71 89 487336272
72 90 539040577
83 41 976145638
31 62 413537441
56 25 341039429
91 23 482948161
50 84 455416578
21 55 284285310
40 88 627853294
4 63 300592835
13 58 237227241
91 45 312238078
16 46 9164
33 45 794610535
6 97 893275603
26 23 896633269
1 39 7863235
40 51 56700398
8 12 875701582
87 84 318223193
19 8 719528457
52 50 226381645
40 14 546177703
52 22 572296443
9 88 883280722
28 80 925303688
41 14 37003706
69 86 961746616
19 86 842844986
43 44 889133656
80 46 602536378
72 70 125532513
3 36 668247253
41 49 728114102
41 46 4372817
63 21 338000555
34 68 670765226
71 16 831615714
83 79 993833366
1 7 218668998
72 8 824855491
31 37 746518986
83 11 505952201
2 79 696685687
70 53 26454558
74 73 814837011
19 77 837672516
81 74 581271886
57 16 560675286
87 12 143985768
43 62 777240084
29 37 203827587
77 23 433129665
97 11 188437956
2 58 425707425
27 90 121609518
5 61 947081141
39 27 953220277
93 17 574950477
79 38 634593289
9 90 39125955
92 39 531124293
61 85 582532803
75 22 949021530
20 18 774772176
50 27 351294911
55 53 629884791
51 14 35631134
94 58 946245575
31 56 811646079
15 82 62607782
98 3 378242529
96 10 362425827
89 82 524216373
39 84 801912242
76 80 585804288
1 36 384797618
78 26 239459660
31 45 310983027
47 19 63096639
63 31 458852496
8 56 195041262
47 35 684756521
66 53 418699770
72 40 310404045
52 42 586684646
69 88 790703332
60 80 137666061
67 56 5150459
99 36 624877618
2 35 331723556
92 25 304376101
39 76 424452485
84 18 397422582
60 18 608135981
63 34 283537099
64 42 65748905
97 36 605742206
17 38 975077920
87 49 170654444
49 80 244273279
93 42 864475253
4 60 664480627
62 56 428181048
8 54 498755731
32 65 556286182
22 39 26877579
76 55 360853738
2 60 843774958
4 98 201454265
32 12 516476038
89 3 230588104
39 58 400457094
35 80 905875378
61 98 308613365
14 42 974729178
57 74 952701156
98 88 191610602
82 38 448846057
19 41 402878049
94 90 557984858
99 54 237858710
13 11 490177517
19 60 182540487
65 56 983428302
65 82 296566936
72 13 602752195
19 56 526603737
4 83 318391069
29 35 776536152
95 24 245891021
29 14 349750045
15 66 82620618
45 46 270331445
5 35 691570914
34 56 702923189
47 40 462276656
32 61 185958476
2 36 750765403
85 31 993126837
14 62 386346289
99 11 999349037
75 77 330857612
87 92 634385671
49 59 114170743
17 18 863665600
84 38 830976387
60 55 505633190
7 11 820838105
95 74 989129825
29 46 844596596
19 13 878680602
9 11 85021510
61 62 471956881
31 90 915884329
23 59 773251323
31 44 756223450
50 99 778359806
57 25 311397395
33 64 799523352
83 26 124440134
66 36 913079134
10 3 700730977
8 80 889852253
79 94 525295323
50 35 728820257
78 39 865183676
17 60 109849867
83 94 453442468
93 28 665426724
6 67 862351673
13 89 141902281
49 73 736574441
40 16 150041747
86 7 862552086
19 1 488104618
50 24 193911099
91 26 622792670
45 24 495994880
10 55 872475900
43 26 862355374
9 49 496417032
64 88 818685056
88 44 379563761
55 74 602840641
27 45 305066797
61 59 715995642
34 86 218764183
64 40 171684468
99 31 998859995
47 14 168130818
96 92 130615265
85 51 860556468
96 23 461694221
48 5 27409904
10 25 381941041
91 40 520947845
67 55 83465488
3 42 442323995
33 76 589652490
69 16 908823425
57 60 968624957
60 56 969826760
19 57 386433071
93 12 449248569
72 22 474863507
100 77 876151524
51 31 488735898
8 16 951180648
99 17 816146552
67 62 37450295
43 68 583450178
50 89 496693367
95 88 171991660
5 80 92866146
87 54 587829238
9 7 828021736
47 44 809129767
12 25 913602508
88 80 751200164
78 69 313807561
79 85 822803250
64 9 826002855
24 44 661947509
48 1 956733222
30 73 268070898
52 93 40852549
28 68 495694632
88 84 856678376
30 31 227425277
26 16 633308945
10 76 617056257
64 17 221872897
43 30 779227199
77 45 709369419
78 76 447682783
75 42 217502914
96 20 125049368
9 96 412688371
96 7 869725225
2 18 11804471
45 53 547485688
2 43 102591994
50 17 116137664
99 82 725526857
79 18 286001340
65 50 554105491
6 53 924276905
31 49 550972025
22 82 890625019
91 9 687338620
29 81 177849403
52 36 766437916
93 45 8681194
10 11 771188928
61 8 22442961
26 60 817641288
52 69 114687782
81 46 127691802
95 26 667580708
75 65 894299769
71 23 4282651
76 53 818104269
28 54 373180080
17 58 24472360
89 46 333937525
21 62 798838736
13 38 967979942
33 32 602416057
13 36 200313601
95 51 544784916
33 57 568109705
40 99 681420987
50 46 417194656
67 1 831081311
52 44 297019354
91 80 220726014
52 53 437016153
35 25 310470661
83 34 120890707
34 23 354321266
71 26 771459406
72 89 977888192
66 70 313509701
22 44 572873175
48 20 39917928
13 85 379309135
19 22 617376300
26 45 953475180
67 85 550367623
98 99 391449580
85 11 219279589
97 10 391727758
26 80 820267028
1 30 937087032
8 24 461421373
21 10 905116929
33 30 609282628
50 39 795908072
3 37 383071103
52 31 338119852
31 59 557286479
21 84 199035122
67 77 219804177
85 80 445624807
58 74 672692950
13 54 702290659
79 24 567207255
87 23 573634258
31 68 871729259
36 54 28287621
26 58 405949235
3 16 390420245
50 92 660875004
6 98 915287822
70 36 206206946
92 82 543479472
98 92 710240607
29 69 907629897
100 8 518180888
100 57 199817214
29 73 776347762
97 94 325378124
4 53 244682008
67 22 391655255
7 92 992058331
96 16 779116167
61 27 973620951
21 59 615578004
67 10 625712561
47 11 382673558
15 62 692823400
32 87 128291369
2 76 640172776
97 58 62588430
14 12 898129762
69 14 147037604
93 76 366708427
8 21 352729111
30 68 379522753
71 38 333750812
14 23 907640042
72 82 479287144
33 74 689433694
29 53 825472696
100 51 244704242
82 23 908241764
86 89 149175206
47 3 274151136
5 73 860495170
33 51 45598814
19 79 17720593
32 71 552676180
12 46 47173298
1 90 342367389
47 79 140972824
17 35 313846070
30 3 244869839
49 37 920725411
29 74 796389386
1 13 252920070
10 39 943200083
66 8 493056833
22 73 406023542
87 41 624111986
43 36 831333033
15 67 763584052
93 37 758155650
75 40 818039477
70 16 154297484
12 56 739886241
10 68 343653399
8 86 701224148
14 82 58465680
29 44 296906431
62 90 658431935
48 55 940354826
43 84 479243186
76 42 927481249
72 31 770707465
4 16 381311776
15 88 825804500
34 73 965313358
58 80 194563292
5 2 956870166
25 11 819593416
4 49 582279127
19 59 615658275
70 60 792603258
64 99 675615551
32 85 754949935
29 88 73944383
57 35 496579729
22 11 86235785
19 85 953031100
92 24 769845045
70 10 664833647
100 22 769357520
75 95 730459888
45 80 891558051
5 45 431665830
91 43 229945402
35 73 803142456
48 47 841639944
72 86 698623249
1 71 576967765
47 91 206005137
76 68 763334625
98 94 77640654
56 54 18176699
2 57 92775772
34 85 463005674
34 53 437167159
66 38 839163065
87 77 86973195
78 49 853211197
51 11 737641574
1 40 6077294
52 72 476395911
49 24 797767173
34 71 401470769
48 33 509683236
66 21 142691648
72 25 538044606
35 44 915541018
86 60 13503824
57 21 210737428
61 79 274052450
76 28 452212270
54 16 83784925
87 43 189928580
78 87 540282238
51 45 743476649
75 54 862194772
13 25 490101790
10 14 243467840
52 28 774853334
71 54 805052380
86 36 428684501
22 26 276936784
33 88 336420833
12 24 66285815
43 22 913496639
87 57 311752018
39 62 944095052
20 10 557059143
2 94 183939552
20 45 366656444
48 37 559664635
99 21 140264435
15 54 245372049
22 20 685970745
5 51 710486355
15 24 364118292
96 14 821080028
34 93 203792227
67 81 380072724
41 3 635499007
35 3 794697113
75 53 958218189
43 38 12468674
93 20 120970812
4 64 600667008
67 51 356094330
91 34 626663233
13 40 733559042
29 60 432516635
48 74 716060725
72 62 471033532
72 61 62885217
78 13 762293816
10 82 656540773
91 71 142406845
60 58 383049421
100 28 925595927
57 85 991380517
91 7 240835572
51 37 753348681
30 56 162658707
47 97 891175517
57 88 505985529
43 57 666286176
13 18 980636188
36 59 162885378
83 10 253177670
47 93 875202021
61 23 212552854
49 53 253173392
33 28 334170087
78 9 455466159
5 65 218169040
41 35 202748097
43 37 200969861
66 90 958452069
6 17 117164811
61 99 864080470
52 10 633988972
35 59 219563812
93 62 314734601
22 7 546248476
57 89 690288835
79 99 17681689
59 90 794653952
85 23 8013862
64 26 892883425
32 68 448043280
72 55 826868302
99 89 372951904
13 77 973576294
64 38 471920653
59 74 268063876
72 27 338192188
75 37 304505200
84 73 470860183
63 10 633172243
64 94 216500843
61 74 910289966
91 57 207033603
78 45 163612539
46 37 380306679
63 7 665099946
61 68 170838751
69 24 496771558
29 76 873233614
47 15 278927485
98 16 533436742
82 53 898434655
12 84 68674086
57 71 920386170
33 22 197011351
65 18 332774678
15 28 820831571
100 17 323704028
24 28 299701911
75 56 439255496
26 70 698526384
93 25 153792405
25 84 248571290
72 35 336842642
87 55 174131953
82 45 160533600
6 9 612765043
46 18 42564498
70 17 821845723
83 69 647669778
14 28 523610245
35 42 741124515
54 74 439439554
5 63 26530196
87 89 265031422
69 36 57311126
30 80 698232744
49 38 986429536
9 50 470160075
21 23 747815446
99 92 959245255
30 21 96007113
86 45 966594418
64 56 825520545
64 70 141425992
6 92 323148382
75 81 782590933
66 41 9469402
10 44 333090841
91 58 691117174
97 65 64649948
46 73 232565494
82 84 288381542
4 21 852180316
81 18 937648606
45 18 830980613
24 80 683976036
95 99 491339226
97 28 732297307
22 46 757301909
35 28 546175895
7 42 447117838
41 55 455839973
5 55 647861338
98 24 953438343
48 41 346763231
35 46 772061044
97 22 230660516
19 71 606042458
43 11 242625999
98 60 165261070
1 100 558693473
13 14 922516436
86 73 902748885
87 73 503648974
6 78 903186469
5 14 747767602
63 98 816570119
20 14 692712348
9 20 931971494
47 27 818544900
100 55 39569240
58 49 123653474
65 21 793660156
56 73 987948911
83 28 863569662
60 53 605194911
69 77 809682345
6 13 19984052
49 74 321007691
20 31 448453823
13 7 543714466
63 87 764450907
22 16 929894084
4 85 919654710
99 39 788512310
14 58 957647321
87 69 917001040
72 21 807730081
15 80 813152276
20 92 397800700
22 76 498671683
34 36 29253565
75 41 616107877
36 90 635207641
13 68 442435745
74 53 950361851
24 38 616576163
87 18 284260888
8 35 715309508
33 90 941223116
4 68 199601362
79 70 4595492
83 99 360750093
51 46 987327747
2 65 941806428
69 9 260031586
69 62 408554547
86 12 654668909
69 53 756868421
67 49 126766555
79 36 20435217
78 42 762074797
61 20 334724073
97 51 570772782
2 77 943233137
61 16 368753161
94 31 991334277
56 38 896573087
87 45 849688199
85 36 421282667
50 22 27693794
48 9 429272680
58 56 869580372
96 82 750068093
29 20 180737641
13 98 347165870
42 44 667725738
48 24 295908695
48 2 176081074
48 93 280058267
79 26 959977813
82 62 914712162
97 98 816898641
100 58 199781116
29 70 839766921
61 12 778984896
29 24 863466316
33 81 480606267
60 10 861377418
71 74 975678465
91 13 56033005
72 14 108423196
19 14 316482212
85 49 822045405
99 18 397644643
48 43 73731238
99 20 148864876
35 23 140218593
25 44 69525115
20 28 432082855
34 96 759873712
47 39 463247117
32 77 7659797
26 20 718272820
78 44 336220192
91 92 143783509
32 96 171705340
58 59 558527192
79 93 189327099
60 37 451253773
88 10 342970140
14 84 796240043
94 80 642226562
6 21 710923020
36 28 119858300
61 46 266691821
27 55 563255775
30 27 359651535
63 79 836403328
10 27 281407372
20 37 275377343
93 39 58536086
5 82 484230566
4 66 331750480
91 37 386839039
19 95 417908123
79 46 270446107
96 42 584113671
71 82 787870494
91 88 470712583
1 41 50487603
94 11 767279520
28 73 778664629
57 55 108525755
38 73 707037491
100 25 407461107
88 85 744111245
93 55 17839443
72 50 342077548
95 40 236329543
98 93 716677732
1 58 217925713
16 11 190665698
13 22 902170639
96 54 786494875
83 17 830549523
33 50 327966042
29 23 891622745
95 43 346681407
72 3 614454364
6 36 569677803
37 18 400606230
29 30 272737194
89 45 26631244
55 16 480417570
50 71 495487504
86 76 581550387
68 90 704517250
32 7 109275852
47 43 628317973
19 44 407531663
21 53 501596900
2 13 484212915
33 89 763185046
32 88 579709793
66 51 632852557
88 55 659558648
52 54 744020247
66 76 151862404
48 40 361953791
66 17 256830103
13 12 210737913
29 63 265257151
86 82 430020329
77 7 360837512
99 90 685064568
61 76 608021845
32 19 992153417
6 75 216971969
43 28 532005483
23 46 844428112
35 82 924102739
95 80 865591466
55 54 93651639
66 30 126139179
91 68 838956663
75 31 100954792
100 50 502903154
70 99 580724676
96 94 412640847
83 3 640345295
34 17 554265502
19 58 764964308
67 83 691587226
6 85 32296052
51 10 260330679
29 96 838639142
51 84 243387207
87 91 501052707
40 54 22498681
87 58 411161992
49 81 519515261
87 34 492178342
93 59 959625505
40 25 793985236
4 71 698994884
59 80 978557639
51 54 909683437
67 100 64583026
63 13 722846992
98 10 82095949
23 18 355891538
100 11 310599228
22 12 241108449
88 62 95646958
10 37 355842082
14 45 700251819
57 22 39249329
13 44 737055103
98 26 25983421
2 70 105623927
72 97 540091940
26 12 621490177
50 43 485727372
63 42 451058885
5 92 517136915
64 60 321458670
50 60 332335821
97 49 749837001
62 68 67109103
6 61 403047285
26 74 565297005
54 59 801596288
52 26 504350258
78 3 941360962
33 24 835550567
72 30 705496759
98 25 853673059
17 39 734909162
53 44 517583011
83 7 348431099
63 55 155271135
97 95 755224614
62 81 574268328
57 11 313128046
27 36 391418508
13 90 374428985
97 37 598410136
48 35 489018938
29 27 690103371
54 81 864752299
32 37 513224343
61 95 178961141
15 11 990029386
92 14 311503601
60 90 489968219
30 82 994255551
88 28 880946406
1 68 59776203
50 90 100405105
92 81 364608931
75 98 917783275
89 25 424299343
52 23 383434535
41 25 593058736
79 12 273766151
93 85 96751386
62 23 737025474
6 57 364065971
2 22 317682741
57 3 843519671
23 28 614708043
79 92 307695650
5 42 778036365
64 71 943416123
100 35 710702181
5 68 989309243
15 84 290682477
97 12 713569738
32 84 886425800
78 1 132584283
29 19 874178
66 96 43142744
10 24 952069764
6 41 978234946
62 27 766073913
79 23 102182871
8 74 684369281
99 88 486694707
100 26 347054914
92 80 554323371
67 27 270271011
33 75 895404574
67 40 261470794
2 38 787431076
71 41 89790426
32 82 250712704
65 84 931124326
34 46 435011086
3 73 345196068
95 44 774976007
56 37 640865382
7 46 983754815
5 38 135811406
65 42 231775831
59 38 86228362
5 8 594448473
47 86 939377421
21 24 844219605
26 10 51238102
67 34 847340000
78 23 369104431
99 35 303030313
85 21 685047861
3 45 278326962
98 46 367426347
16 74 284289679
15 60 455047669
94 55 533038698
84 68 885438314
3 80 115853330
40 28 413652540
22 85 261194356
49 76 342016340
4 20 383543047
77 11 696511536
55 59 69042729
7 20 369733129
94 23 951965404
69 60 825585828
78 92 313610199
33 1 247027470
13 55 194719845
5 53 359523457
85 53 15556567
89 44 711383904
67 18 906902113
59 73 470040071
20 55 546924883
87 17 750303311
68 80 878748689
67 45 147261043
96 99 744343810
87 71 486467559
65 53 700209827
43 76 277718181
36 55 769705589
65 89 581124084
91 76 459474631
50 8 882304199
75 8 870696817
58 37 148881207
83 98 432495378
32 63 526532217
77 16 102425478
63 92 638324635
5 28 62277286
32 49 133308213
21 90 177945726
32 97 277300640
2 49 762290883
52 57 876329761
6 37 924564653
97 54 774117748
86 16 739918963
78 53 57900420
47 17 893685148
2 71 918920522
75 35 686418794
47 51 658021898
48 12 553577781
19 3 231641864
13 17 343145001
41 45 676632991
10 36 288778922
83 20 37306228
52 30 521964048
60 45 663980335
94 26 765853188
75 96 202166404
96 22 146086467
34 95 30228957
2 12 880514066
93 70 781423194
19 93 812786361
57 54 626798660
13 49 310675708
86 40 22366218
95 96 174155577
51 74 739002835
99 27 508104528
67 41 185624297
78 93 129417757
66 73 453968106
15 25 392094020
51 82 976404915
13 53 37767676
82 44 585683542
6 26 845052741
98 45 441493253
17 23 138738188
29 6 713925322
7 39 620329374
64 25 481366814
33 93 6625357
70 3 768548541
34 8 42275067
79 17 229532845
66 44 273595807
40 18 617887370
12 37 93369759
75 58 819373181
34 9 333433626
31 80 486474726
92 28 646550822
13 50 518843815
52 34 810840505
75 62 601814026
79 97 819498732
88 27 608414311
93 18 852143922
22 25 585811637
93 38 853465294
71 7 724150052
33 44 373840429
47 73 479540610
8 28 491286249
15 37 839786734
33 53 498186804
26 27 181129516
86 14 314026474
9 14 799989133
2 84 781163036
72 51 569553431
12 68 758774657
40 58 600897735
29 55 512692079
29 32 561088159
11 38 196001501
5 40 124393160
16 18 346401980
5 99 625540596
4 9 87576373
65 10 984726209
100 56 837770070
91 95 786773524
48 52 380181094
91 27 421102658
30 90 927908544
14 3 611131828
79 68 881266908
95 3 381472587
15 87 577378682
91 30 840713768
31 11 799368296
12 81 115441263
29 12 856811419
17 20 463662720
71 35 382022197
33 92 876482055
72 38 156592574
47 71 684549164
63 12 409445105
78 59 273418978
71 49 561760982
69 41 866723012
3 23 778680479
2 45 284934849
13 20 478290719
34 21 545197542
94 81 447964402
28 46 466414919
48 76 691375794
77 30 798286696
29 71 451883536
94 36 538518265
17 54 427437964
26 46 327499939
97 41 48247967
97 62 754907827
95 10 87172922
61 3 695887395
47 26 9355653
84 46 197831957
9 44 298396216
63 66 910035413
32 27 426335069
3 62 115610248
98 71 697471030
70 27 916399937
47 29 478940589
38 46 499529753
87 13 415301990
71 36 392255005
75 14 238516560
69 11 808304952
22 70 44938296
69 22 414566549
65 16 997862576
69 3 410005001
36 37 864748612
34 24 23939208
69 82 881357568
15 40 510598899
83 22 950125894
15 21 738042746
29 92 538909502
41 68 562193087
21 16 958937595
61 89 777450290
78 37 480645885
47 50 836881217
32 69 921449968
63 1 554263182
92 37 929740407
47 82 733900866
100 99 837355392
40 31 328147256
93 27 617529114
70 44 10297244
99 59 982258754
70 14 342421709
13 84 767322683
48 25 423907635
81 44 127194622
32 11 108518323
75 46 332659387
60 36 732638491
75 92 520242036
93 84 6395398
79 100 159088426
100 41 467308672
9 99 196793246
25 28 874354056
47 42 668031413
48 83 668918985
87 11 930754236
29 94 325377460
70 85 439397407
63 8 429901476
64 69 230320960
5 25 764658507
31 23 493118086
72 18 226924213
99 25 744634861
60 42 260817641
40 30 634519818
46 42 580798932
95 58 394038712
6 79 998195742
70 35 520370387
71 51 89498798
21 11 514797229
89 11 62386265
32 81 726332566
15 17 4840459
64 46 195950031
66 64 193046476
92 68 193016725
95 30 401050899
86 70 721991780
65 31 28306637
91 99 378524402
29 79 885467580
75 68 147429277
88 82 518688498
67 74 219385940
79 7 505666607
7 74 302784995
91 16 182092654
50 18 320426903
96 88 358208645
29 41 161294242
86 85 414303457
94 51 768902137
15 22 530571444
48 81 484585774
60 59 690184905
5 59 993298124
92 30 64800232
47 53 770862098
32 78 774780576
35 10 84928743
69 89 590500167
66 14 996093641
96 77 130778243
97 76 112124655
97 27 879432077
61 92 182532117
92 55 988069620
69 7 112575102
8 7 648502325
7 24 127059680
97 92 958128947
49 18 771272952
95 41 840005174
71 27 219318576
78 60 869616901
3 76 713217054
79 10 558508627
48 21 227869403
65 11 562156816
63 78 786734701
3 81 772506094
5 81 368185433
39 49 599252993
87 39 37483066
35 62 330675033
15 14 69053906
82 46 925767298
13 27 347676696
83 21 73957685
19 28 345754002
99 7 690474608
39 38 362336867
97 31 394470585
78 75 743910538
5 46 747341846
9 56 547011154
9 60 694327950
48 36 717428581
71 90 239446526
35 45 820331748
89 90 832061916
7 28 864819341
29 66 364814727
32 23 403189913
48 71 864401865
47 16 32356512
33 40 503259290
19 92 309055331
47 57 970760968
98 11 630864480
72 73 357358723
50 11 20471361
43 99 336477052
33 7 267463910
58 38 402969209
97 42 228572032
77 92 135025484
22 53 859670168
66 46 856130402
75 59 296036180
93 51 575394175
79 90 843172093
61 71 175306577
91 22 541552475
79 81 145814558
100 27 640912237
75 43 102285465
13 82 199745195
94 92 145227613
50 41 862757599
72 9 499186689
50 37 519687530
67 88 155394847
55 73 703243940
89 80 748879580
48 60 52779136
64 65 961524105
61 40 20919131
48 23 842394873
64 30 631341780
97 90 93308965
89 74 77596786
64 93 358301317
48 28 309024930
5 62 971339744
86 44 222209978
83 70 479862935
79 89 469401885
32 35 611194893
33 29 458600888
68 74 6937354
98 39 932078627
91 82 228245868
58 25 788638540
66 10 428099924
15 1 729984540
52 82 624472717
51 28 792919787
93 82 445170642
41 76 482652438
48 6 313264153
6 99 752751341
30 84 35851325
79 22 613760456
20 89 466729678
9 54 442846451
67 93 866393777
48 75 526570263
86 46 780619047
85 12 155647218
58 44 52656810
30 62 124847276
49 28 336383278
66 2 749157039
40 55 199580920
66 28 996930837
95 17 897828102
17 53 105710750
67 96 768568970
98 53 112415107
9 21 350986736
97 3 720513105
71 17 371420380
34 26 970290827
66 91 816488217
98 62 735420247
63 99 74998173
97 99 919578102
78 96 873930504
70 62 498672480
25 81 471813876
66 60 163770362
96 3 20678449
20 80 487556220
61 7 501065339
4 52 360646507
97 39 359320160
15 52 410925314
21 38 388143148
79 45 621779834
100 43 369337791
6 58 209714968
77 98 244479156
54 42 524315756
5 30 593219768
63 73 106929802
91 59 336918294
31 24 842494240
6 7 710276308
52 87 36331112
62 55 713167811
69 99 662463035
70 80 281013244
9 42 64267097
83 85 325555978
8 71 819204774
91 79 257987496
66 25 734456273
29 28 531985206
20 3 928150599
41 58 901520625
12 23 310140579
1 89 246406837
64 76 737955719
27 18 957800828
36 84 474220596
51 56 788840716
19 12 780094858
82 74 102549017
65 36 674053126
4 23 101571075
69 46 708968414
47 78 548143584
40 24 223826396
35 39 736700282
76 45 109940831
49 11 363609320
64 19 44453643
14 81 652653166
19 89 290355758
34 70 30995036
39 24 508712874
48 89 720295133
6 34 368007588
26 73 487392649
86 88 741980541
24 74 695430398
19 84 227654432
61 42 490491590
95 18 232918085
91 44 876210165
95 100 976392949
88 21 880163794
6 35 685064197
4 28 15431712
64 24 196284837
94 45 291115585
2 40 306279663
43 58 198689887
79 77 398505599
26 3 890713006
33 36 615747506
91 28 112933432
91 75 794229260
21 25 683544796
87 85 842745128
96 86 84648954
69 81 350136635
33 3 719403650
66 26 396829099
63 22 526204025
32 45 844480108
34 99 708669701
67 71 47449188
76 90 101293183
12 74 939272149
9 8 679900839
79 84 644407541
93 60 782435770
52 43 397935002
41 88 426022556
83 36 279031698
71 10 219532103
37 90 459778655
32 9 764743296
84 23 843593450
92 51 28880657
8 30 51133626
77 62 345967201
17 30 174092479
95 37 491824667
5 54 81845997
26 76 278533390
56 46 26999468
4 37 18234935
27 42 189154248
87 14 352065479
63 23 732323822
29 61 268612580
5 37 819338456
29 85 727154919
64 3 300697650
75 17 733615567
97 14 309601664
85 81 107513255
1 10 385998594
48 11 387523507
70 42 50250187
63 53 249621076
5 31 751223741
23 80 852572078
100 12 398088729
85 56 584593360
3 18 755577896
4 96 551142261
15 90 859403419
24 23 866491474
69 17 406058671
96 46 806144321
47 30 746500216
71 30 187849813
72 56 172795791
100 10 82344987
5 32 379646902
29 64 924034177
2 10 89245924
76 44 443600986
9 23 685150817
15 73 323543188
43 40 921330721
21 73 157594141
66 58 928744744
48 13 200854661
67 84 490716910
65 8 905074792
9 55 307867175
63 50 230129355
15 68 821923119
22 80 995733524
64 41 519738135
87 88 780680951
41 92 788525578
2 37 965239126
20 44 678224095
1 59 43490028
63 83 910588708
42 90 227851304
48 67 315332674
40 12 684653272
63 17 906703445
41 37 101286700
8 26 11924303
48 34 241260164
92 44 307252897
13 37 93564304
86 57 972144422
81 90 675240780
66 61 506208451
29 72 933110778
66 89 382249175
27 28 242330868
1 54 898143162
98 82 100785875
79 13 66535815
40 84 515619988
49 36 169959917
22 56 230341082
83 30 726286411
88 14 673849094
30 60 924141228
96 57 649086303
63 46 384057766
13 21 124942130
72 88 222076736
51 27 855253029
4 92 523577869
19 76 174831946
27 54 150716966
1 99 873344636
61 82 861819242
8 10 97342599
40 62 157664277
75 27 270890941
72 87 881697743
5 96 770594855
21 51 996123372
96 36 147339474
56 45 699441538
21 36 940221781
69 45 109608045
47 96 3425819
49 45 420167165
19 36 38930987
84 59 370972818
48 68 993026619
83 55 327496175
67 46 363349024
32 83 222832763
19 74 650228524
61 21 89785649
40 49 745776262
19 73 928090492
95 22 203979755
30 37 488594278
6 66 59625408
83 37 720832752
85 55 942466940
34 81 422743014
76 59 588471687
47 59 255001442
63 86 286319672
41 85 776538464
86 51 853716768
5 71 615150998
78 79 963489844
38 18 809161350
80 42 238921998
75 23 876935948
15 77 572444970
19 50 702048268
99 14 364031614
2 92 262683129
83 23 42418929
2 56 528188787
95 21 252228849
52 97 437564234
97 57 965808790
98 81 308735059
57 70 506965872
15 18 660307965
47 62 864220655
48 8 972325314
66 23 135732672
94 8 649285320
87 99 188140414
72 44 910825523
77 25 674633234
91 46 246703288
69 84 786444319
4 76 286266482
33 96 554314703
19 82 328248682
81 59 960784968
9 22 89885138
6 86 330523219
99 12 828591675
15 93 169240244
91 60 933821330
99 38 697287391
57 14 777132227
32 39 88183629
91 85 901221008
57 30 228716821
14 53 677515915
29 99 484627177
85 45 963180020
82 56 958983082
30 46 479418352
99 68 58653354
1 8 26613788
14 25 52509871
95 54 496258415
29 2 872259379
55 28 720787472
47 9 572975890
87 51 479865787
65 39 532689855
31 16 656642880
69 68 930231115
67 16 380011377
15 39 878164022
45 55 460826542
33 2 9554982
7 60 95341120
96 71 344220248
27 38 854068004
83 77 720908124
41 60 237629056
92 84 889814309
78 19 253755362
72 42 158875847
64 12 383149758
15 20 932345455
99 85 506797728
48 88 907600500
15 44 399085444
63 54 252675175
22 89 836511600
29 98 347285416
76 81 784475511
5 27 460370841
89 42 172257275
17 10 607474839
35 53 100236745
52 17 71390500
79 65 382126768
95 35 982166132
60 85 341151936
17 24 584052455
7 23 480000469
42 18 166712736
1 56 933188975
89 68 466086477
1 74 49021339
52 14 925512952
72 11 578165320
49 42 257977954
79 60 863031559
78 99 730348762
47 24 487305997
12 54 50115528
5 75 408224389
69 76 534168754
92 89 504853363
82 90 735231533
33 61 935014091
96 30 127907886
96 39 207155530
83 9 23266308
77 39 599120275
40 11 447148436
