100 4947 76
1 2 2 3 3 3 4 5 6 6 6 7 7 8 8 8 8 9 11 11 11 12 12 12 12 12 16 17 18 19 20 20 21 21 23 23 23 24 24 26 26 27 27 28 28 28 29 29 29 30 99 114 265 272 324 346 362 455 579 589 674 695 860 881 900 956 1544 4904 5407 8447 11020 12935 20374 27039 30689 346379 564060 691659 742259 881106 16578769 18423636 21087384 59693330 69448364 86336945 229969767 235255646 294496277 497711527 556736623 570920021 656814009 660786606 726004472 811919843 858298622 949793088 987680581
23 5 243300554
61 5 31596595
87 64 261659477
35 33 12082639
21 20 868496111
56 78 413636045
65 52 664564434
54 41 799686596
65 7 673784275
86 45 653480072
35 78 634287122
48 83 390213242
43 34 7850474
17 82 766243801
89 30 642065057
4 100 206049162
73 37 439467807
51 6 234876262
50 11 274425451
17 9 212033054
10 13 391681919
80 83 24565281
22 64 507579115
11 20 782151025
24 49 669334509
13 100 180714503
69 48 223648733
8 93 917196662
40 73 570198794
51 7 69501187
52 72 98605249
13 38 940818580
13 63 826135794
71 42 297677134
28 33 790037488
34 97 263001778
65 18 702754357
58 24 115868829
56 29 964985973
91 65 830922556
35 46 511094984
88 4 174261231
80 7 255904140
76 2 693711292
80 1 437610402
24 44 238155694
2 96 210806968
17 38 780598380
90 43 991504941
93 31 842069971
80 9 937737509
32 58 96746753
35 63 762256588
88 67 72113757
92 79 454474971
66 59 273090804
69 83 576490591
35 72 161160161
19 18 267386457
65 51 51367195
72 47 75429703
70 86 35368800
39 72 486982314
43 7 303717693
62 41 642142655
84 31 572782201
80 87 306364970
82 92 577882570
92 29 607980945
30 49 714003921
26 25 950362550
28 43 886229949
54 11 612853436
64 3 284196503
65 97 81611743
28 87 774926185
90 31 33226123
26 15 826662875
1 38 458348773
10 40 530384090
51 64 678591817
36 97 263510571
10 36 814328224
87 46 675796006
88 75 424431474
81 9 940457253
51 48 29629194
80 78 254924891
51 74 765562360
48 46 606215717
14 45 174110591
88 16 537143943
10 83 759771340
50 4 382225409
66 56 129905309
24 37 229569731
23 13 743909139
84 3 984215420
21 45 563777987
34 100 267438804
22 18 39888716
2 44 804348802
31 9 527281071
10 1 19321199
83 31 806425121
97 85 208441973
80 75 743574585
51 25 73298748
8 55 629651452
16 45 368398980
82 25 547421433
17 70 654541648
42 29 438195685
18 3 727311262
25 78 427444761
16 38 462124637
19 31 959380575
86 85 581887994
15 6 224059039
23 16 338556941
33 11 219089130
18 67 923862558
1 97 37800868
70 67 501817044
34 4 269576584
52 64 835864042
6 4 983026130
10 52 384856016
89 63 678718223
57 96 644634788
26 44 844186900
76 35 536545188
54 39 6284895
87 31 936579010
79 1 722323305
48 38 834220555
51 63 563309649
22 59 584402825
69 4 59408502
61 96 524762876
35 57 688979501
75 41 521256065
74 60 637266275
62 25 394150000
88 70 825593135
92 95 741444473
82 62 962237787
61 78 92917383
32 92 264669287
81 87 354854030
58 46 642441824
21 84 614265470
76 45 494891619
87 99 734457615
6 9 675183740
27 22 773841975
28 64 149617214
18 89 813338879
53 94 45713373
82 24 160964002
58 77 444875671
35 44 508212810
84 85 309151999
18 99 715937521
22 65 599784349
80 23 713534244
48 3 962849838
70 64 743284209
52 16 106749424
95 93 56390525
66 3 329536347
90 94 938247821
65 38 180152665
43 93 317974638
2 97 383446350
28 84 794419509
73 42 863845033
10 48 755991218
70 5 628815925
23 74 431561377
83 41 254303527
39 99 936153899
53 20 76527930
70 87 240655720
56 49 971856341
22 37 159015260
32 7 163324341
80 99 855563354
54 59 446980163
63 72 319265171
10 2 875637312
69 41 458350751
53 84 280131359
3 78 838041544
48 25 995966651
8 24 977520141
92 31 467116325
81 34 65240377
51 46 551696436
28 56 456138956
17 22 77355651
29 99 387799150
82 95 119354043
84 38 856098870
68 33 119183157
58 84 163668415
70 20 612421114
32 78 765039345
62 69 657992618
36 67 945102374
65 37 805912078
17 61 864645221
8 19 586454330
27 69 883448451
96 6 18503463
27 89 908621052
95 44 411004027
98 16 281771728
43 88 624699413
5 93 163057603
21 33 780527511
90 82 463029686
32 56 54450593
96 93 834077020
98 1 258739881
88 96 626807778
53 72 340923309
2 98 412348376
58 44 688547924
65 79 552729054
43 60 398900546
66 49 133937452
100 3 754700067
38 30 208603764
13 94 440103604
88 78 436486705
12 94 187217493
68 77 777071326
73 98 409655606
51 44 4426923
62 89 717910083
10 99 104025754
15 36 780462765
13 34 993304948
8 29 194718189
91 16 796369627
76 81 683814916
61 1 470077057
43 92 372465588
43 97 428215456
11 24 585415569
28 35 289827942
85 67 998916600
61 32 347734877
14 38 601379415
22 10 347634011
21 96 271500290
65 86 49034100
43 95 286368981
57 30 711199511
97 64 732027827
33 39 909886931
98 78 601414397
76 90 944770283
50 31 66765122
39 49 779526195
64 49 293511524
42 37 879319577
28 72 866091714
45 55 238356445
50 75 656339424
69 77 347212396
24 3 703234899
28 74 955192153
77 46 12637786
14 63 495191016
84 25 499271856
90 37 993382692
73 78 119546888
84 72 737235125
7 85 204709913
76 89 481811547
86 44 501259258
76 13 64175735
92 47 284184967
35 85 648159608
68 4 696853692
52 42 989940758
11 63 255852702
88 84 229723010
21 4 361688301
68 38 329490057
56 44 533810811
85 29 949398404
90 9 816892403
7 77 669741278
95 30 751676220
28 3 789200605
23 88 993009504
86 29 690554518
36 93 39537260
20 46 540637
54 23 591122267
54 72 707062923
32 63 729157364
59 89 604557687
40 30 671845585
40 67 220274677
83 3 557761372
90 68 251661210
28 1 508015574
40 88 968865696
51 71 337812295
23 97 76737869
66 1 856098751
88 51 469774709
90 61 644449503
97 71 727138750
34 93 894698510
1 3 443839964
23 64 775154697
73 60 403761012
31 67 696906082
82 44 887384691
17 84 7973350
68 23 622774162
97 12 463830739
58 48 805158821
73 2 348205456
76 38 559556199
54 13 721131281
26 7 252019237
60 55 207136577
72 49 161457857
46 78 896866862
65 15 387175529
55 47 38405792
96 47 335732459
33 100 245777477
93 9 254295201
20 16 799558423
30 72 88651961
5 38 502310692
18 56 476405004
45 71 314080536
5 51 223681325
26 51 96525417
20 9 64485937
94 9 369666207
26 54 479427635
96 64 649147378
70 56 278183401
62 84 13871507
48 55 930270404
21 27 376259165
80 98 308411603
50 46 36053859
90 17 593011979
43 46 479174469
75 89 434801002
1 41 714136289
61 40 428128878
20 24 124719311
88 32 686526144
82 4 455130070
93 46 180975553
26 17 361267688
8 57 638239433
40 29 760547665
43 45 805393863
16 77 685384484
20 100 438580455
35 52 456858538
79 95 961675011
13 84 582106461
65 34 637803067
41 74 516343853
36 9 857604930
22 23 436529844
15 67 639182115
19 96 798201639
97 30 765514408
69 93 989883959
98 41 256562494
52 2 425552442
10 53 697478376
27 74 978514688
57 86 240916819
35 39 553481023
22 93 344150152
27 12 17753599
84 41 214864859
5 89 529449588
61 41 307281038
43 8 137722123
71 94 274399121
21 56 801986578
8 44 969443148
6 49 69292894
92 67 882594962
51 3 332460781
14 72 475865762
18 60 941695688
4 55 473461679
10 19 90066868
61 94 747831705
35 18 181254989
35 36 72957988
62 37 64972970
65 4 523845964
39 58 422567344
34 86 518594806
70 77 622187301
79 29 248364935
82 99 825977594
82 31 212396187
17 92 768293695
57 25 744433037
22 77 651315443
4 78 575176640
52 94 329107041
24 30 455156105
20 4 736088558
15 38 781986702
59 46 882292597
96 87 829096451
39 29 87084903
60 85 29361369
86 56 802925228
40 5 497972373
61 54 592245971
73 99 515409042
88 44 619531678
82 37 147089618
13 29 301191794
22 42 778005536
5 14 789679031
76 39 714886688
32 9 360352485
60 3 132705622
81 94 608401395
5 48 809123241
65 70 944886051
28 14 91918238
43 54 637376507
11 25 289972472
21 24 64239293
4 46 72220042
54 20 911247428
2 29 727565131
40 18 43321328
62 79 13928498
14 67 648426634
18 30 383844662
30 85 265919299
53 29 208317883
98 12 581537836
26 29 257840046
58 71 229460435
50 77 596450405
59 78 263230290
42 31 8620224
21 83 207033935
65 96 188136186
16 67 995351651
76 36 461965564
57 51 881694662
62 78 240880190
28 61 511986689
59 45 680655194
52 79 193031142
87 30 11411520
28 89 175530504
33 36 581824122
5 19 414327718
22 8 472542691
58 31 393101865
89 74 196409999
39 78 221459484
20 41 534663265
33 71 12556083
33 16 664211560
43 38 368708956
57 94 371779498
52 56 989367005
61 70 11450824
55 78 524220257
17 44 295078177
81 19 471716857
19 3 208293457
80 21 87295735
59 56 892331773
15 94 201243343
82 2 471929477
81 97 47867815
14 6 835064640
45 4 640904785
70 48 499088954
76 91 352386204
13 67 280261719
8 9 242539135
92 96 201404561
74 29 972606637
68 44 987544295
13 19 239497793
69 94 749475282
20 7 798784077
88 85 413575301
65 73 13525386
73 74 204631821
35 5 757749938
50 39 623788498
35 82 95711046
73 9 952255923
34 64 981022034
69 67 330430805
59 47 607890633
37 46 120239912
36 6 87642373
12 99 24787852
32 29 385177712
86 12 489004293
61 75 9982400
66 54 530111458
18 49 823557862
66 34 460275686
20 77 965105630
82 36 951292585
8 64 701338389
54 47 894346273
68 24 474450084
52 1 980783212
68 20 152638608
66 38 437436186
88 14 226927577
27 73 661302925
3 46 97940974
61 33 613276953
68 64 222396265
39 7 892794711
92 42 171420359
36 56 341517816
90 13 743801641
19 71 449551796
80 26 369615905
61 9 50620698
33 75 438246549
44 94 446292676
26 48 323331586
81 49 292323370
69 1 554797358
53 74 950432482
28 24 297350767
62 72 973753201
97 93 793176451
16 37 915159988
81 82 560770013
14 42 200577144
2 1 109710821
92 25 993233286
34 25 621410509
44 99 143793873
57 3 572786825
91 24 780276338
66 13 589391930
81 7 99501461
52 48 233952900
75 67 630331382
68 71 79361227
54 49 456760985
81 16 967049568
21 69 264732533
13 60 559860622
35 55 920870042
61 2 258803238
17 12 785197256
27 56 34318296
2 75 917221514
53 49 327831521
66 87 354366997
61 48 953844987
27 30 65511960
62 8 438386882
19 60 85197426
36 75 5987791
20 84 700019823
98 42 782771281
2 63 559158766
82 75 921478789
10 9 913005412
84 100 405412459
28 30 216798256
50 13 545980990
75 47 372398044
79 77 637267043
80 15 292665
39 1 223318727
88 49 311515743
22 70 712480276
88 95 784809412
28 36 918899024
54 12 615700878
19 7 776236239
52 98 251122627
76 72 9065981
23 29 648974241
92 74 659410944
15 79 540775407
17 33 806530870
13 45 943354704
28 73 31930871
66 79 835871182
16 72 807953773
5 86 393770218
69 96 106878244
26 30 733609282
81 55 539119466
93 100 916631623
53 45 963797418
52 44 998552913
91 84 964986166
33 20 777926554
33 83 68802209
35 16 660698649
26 16 256370137
61 16 298070672
17 77 901848073
8 48 311353974
48 84 177047992
68 3 129793872
96 12 600578448
26 18 86267814
97 46 660627316
62 77 589015462
43 99 446848334
33 51 478849538
38 63 578175436
26 64 535433136
43 3 872557714
64 78 171088401
51 83 424654755
87 38 372872034
81 58 980793077
32 74 129441830
24 56 514603904
15 75 416119506
94 3 331680904
23 39 71046889
19 20 605956719
91 74 91107849
21 85 5495723
57 64 524669694
92 71 938611808
86 25 279445849
22 19 330149959
63 56 494099625
13 96 987645090
86 98 408918835
91 56 506027152
27 97 200488524
10 100 37710858
51 86 561004599
39 4 898661449
35 8 24190280
40 95 259875898
98 100 748582640
2 39 393536120
13 74 960558898
56 100 994061435
10 57 13976885
96 58 784299574
50 59 618058594
96 77 336370818
28 97 751197989
41 93 64961127
96 45 235060841
13 85 889707208
95 60 995146932
90 69 18291379
50 5 358877208
76 40 700605827
1 99 164891456
16 1 288605073
75 12 409600516
35 75 943756291
11 72 871004523
70 7 182475865
95 64 276931523
38 9 852295221
70 51 780739638
40 94 399758600
16 48 832647269
45 38 686298405
96 78 140976038
15 29 291311922
27 4 650425479
98 75 756485120
92 44 197389068
1 77 995150070
11 8 862918812
63 99 76774256
10 51 669307857
62 29 353298750
3 25 595884292
23 100 561466373
27 72 996958209
50 44 652140526
59 9 851022956
57 56 730573740
50 70 84096365
16 100 959681360
75 4 374279530
45 99 901389478
65 57 215065578
32 60 158574650
91 81 873793110
90 67 587439509
17 99 939867055
51 78 592029352
58 100 755552117
83 100 823464430
91 67 618159131
13 41 288056658
4 41 104760072
38 77 442190228
70 84 531485193
24 67 328326583
89 31 525319494
13 56 796298325
32 84 13115025
69 53 487466514
4 74 413251257
5 94 731672818
65 89 653007725
76 50 855363742
92 16 431971721
24 74 510886054
18 93 275498578
16 63 685735683
36 44 336008041
59 88 486729985
8 83 12483547
56 30 868670549
58 1 863167976
10 4 267237934
91 27 599643004
30 46 118424349
80 93 297748361
81 2 906085977
90 48 50554054
73 14 568004450
80 32 310826706
15 63 793909450
45 25 946432542
17 58 452351405
8 42 369714318
57 72 708621983
22 5 722057359
50 58 782420377
53 99 951324103
90 19 912311164
45 48 921423176
40 53 163821074
23 45 462259846
61 44 984272606
26 75 720202627
76 12 327792140
11 53 637568722
79 12 906494509
61 85 951576058
32 41 693856885
91 18 38514533
35 3 321696499
12 37 233667170
36 55 836648611
82 16 863201974
35 41 302310308
90 4 415640104
73 13 495317902
16 60 553446391
84 30 709909713
76 46 852553820
43 39 838100842
6 77 510038169
92 58 239998391
69 71 758962225
6 100 65828467
11 38 325917960
50 73 402837789
43 32 595665062
62 98 259823588
11 75 782480494
24 42 327801926
38 89 219375115
62 14 455555323
57 92 781032344
90 99 576889984
18 79 774894846
38 85 220578263
20 45 727688457
77 25 617025858
62 3 715704575
8 1 285782294
80 88 997819569
93 67 278593301
22 39 287226730
93 47 774008715
96 75 759551010
58 93 278623506
26 23 434889234
66 26 991017941
39 84 362144356
5 16 894427397
28 34 872853573
29 49 959704765
52 31 354182271
88 55 592033065
26 32 14975272
11 7 700005844
80 24 359954737
54 52 713908971
11 94 872318542
76 73 613437599
30 31 183941325
52 60 666548221
33 69 399314116
40 69 808309100
45 30 447180630
59 86 178223913
50 30 606296153
90 23 102809630
41 46 171978586
79 64 329974910
33 37 399335025
39 3 5271600
17 1 719412199
59 42 345468089
90 5 688642149
59 38 978353654
28 21 290445125
73 93 902959176
48 44 679372782
90 97 851367631
7 78 388464818
86 67 800558895
66 43 56813658
65 2 429964244
62 6 604817881
66 29 105669285
61 46 819779401
17 10 236141859
58 74 781141369
35 38 493330140
73 72 5405472
15 37 158006480
70 99 485197386
8 58 21213520
62 56 924211554
82 34 509120868
56 46 499214408
28 45 579611403
86 55 374113111
29 37 448654189
17 63 673431537
61 18 82133907
60 25 148683872
73 56 847568699
8 16 803844847
80 52 270203703
44 74 177826874
26 93 522295377
28 19 622878441
32 53 474635560
90 78 846026199
92 89 754319504
71 64 382973459
81 77 668605694
12 74 512282397
28 75 735535655
36 77 444535593
5 85 25403001
96 16 237635920
65 6 918314337
43 59 275987503
71 78 915613432
86 72 431868111
32 79 809172284
48 42 560611252
5 60 784383916
23 36 500418925
89 72 133877247
18 98 679184609
62 47 61456914
27 9 771194466
61 59 35580854
62 18 749106527
65 74 828307673
76 47 980840148
66 24 964346774
81 12 559544518
2 37 667629078
28 91 498636572
17 78 353673740
40 42 510836840
22 74 287372753
83 29 286128643
80 28 655546227
35 43 240402252
22 83 169315969
15 3 629039041
36 83 856693841
35 95 848579199
59 62 197926832
35 2 415310761
91 6 241791602
15 72 378290696
97 31 856493010
20 83 770648399
87 93 643134517
19 29 370653268
26 42 813329046
1 78 631856410
14 48 890367205
21 15 96304739
41 78 748370172
90 54 835061401
88 52 400533193
22 30 628136736
27 14 653474160
51 96 329480198
70 92 794784400
26 36 783025969
88 64 708192174
70 46 751621170
50 63 688376801
65 12 858510965
35 83 704046431
59 19 439449631
7 67 264475815
40 14 647928610
92 85 74334283
83 74 985329623
12 41 107964083
11 57 19367600
92 1 271633873
23 78 268967710
66 42 540694144
73 19 380694816
91 43 935280775
73 69 669419793
4 63 665445931
6 41 936466184
59 23 169216606
30 94 734676850
33 70 33403244
45 85 921041106
24 93 246995909
18 1 12259351
76 44 770294502
19 42 983369992
39 55 751918313
27 68 312197497
96 63 660619252
88 46 783981668
62 24 412522402
19 98 50393770
6 97 652379601
13 37 628263800
20 99 19540335
19 36 272455550
79 48 4754033
23 18 797901389
65 41 461828267
17 48 444340341
50 24 193398037
21 59 248858507
45 47 576894835
90 79 30687051
40 3 43812066
23 31 619882140
72 94 887611467
6 58 389755340
60 9 873059364
65 32 324425264
28 60 957674499
16 93 426197295
32 34 192974161
23 2 766422661
95 85 766944520
50 94 606156548
81 68 436925425
22 89 861332258
22 97 235809146
76 23 212485392
26 43 797745276
89 49 660670047
19 95 458609037
79 86 466817870
13 79 972794953
7 44 429113450
76 10 152250861
95 78 270795934
27 82 407658965
81 23 481135417
22 9 630905256
33 38 384698038
94 47 51855626
87 85 720189853
59 20 291561411
18 29 678296668
57 44 887821084
80 95 520910191
7 72 316533474
89 9 763641404
32 64 475733446
26 70 24988781
12 77 91379647
61 89 360942375
97 78 684076123
17 29 15057674
18 12 828123324
11 100 794217536
80 48 294298839
40 100 366275840
70 38 909486840
24 64 438051559
34 45 353206074
19 14 499790888
53 44 267267457
88 3 807916966
75 64 375082768
68 39 794651325
73 52 906975277
33 94 441890557
62 55 641863001
22 51 220920515
19 89 390433861
19 100 686040176
36 71 949901936
69 79 607938076
98 94 722186421
96 25 851414556
95 63 359818974
6 86 453427435
24 99 222402793
86 9 997086802
3 47 581829198
45 31 202251828
39 74 374572452
11 37 130236436
98 37 907775562
50 20 720438847
88 8 838129253
62 93 627408605
79 45 175815125
27 40 298664091
77 67 981719334
43 12 895601246
15 42 981223906
38 93 262592569
38 29 37037523
86 4 638390573
61 99 841541342
6 46 756284734
91 45 470779386
66 12 819490014
13 12 875857507
66 19 126701615
23 32 637454390
68 78 583722217
21 31 899748770
73 44 755541074
5 6 742773333
21 47 629584381
59 4 240191626
2 3 476574514
69 78 463844539
97 55 868216444
82 3 393423563
90 100 673534110
15 45 483923818
1 4 324772407
97 37 878899295
62 67 615775681
89 77 69266133
35 24 476769824
62 85 836552080
94 49 509673327
33 84 562620419
79 85 722582404
21 48 695011097
10 68 232797894
8 7 977670262
54 75 786492600
73 15 578694422
92 64 79022215
23 1 966444833
20 98 228133070
65 48 60934343
53 60 729315238
90 77 93931613
54 29 582208607
68 95 800970036
52 39 825929975
40 8 683325591
54 65 608810126
28 69 958509395
90 16 517502516
28 48 905269625
95 55 337279155
10 20 715430899
49 78 972017252
36 47 115131061
28 59 606788147
96 83 480879267
70 41 904923201
14 7 594707712
15 83 728828029
10 62 340797741
86 7 449154548
100 29 306061691
36 4 788405416
81 13 653341365
52 25 927831084
36 52 901699880
58 97 581810942
82 11 734711233
43 64 508042202
5 3 493385408
87 25 677084913
83 60 863688804
18 63 798368398
9 78 190462388
88 56 997343882
10 64 805947831
50 56 748101597
40 83 144361648
24 38 965295910
21 14 446604157
34 3 14889407
17 89 27126083
34 85 309520065
30 74 67990404
81 10 125299501
48 9 35204426
34 57 523252702
28 22 991747958
35 4 70444477
22 1 579501542
50 40 811200527
15 18 705309675
74 85 50375395
38 55 306355706
68 37 438654294
21 77 773873136
82 96 370627679
54 56 334341158
54 42 718918390
52 89 226375431
61 98 546019325
83 47 449408443
36 78 976010543
76 87 327392399
2 89 968439820
10 87 936048303
33 25 270068721
94 29 13601742
84 94 93095725
24 85 348628330
86 83 755786051
33 52 779603146
5 64 230425439
73 7 670953675
22 48 549067804
6 93 932682000
7 97 256243226
91 51 156637536
18 6 19330135
28 27 550570565
91 39 73811999
21 78 654224922
59 25 8697782
10 63 695374373
90 33 14012502
45 12 575827643
91 22 80451312
51 79 296936394
34 8 811284544
68 2 641330840
90 20 359174748
73 5 370112999
70 53 122486256
11 3 686165858
70 74 177751210
52 57 62437355
27 29 916750750
89 37 206239514
88 47 60719426
26 94 981610022
72 42 248755475
27 32 417795388
38 37 42515241
34 63 922926001
68 51 637014540
27 53 860588976
59 2 628004505
8 51 285190100
71 60 45290515
7 37 429897325
83 49 889010039
88 7 439748505
63 37 540292726
12 3 302297823
59 14 979136245
98 31 668703521
88 74 820625022
86 1 47604590
17 98 913779791
28 51 345074190
38 56 867356747
57 63 429250081
4 94 677138504
22 12 403632903
90 95 254525871
44 85 357475001
69 64 124869503
39 46 237927020
52 85 157345359
65 62 754068071
21 5 746701318
79 41 803013930
92 60 933261554
83 93 32733671
81 47 982813662
17 83 641218194
69 60 713221196
90 35 569075501
75 42 743010904
17 16 153840102
61 7 435454271
80 10 864483001
22 25 499761055
62 20 832889130
64 55 94007242
36 39 659580212
23 75 60581440
65 82 988281777
57 29 416697720
66 67 268812444
76 92 352186128
63 60 21092434
81 54 935806759
49 67 47726649
28 44 691340730
48 30 503696359
73 94 345451244
57 100 328856678
57 24 58018564
13 42 392667799
14 84 432697461
24 87 609864759
15 8 525147665
52 20 944418774
59 77 510175563
35 97 355317511
62 16 720552276
8 77 187339923
14 4 129529884
66 72 587622010
40 57 343906968
85 37 721073707
80 89 576400151
88 98 417919993
43 94 295663924
80 17 132247111
26 86 741074577
26 1 574585300
26 24 303997292
65 60 852305170
80 5 173034213
7 47 852431632
50 83 527919289
36 79 879868420
8 47 681282029
86 100 954229675
59 96 877586229
5 96 626530176
39 30 38065592
36 60 537240769
95 4 520740972
11 79 139407730
83 94 282811818
58 86 791928809
35 22 371948654
26 59 527474146
26 33 701637433
76 18 469634844
23 14 196168460
93 42 540127585
82 9 390076698
42 55 527967937
38 99 53624371
74 31 267383381
34 44 647968841
86 77 10210481
21 61 963223400
82 97 375918204
82 12 584509312
90 27 223986808
81 51 246989250
23 71 385787977
35 11 795913410
28 18 770032105
91 48 56650768
87 63 113624298
79 84 689922443
50 2 961504652
62 63 414920291
23 92 327937106
63 31 888274975
15 89 539718989
61 53 535348613
28 8 334059634
75 63 160894778
61 34 459950037
100 37 42310358
97 77 972881694
19 51 412899729
32 70 649040331
28 88 809030855
26 3 752051506
59 13 684636163
58 94 984719863
57 85 712785616
95 9 168481750
88 72 824196009
90 10 233494811
81 65 783717738
64 93 137424919
20 12 82007500
65 11 998211789
15 20 372977051
17 30 315444357
19 38 789990875
45 29 483009088
59 57 413194208
80 51 736361306
1 25 805134582
21 75 789950976
53 55 713957994
62 75 809062020
73 79 937637996
27 42 682548130
2 94 51181399
56 85 809793187
96 67 961875564
98 56 76602765
59 8 804512903
6 38 528407881
73 30 302949478
68 97 736553114
21 37 730136777
56 60 899909234
90 60 254415690
34 87 908813802
99 78 31016714
13 72 440821225
100 46 346709058
23 93 645655533
43 23 818333450
14 94 590114763
54 1 251680016
76 99 875426079
38 25 578160571
22 49 930650032
28 85 109207462
52 24 807318924
26 45 563892797
79 78 30607186
18 52 854799900
27 13 734019662
35 71 318322078
61 60 64929801
72 31 270507868
76 96 914797779
91 44 745420083
24 25 329915051
32 71 450137007
70 14 802152637
8 94 89914894
100 31 916911771
89 44 486543975
14 25 892272518
73 67 833930526
51 75 465741924
90 88 3140208
88 1 124348493
14 96 194112860
43 55 148058529
70 24 771260795
97 47 704093042
66 6 661004056
71 63 133590994
21 18 797695625
68 79 189695447
28 12 876909323
91 23 246970695
23 79 429353834
14 83 595480068
5 29 25468087
21 92 900757161
36 16 162882403
48 29 682315781
61 74 572843876
82 30 275761351
15 4 888372651
36 24 453405694
43 79 769955017
96 84 496546377
21 41 748865076
73 12 857348892
59 87 78965270
68 16 226839094
54 86 48750175
75 85 525360003
88 60 962352617
53 95 742266123
69 25 405715983
70 39 380680368
92 100 95097648
21 23 434208540
26 50 430878066
34 98 839253410
85 47 482623238
54 70 476975730
76 69 517279445
53 78 306644381
7 49 306048700
22 45 379494386
40 49 295042499
68 67 514966612
27 75 935292014
33 96 935312444
45 67 615825764
62 15 744944969
54 99 19672636
80 69 462578260
40 97 610617879
82 77 593475735
41 55 4607066
59 65 875446880
52 96 9947050
90 6 526938884
54 16 11149751
32 31 281360990
26 11 798319864
59 37 274252686
89 46 608735003
59 69 647463559
17 96 920921058
35 7 396502226
90 8 337293967
29 67 140479887
92 83 93678646
77 78 909466768
36 95 214110789
92 38 605654952
41 9 161092663
59 3 167348771
32 49 76714505
14 49 160939607
14 44 362973121
93 94 299247262
39 48 789387582
5 49 478013780
18 9 582965937
5 57 930575826
27 77 547476581
79 63 113176333
73 48 803042923
74 46 502585505
50 12 10675291
16 75 174126615
34 89 65887975
54 19 228288402
90 29 766197617
43 74 176843823
44 100 596632617
76 20 746061390
72 3 50415793
88 19 172696558
35 37 274281296
36 25 863471845
80 18 202749460
50 29 663860142
7 94 454108386
85 49 954145218
26 21 532157235
40 34 199029188
76 62 668528202
27 100 855548610
23 19 291284367
42 9 131842133
32 100 288698896
10 88 239289557
15 44 364800159
27 71 554729407
50 37 426220115
97 44 359649770
53 63 459458446
96 24 652643420
46 99 741877682
35 1 739598789
32 77 750281729
50 71 809821624
18 71 554712330
13 25 68482407
50 99 520494335
28 57 126146635
38 49 354246855
23 89 493717443
10 34 170196250
61 10 818350322
59 48 237702542
62 9 768775058
33 1 823206908
28 63 677899951
74 55 580927521
40 99 862902373
34 47 425496479
82 71 718129175
90 85 434144734
53 48 884191801
26 74 453838977
33 77 41442235
76 93 191334274
33 79 691128236
40 98 347456858
7 24 664793508
82 86 502137241
68 32 552281987
61 24 85251720
4 9 696558627
76 29 537336732
53 56 5160791
50 3 373953452
61 77 835196251
22 98 374222463
35 88 571648218
43 24 692727121
27 10 233921122
28 9 162017135
90 86 406550633
7 42 879347710
96 44 32664933
21 100 814320549
76 75 112157185
4 72 773607378
10 50 556791819
88 69 767811005
21 38 901096640
75 60 962745513
6 7 796763711
19 30 643522040
7 87 766414196
95 94 814287745
22 100 103431883
52 74 898584554
62 49 767143474
26 2 866778825
5 78 473107065
83 77 445271656
80 3 407837227
4 29 578130949
20 93 760150
16 42 729058102
17 75 754285791
15 49 961081827
70 18 258991500
22 60 255543668
74 25 787589568
91 55 153194670
65 72 802231153
32 51 997239036
11 51 519162790
24 31 789173211
34 5 15067132
66 10 279288983
23 69 393858826
12 4 284021684
76 59 608442701
83 46 565839617
80 64 960887180
26 91 887283528
35 47 533005758
21 52 648334298
54 55 470520761
54 38 644718582
87 95 200783361
90 42 782909652
27 96 283884965
43 73 251724653
65 49 358380372
53 77 726718680
45 3 843713018
16 94 537697125
100 25 389825249
56 9 796146517
54 24 562185877
30 44 788772814
51 98 179626811
26 39 556824347
13 75 621779117
88 25 918403893
68 55 938757309
17 4 830117887
53 25 678550665
81 59 814589700
40 41 887841131
6 72 486290505
15 2 654548403
26 20 935989819
73 92 773698797
1 64 789325209
91 88 950980674
11 58 586774354
9 67 670205242
50 55 911942913
93 60 356210724
19 46 786868710
55 9 700657643
23 15 641673021
97 38 118462615
75 38 306719343
76 67 690929603
70 19 507096194
24 89 724397570
32 36 519314271
91 96 255002316
33 98 586487565
39 77 88807808
80 38 750493168
35 67 86142243
15 53 634957256
90 53 375436697
97 67 891371836
92 4 314253922
8 37 754847524
91 14 777866016
66 2 799093996
23 46 619053757
75 30 472377110
84 99 660809866
69 24 449444996
66 69 475690484
13 95 115918565
33 45 858458941
40 55 773256195
14 3 974561088
94 31 114453270
1 84 222847473
43 65 580694949
14 71 788073711
56 37 924867703
6 78 710348985
43 69 272586231
60 29 312069621
92 53 660711934
81 30 311780953
85 25 903376907
36 3 847334870
79 67 558212370
44 60 424945251
32 89 353575422
59 97 262301597
81 18 108460781
96 7 705861314
35 84 300104653
51 9 932389247
68 53 413615204
15 1 916680008
40 4 58256610
64 94 640497946
21 79 802203458
69 70 122548946
92 99 939793197
12 29 268145257
10 82 39844540
17 93 926147019
54 14 481746890
64 31 582662848
70 37 663109133
45 63 919234749
59 82 712165707
53 71 768029204
52 71 670607971
91 69 127389452
64 63 959650384
81 61 852922564
50 100 305171146
76 95 321375195
18 96 880859067
90 44 464933363
61 63 790534210
87 89 780933602
73 63 583064165
16 46 560162688
36 1 199742818
11 49 539538669
98 3 669068088
54 97 869665790
62 70 683611061
83 44 74688652
53 41 3471246
80 31 665616987
26 87 401567591
57 97 23740501
43 87 407581083
19 52 861151096
56 77 462667710
38 74 394847608
86 87 134664997
27 54 507404209
96 98 366904864
73 55 788851285
8 5 637284005
31 49 972795787
17 40 738333051
32 2 154386046
15 31 99935753
11 92 24703323
43 86 412905759
75 95 59536965
2 30 58912263
80 34 592598283
40 20 479047445
65 45 998466340
100 85 448775134
59 93 717229306
53 12 157073728
99 9 697838855
68 83 424014035
13 16 776426064
51 37 160884509
70 75 548411722
96 72 671895911
7 89 491209161
50 34 498031744
88 62 882552113
28 49 86399908
26 61 461411878
100 99 230007289
68 60 601263441
76 88 126988531
68 49 366354608
1 31 151014475
64 83 415956111
77 94 624632145
73 25 785906372
54 96 357112097
6 56 257058505
26 96 337218110
33 87 273941480
48 1 163071060
35 49 214976803
82 19 365658954
81 88 510485623
27 35 652466412
95 46 993112588
33 5 534230906
43 100 563116089
51 38 377290165
28 39 420401796
71 47 839329030
76 53 326932175
17 88 20971351
68 9 303188193
97 83 705359340
69 44 806066061
21 3 154562674
59 16 779044580
33 6 823083215
33 30 720094547
52 51 659817945
95 31 84147567
18 20 433675981
81 60 724170587
59 100 496374452
21 17 600699748
27 70 240158201
70 49 255755445
8 95 42336722
43 47 623715362
30 67 345421780
28 82 714926810
12 46 688377525
68 19 392752634
82 45 496776042
81 72 301166700
10 16 470507085
59 1 422811340
6 60 68291813
76 98 430745390
57 16 38242673
28 78 167066370
61 35 657850586
20 71 856430985
24 78 914211033
64 85 799711060
11 55 70325554
15 100 881135246
65 95 267770470
68 42 175384160
53 75 227871557
50 78 518909412
56 47 923390680
20 67 745332940
14 31 666308554
79 44 517263078
19 64 24168235
43 58 86841912
27 87 820907118
22 50 334436769
76 31 646521990
54 46 111397015
63 42 534000758
76 55 340740139
87 12 172490981
39 42 704227292
8 86 277057399
20 63 367039247
63 77 269130609
33 48 40800246
43 2 407851517
91 93 87395938
7 55 49716726
79 46 300336634
22 95 60097036
70 94 416734888
65 19 718357918
8 14 213718428
66 46 878383845
26 49 633645831
23 47 597220622
57 58 993828911
91 41 274555314
24 84 354367866
20 97 751005991
34 18 698787233
76 61 925728867
33 31 320598664
28 77 2558986
32 16 277911814
4 3 540352376
70 98 497036645
15 64 938899725
57 95 797689486
11 42 621390962
23 38 773542311
50 18 713496582
17 37 597048861
52 97 266699686
60 47 318520844
69 47 802985154
87 29 586439267
35 86 779465264
81 5 729680428
14 100 35097346
54 57 873183792
17 53 30151577
51 41 784947253
77 29 923839518
79 74 222074815
90 26 424120846
17 39 95835817
32 19 3119106
27 2 515903703
26 6 58665315
58 67 133292860
5 63 711542882
81 56 530608881
18 74 547223559
32 20 515800435
50 67 614032037
30 77 445223903
70 12 153231528
5 97 94754564
39 95 399101788
13 31 673689609
58 20 453732151
48 77 788031283
26 35 905256852
86 60 280621420
32 48 937029887
43 1 880515166
22 16 62801394
75 77 334616304
19 63 45597821
28 94 5136164
90 14 352683772
15 77 120698529
71 72 83302728
21 16 403831036
28 52 581106424
68 96 624606183
22 36 152901258
98 67 964717578
26 68 142173955
52 75 962400615
82 57 956580327
26 38 710828558
34 31 512383335
82 100 623894757
82 69 358409798
32 6 436291410
25 46 503341137
86 48 513215937
40 16 551756537
26 5 357993840
16 95 322112098
92 55 644390846
72 99 730961715
32 82 137621014
66 50 655905783
75 3 633749541
40 74 994346406
22 92 125562619
90 28 830270659
96 30 136563381
80 65 72313780
32 85 483365310
86 30 389641362
97 72 481040674
39 67 273977817
38 3 197585529
34 74 4886031
2 25 527112791
35 65 618260378
69 72 404932252
34 83 614901604
57 84 191383081
27 92 904355664
77 47 766847626
68 87 152801510
74 78 213518365
4 56 969020268
72 46 683398571
43 51 894577145
10 5 405985470
71 77 60166316
6 30 19210951
45 97 881087788
80 12 13250905
32 62 554317998
94 60 935939518
65 69 362241017
80 96 822777470
59 84 146319960
68 98 683711331
59 83 313998507
95 42 102647198
63 46 18999595
36 31 950109517
94 100 776327100
30 29 77639252
5 45 769375936
5 41 517931903
70 58 701969198
42 60 903830981
97 29 703199480
35 64 983253918
89 78 869809062
59 51 279130488
28 11 958034280
79 83 355048133
2 58 233627489
62 60 166386627
73 11 385080477
26 4 618037859
8 71 482491089
10 59 194108478
52 84 833688429
83 85 553502423
40 82 922700061
82 53 293606524
81 44 711873911
81 62 219101565
70 42 240035453
11 6 441442529
66 51 307441021
43 63 924497207
7 60 13139077
15 99 494364470
61 3 409163733
59 24 652953033
23 67 620612277
93 3 579271356
27 8 982637963
14 53 487662362
8 74 908793143
61 29 742237774
2 7 98828135
91 62 221989830
76 58 570486708
76 21 942931479
19 25 790757150
39 12 445879871
65 85 401927329
65 33 233285164
61 100 672007811
59 64 814163204
36 94 219306408
76 57 435936856
13 69 500345414
62 97 191437705
95 12 645768445
21 40 797790759
17 24 316881333
21 60 982834383
21 10 564619148
56 55 320120099
80 37 400122483
14 12 41299798
37 47 160544317
73 71 931375037
73 82 627012047
45 9 485679065
87 4 90801075
43 68 427317756
17 15 43903880
40 33 897616746
11 45 12856142
79 24 288137677
76 60 793568298
80 36 48632396
91 72 542655597
34 37 728246958
40 48 29325686
73 45 929549696
61 43 185593709
21 62 746017947
17 25 517561378
36 29 401301402
50 9 138970983
26 40 794332707
98 87 226411770
48 60 946907196
52 4 297363584
15 56 662062928
90 72 943635911
8 25 198174390
41 44 541483221
21 88 909160058
91 71 123876440
90 34 659637507
89 99 414705697
6 29 92515991
58 64 688917897
10 49 759454361
10 3 65016636
90 51 148366285
54 74 85983087
11 85 808576186
2 93 123760199
12 25 741456670
91 86 666985758
59 71 379328955
32 3 435814164
71 100 850262946
76 19 666474685
91 35 899261608
38 94 519269258
15 71 776924908
98 95 279600394
88 5 609995964
24 29 509906150
31 46 405409885
51 30 183376753
92 93 132522691
13 58 913400830
90 32 81593403
22 46 271733955
14 85 199473865
28 10 567976499
87 94 930153172
79 56 878789354
33 99 670081206
66 9 876859143
35 31 439773802
33 57 558808517
22 82 371436916
68 56 814169800
18 7 943715336
90 91 849248210
28 37 52260666
21 25 681934942
95 89 19890712
86 38 120582849
90 98 930659213
72 100 836297389
7 63 788599803
97 9 550194409
14 16 304554198
36 14 724087885
11 97 28663778
43 50 59076380
76 78 822768887
3 67 175337418
66 57 553198711
16 85 139011586
35 30 181662477
32 13 969670251
37 67 872892299
53 9 22693916
86 78 70852665
68 74 459420646
90 18 470400508
79 99 713832015
28 62 204189445
68 65 989570893
87 49 322586921
68 36 222389537
58 49 444450500
68 6 211401772
26 89 106984822
28 2 13051293
23 37 163637010
74 9 764286302
43 5 852621506
68 84 837181998
14 29 414847326
48 37 533863014
23 9 445853721
54 8 227554878
80 53 651241638
66 91 248936975
48 63 620376671
25 49 278609366
69 51 26564549
75 9 12432561
22 57 906899565
8 72 30306863
61 83 21591852
21 70 994083856
80 45 800689422
32 37 512562994
66 17 10859358
98 46 636927192
19 72 434527744
62 53 274738291
88 73 101614600
98 99 290213944
62 45 802363689
96 37 30322871
23 72 677463605
51 24 589259621
62 5 182692436
74 100 803890770
26 10 677766213
23 52 234841587
88 82 927620984
17 41 791334126
26 46 865899688
10 12 342082158
79 31 929908054
68 92 194906871
4 60 292207559
97 63 199848261
50 53 93091962
59 7 307598549
21 58 707068798
83 67 999454948
39 24 827917328
45 93 650424437
69 56 872277916
53 79 906756564
28 68 870843241
17 85 461581000
48 75 346824919
100 60 825300462
36 63 315075706
86 95 537431565
63 47 936159451
55 46 247701871
28 5 27983270
2 24 753669533
76 54 199366191
34 94 694155221
68 25 334355893
1 71 882878752
43 52 237019126
48 99 431920135
21 55 239366351
62 42 778673086
80 46 664413321
32 39 921430919
78 47 638281600
71 99 34772573
33 63 118287386
1 87 291675542
36 72 619798270
12 63 704067095
53 3 875183375
92 48 956508636
3 37 654599414
61 14 762023525
61 45 725256820
27 31 395514758
77 3 269317394
79 7 877652765
21 93 603635898
88 77 805245002
8 38 678515337
13 53 587967009
19 16 953422909
76 65 391545043
88 15 322350380
10 69 138319310
71 9 220995887
32 25 100800154
81 1 198803636
77 37 134339
2 56 633774515
30 99 739365378
51 49 33144252
90 24 640046847
16 71 938917448
39 63 87170231
76 83 33074436
82 63 617782759
40 45 45233754
91 95 107311046
73 29 455859045
12 78 194915838
85 99 203672356
5 25 256533470
95 41 270988217
22 88 701349258
63 49 722979044
24 9 844495540
50 72 688077930
70 6 719205334
58 85 588417904
76 56 618927378
14 39 640266660
97 56 503706672
10 78 138292906
86 24 528321176
57 9 796265352
33 60 355317530
87 56 307961329
22 33 961568849
25 9 854596338
14 93 681375605
65 44 597884611
12 42 168970967
76 63 214077017
54 9 952428533
28 67 884569678
80 11 670547599
54 7 861120654
77 55 330053836
28 55 4924197
52 93 549909165
61 95 713341971
24 41 731235128
39 57 702429255
80 54 898495132
81 85 533479956
11 70 87688381
65 56 217983421
18 64 764087506
76 6 494220829
54 15 292382678
82 55 808318575
91 13 968383172
13 51 321172973
18 41 664102418
86 64 934007361
43 48 389556974
48 94 645843135
91 78 872362086
21 36 231602900
28 79 731228469
57 20 917467065
48 64 602081777
2 42 149780809
84 83 760840535
89 42 805556294
11 87 226561459
11 86 997331872
21 1 440337492
87 47 721477362
52 49 458429200
73 16 684760207
40 77 581738150
2 16 507313541
26 58 354568972
39 97 815385711
82 87 323079
92 86 863765109
23 95 810543847
90 81 406859566
35 87 97621668
53 100 489445709
20 31 914133137
34 2 619320740
42 67 595303187
5 47 782238094
1 37 378809325
61 73 133085408
40 59 592010391
66 95 834188252
2 83 793646330
6 94 64206236
2 53 400275114
77 99 177467389
88 24 849240302
4 47 539319124
57 45 614848530
10 39 340761790
26 83 432691880
83 99 131120246
59 53 168260996
20 48 489028842
68 63 999584486
52 92 862471218
44 67 455125633
26 79 972522990
54 98 742991251
63 44 854891609
43 98 799450268
10 41 604815886
70 52 86149034
68 14 951352134
54 71 679824977
69 45 8334834
34 70 325176961
27 62 227079054
22 40 411578489
58 60 357350833
82 60 178316081
13 6 941743785
26 47 907854190
19 99 349871889
90 89 919477021
64 37 534162266
73 47 21220887
81 27 599944511
49 47 827609236
21 74 352474286
99 67 144223989
32 14 386320774
13 48 79524000
61 39 238998807
12 60 976310107
36 85 399473528
95 49 119670456
22 43 986689650
98 83 190870483
8 96 869819726
27 18 611901813
64 30 654787321
1 95 254130848
15 60 295320630
1 75 116629011
29 9 548327821
71 56 626859045
65 71 140452872
6 48 920498929
81 99 594257707
91 50 68420280
70 47 267945360
6 64 587645487
82 83 405714620
10 11 330150471
80 50 162700338
76 52 27105795
18 16 864593337
8 60 362043413
30 47 815425845
61 22 529533904
34 71 470137351
15 74 677275071
50 38 761522203
50 45 221956901
80 42 456545308
25 67 8242043
90 21 828568802
54 79 322906142
56 42 277854162
16 97 530849119
51 56 914531268
75 55 496599831
79 9 54333846
91 60 819068470
61 86 182503887
48 74 701151216
58 47 162147596
23 87 869631566
60 67 214899642
28 7 430969102
18 37 184488497
13 57 359654109
12 72 579063272
40 52 99201757
50 87 882748207
19 2 915263913
68 85 61440720
57 79 43332174
91 15 366489382
63 85 354929013
93 49 399227759
87 67 698821387
65 94 536900529
29 55 572320163
5 67 373868394
44 29 620270120
28 70 447321144
63 67 981556811
29 46 175303962
76 37 776630772
23 84 910837594
26 72 859429976
26 82 337115114
59 49 40540158
17 35 948623694
96 74 148718956
6 20 789702426
23 12 681265294
54 68 261114821
59 60 611859374
40 71 692674838
57 74 218829373
62 52 636844954
88 11 77580952
16 31 237549410
22 41 491892853
33 19 727382205
48 89 999868865
27 45 484607105
40 44 330849507
52 58 734328912
81 8 591351602
15 70 194535240
90 40 22934574
69 84 233112316
43 10 393359584
21 32 126615440
50 19 294745221
87 9 226681097
71 95 58706934
69 63 53370284
90 50 581839586
91 68 751714531
96 86 447593833
14 64 909945692
91 57 802362166
86 42 833372755
22 13 354244103
6 71 68620046
23 20 278093088
91 100 565857194
24 97 603487886
10 37 28390020
16 12 704926490
69 57 753069412
53 4 867782895
95 99 542352092
53 38 420593246
7 3 432858882
50 92 881809204
62 92 464929759
43 18 817866315
50 51 537733489
10 65 967962125
73 24 648168168
97 49 688077252
71 74 807246339
19 78 674818277
23 3 305245390
21 67 737006463
51 16 330493456
22 3 555068692
92 41 326838038
21 54 685856728
81 33 242481945
98 30 139917427
54 62 148668275
53 96 244550250
34 1 994808968
50 96 708699708
21 63 505577454
59 31 853944370
53 86 822193585
91 30 865750920
66 74 826677309
35 48 473778683
90 65 260314499
76 42 274319552
32 42 365692572
6 44 899516375
91 2 246859108
68 86 674251596
94 37 443643557
76 26 479843599
50 98 915452500
92 97 371479666
64 74 30415232
28 86 686992483
5 20 338060670
63 94 694931224
42 99 484319823
56 31 711113431
28 95 376728749
88 6 115895491
57 38 784521650
66 65 893347135
58 38 66496918
35 6 790549613
45 72 371117138
12 55 115181517
92 7 179080704
80 49 646007403
72 9 781397667
34 36 987984222
2 86 173210857
5 55 420808713
52 6 481211357
51 45 842488687
18 95 34232463
75 84 892360925
91 77 987184183
54 25 296553264
10 55 49589275
54 34 143684845
28 25 418338928
10 7 393018079
73 87 907780178
33 3 413976519
22 6 36544787
34 9 920095123
70 31 44891176
24 94 668082949
88 79 583090494
27 38 264131318
45 84 371886070
68 62 522465522
7 99 817768950
80 41 303750490
50 42 259756334
13 11 800041094
10 46 371823297
91 4 390902295
34 92 831328594
76 30 96826903
75 72 71161411
43 85 199676983
23 30 236356695
2 78 869561335
12 44 546874130
97 3 143997007
67 78 835052130
39 96 566730606
70 85 348726633
88 99 306684318
76 86 124509779
53 64 441379192
30 55 704300693
32 93 998640605
24 83 167356936
22 63 837126493
76 9 836383918
6 45 287187471
28 40 497164728
51 20 11265032
62 12 390815293
92 24 354794861
66 40 99868886
33 4 663559149
59 12 177580095
72 67 476201145
13 30 560783338
28 100 898367055
16 87 159302771
55 67 587313075
13 4 753202565
59 41 784476366
28 50 320644198
62 44 205240178
40 89 925467890
15 58 563183835
18 4 669932971
93 55 151885596
68 100 792536868
22 62 971188794
91 7 399993448
74 94 704174441
62 46 467693701
1 29 93017038
80 74 353668941
51 31 82722065
69 37 339592595
90 45 176414233
65 99 788887213
80 77 419609472
27 3 488542486
16 41 49661682
43 40 605963215
46 67 645486082
36 49 309161959
14 77 977541671
59 63 592502193
61 88 621532825
41 47 896196222
86 94 148298143
61 84 432566733
88 97 724056105
13 82 928558708
68 8 918560492
39 31 569048279
5 87 352904311
59 55 446609795
15 19 305633698
27 79 302300134
1 67 201178128
81 31 91970568
28 4 70838071
76 82 567475197
5 44 833170097
66 31 882657767
62 51 458076718
81 75 699090993
96 41 512436453
91 19 178661314
2 38 59709271
64 42 939709
63 100 289108181
91 85 792673992
30 25 827638856
58 63 923449458
8 53 34151891
49 9 749793327
57 78 99929126
82 93 449258186
76 94 867328569
80 61 275549028
61 69 210877208
96 99 401864291
50 82 609772192
13 3 15895506
16 24 737730731
20 47 653914549
66 48 484940988
11 44 156662615
84 78 171379036
76 17 336303452
87 55 439950673
51 94 408698579
44 46 446442190
18 100 719680356
10 85 544223211
2 45 111593444
66 99 697748172
58 4 538659723
81 84 227204096
57 77 769131910
35 23 828130839
1 44 508328458
70 72 197036548
93 78 742187095
10 79 609662603
79 89 384539481
2 14 299811996
66 30 333684373
77 31 449610637
79 6 633427692
59 70 395237372
70 2 673213380
75 74 188310232
34 96 314903173
80 39 91759590
35 59 488144748
41 25 145100198
5 74 14967536
8 75 125605290
61 36 17822465
53 46 21672905
50 68 352543993
88 42 10905184
38 100 744560775
7 48 483916466
14 95 991832683
88 30 94995265
36 53 512737045
82 49 993902954
21 86 676752243
58 42 816167197
81 67 850830573
27 19 999827412
26 81 392614327
36 74 456892302
2 51 773345696
28 17 655146033
83 25 688988456
10 72 609988253
35 45 934348521
43 70 519347211
35 62 833372280
98 55 661308701
43 53 818277695
43 37 87732354
68 52 197608499
88 58 212626841
81 57 974963849
48 41 721003120
15 96 90179578
66 83 77567556
72 85 601800310
35 98 862481937
40 93 81907651
92 12 963465616
19 77 448836310
58 37 57020390
36 30 569261418
44 49 785882097
91 75 464148736
16 74 95607735
38 44 814522907
40 2 886923562
61 58 987332336
36 84 67145712
16 84 667487536
21 22 387245608
66 88 763908600
36 99 773732291
66 75 778579263
51 72 348635992
54 100 983050922
65 20 248876480
82 33 22872793
35 69 710303871
15 84 443823851
51 99 744089900
76 68 628310308
32 15 406772558
5 92 591564709
87 78 977683888
32 1 263394520
8 67 889220526
11 74 130608171
51 60 371640063
35 25 188753041
23 44 448000721
51 67 714995071
76 4 716080057
27 84 319810896
58 78 317423908
2 64 394820055
79 20 169494106
62 7 167366445
73 18 428694725
19 85 264361543
66 82 121951818
38 46 479872996
65 5 189055502
81 79 988004616
77 60 711489170
52 63 603547689
60 37 310506252
22 20 466248308
71 83 381289754
18 36 127404160
81 17 342772280
52 99 332889385
61 71 898000261
17 86 777835482
64 29 996112586
82 48 37334729
57 99 477076390
40 7 905682947
85 55 284705312
66 78 907078332
64 77 637141522
100 67 848011527
27 88 245084886
51 55 348554019
88 94 614800820
12 47 353329747
20 49 386853772
80 13 452211793
8 56 474607332
84 29 25733686
3 55 984709544
34 55 115782827
39 98 365982838
54 64 403571757
58 98 396923545
36 98 380940927
14 24 462033991
10 14 323444320
59 5 696965275
88 31 16154443
45 56 486666119
23 55 586398232
2 85 786675779
21 50 106450254
2 72 443320148
43 96 880343751
5 42 92051336
50 64 901560130
14 56 672711934
31 99 408099547
54 31 34914817
1 74 215089596
34 16 857673189
32 47 903650035
54 73 704743890
66 53 408900204
17 2 133757215
59 6 579924352
22 96 299875707
40 72 240901022
90 64 817363613
34 12 1014432
91 11 987631227
31 37 503258092
28 42 364569388
36 51 6398357
5 79 330853584
17 31 246073054
18 57 601070779
11 69 67503942
26 9 520529861
79 97 984836508
73 70 124255385
53 1 804086977
21 64 243481532
80 57 805187685
36 20 820266641
11 62 972208112
58 95 928707900
88 48 488059239
69 95 313252869
68 30 444880182
61 47 847942936
20 38 100999095
57 83 887168446
35 56 780127823
10 33 373983362
79 60 626355659
19 67 47249584
81 20 278802161
28 15 376826904
75 37 39553127
28 53 308109114
87 74 51764211
80 55 607498934
61 92 810528112
91 9 208895492
6 24 377200630
97 42 230284885
53 67 244953987
27 50 551475448
66 55 143708881
19 6 40313592
62 64 319940594
13 39 11744969
33 62 680619566
14 46 638873426
62 4 76814228
26 77 161835107
81 36 337384360
28 38 932840685
10 23 162315849
33 64 627058642
43 71 692528542
50 6 588904287
70 96 593385778
13 33 447610479
73 36 658104228
80 70 687646726
57 31 541150848
59 29 488069926
23 73 458666627
8 92 910846287
94 55 398221030
71 4 751568433
62 99 54184388
17 65 866070427
66 39 863092414
73 6 486008554
15 55 207981562
81 29 718710715
65 53 235826135
22 14 121325804
18 25 944954505
11 4 831392491
1 56 74377876
12 30 694899339
53 93 776363046
57 75 682687037
21 89 189714223
69 58 720622971
6 55 892025623
35 92 174692254
43 72 382032027
62 95 551888126
26 27 922726161
50 52 454646982
69 31 472293692
65 14 97533257
89 56 302987501
27 16 840518226
86 47 440643182
35 12 57136020
53 85 107415303
19 56 408881737
65 16 565947214
10 92 243494093
69 20 838341432
27 43 254196239
35 10 454994703
65 98 156568543
54 92 190275798
14 89 424046750
88 12 470859199
52 46 651517887
35 77 163314160
80 100 521542990
70 3 449071364
14 30 183184019
34 78 295455371
21 98 610320683
8 79 381532450
90 11 135956359
39 25 177673688
43 16 496084585
26 34 898293608
76 24 641660523
39 79 226970491
26 69 796911833
65 67 408332287
28 83 742356029
11 36 944812027
91 31 869274875
90 2 90838458
56 99 418777155
21 34 198232655
36 42 292634682
93 74 352710675
48 93 433655102
89 3 912474237
19 86 416759125
41 77 873956161
69 5 358889985
69 98 700059582
84 37 830877220
13 99 116354531
57 12 447187618
20 3 646149580
41 3 891213605
14 9 724408260
65 24 266434809
89 25 603422344
17 57 837148998
4 37 866594937
87 83 953988708
54 45 560743335
65 88 879350750
91 32 427822795
50 65 234340050
84 89 578589987
22 47 295015724
35 54 280788471
93 25 683622199
81 73 32558214
98 49 22388064
61 27 877820856
21 99 90019897
38 60 138327882
28 23 739245378
90 12 862013695
17 46 641056432
8 89 825082307
8 52 600992356
14 86 64321659
99 47 41947639
88 37 693928847
32 8 294458852
88 83 534266682
91 53 189446571
43 89 470607733
10 60 308602495
40 23 535529491
52 87 227713760
1 60 302127112
70 16 546960102
14 58 992924778
81 42 69337216
65 31 340897434
46 49 664667405
30 37 575173975
96 9 11734908
69 16 4187301
22 44 92941699
10 96 688793294
17 56 494359312
17 95 260097993
39 100 558620611
24 100 523328778
63 74 991999104
54 94 457895160
74 3 443072696
79 94 442062115
81 15 676562357
48 67 620823408
7 46 883707936
35 32 232750475
58 45 901645150
80 72 345944939
82 89 944759427
15 30 540227102
35 50 542749623
73 97 279902156
66 36 636471229
17 5 561731833
90 57 489301370
65 42 473351196
81 53 620910796
45 75 375717137
79 38 413699140
73 20 453436737
15 16 614897771
34 7 755329219
23 58 890740640
22 11 99106660
16 99 647164348
11 29 512397990
7 41 203520416
24 72 936221780
63 9 702255795
59 85 947867204
8 49 553670796
7 84 543745709
19 49 786519806
21 49 346459962
80 73 487152299
52 7 87691594
2 95 847111335
69 2 965603999
66 27 649642149
16 78 711310302
96 56 813721384
27 64 11373026
23 70 273545052
2 55 481340588
57 47 728219346
34 41 819540314
97 74 576342190
100 78 646690402
44 31 595255997
65 64 834402846
81 39 745559852
50 16 555891192
59 52 912559156
61 20 514575770
62 96 426664318
87 60 329057963
5 30 338461185
17 50 195851487
68 57 950063486
42 49 787513467
86 3 553992843
84 42 886014914
22 94 631243228
80 71 488827982
51 93 488201678
76 16 45803520
43 33 245184349
96 94 187357256
35 53 866493681
10 44 207874686
36 89 833210760
31 78 95050026
81 64 747889878
62 57 529206349
90 96 482948084
66 18 2360726
58 83 311810461
27 11 83877758
5 39 681742236
86 93 246348650
4 42 642121510
63 78 899889741
10 74 89846426
16 83 549384268
34 53 762105292
1 72 166213427
66 61 331926042
50 60 749041339
26 37 795988885
84 63 135642149
15 85 297829706
12 67 600017597
28 96 736408534
96 49 606213011
40 1 490064495
56 94 699697711
61 82 452932573
90 93 168172108
50 49 692771906
48 31 17592273
87 37 328690840
81 41 486301143
80 30 291213711
29 47 291375585
71 29 993935841
69 12 781564989
88 93 670971515
44 47 867269810
68 29 510494985
81 35 425168765
68 89 753587628
53 89 379845888
38 31 165107476
12 49 470739305
38 64 720043414
6 25 217206895
68 11 919928359
39 9 829849270
23 96 206013776
91 12 231331877
12 9 518454084
88 29 459898788
6 95 716008812
30 3 351352779
54 63 823272387
58 29 392709769
10 24 123549384
5 95 170541244
50 32 709456841
17 36 8550532
28 71 311339689
62 34 631187072
22 99 813513428
15 95 639428650
34 95 590509694
21 12 671160086
48 87 343608719
10 67 876505391
50 69 467343522
17 32 82990538
94 85 448165411
82 41 201276954
22 7 660093250
6 98 928663934
60 31 641615000
4 77 336421655
66 21 153542874
36 57 244861549
40 64 787031291
1 55 24694932
58 99 372603550
68 41 963938807
20 87 115763084
8 99 676088774
24 47 749264668
91 38 322086608
75 93 127225061
13 36 340260340
62 100 567638540
35 9 316385643
71 55 559168873
81 37 401994946
61 72 221066342
22 38 840497514
1 63 497944534
39 85 192230062
81 93 38476905
86 49 649687412
46 47 678921802
27 47 955159009
35 29 620519221
40 13 587135409
57 67 736477680
52 83 308048676
42 94 571757004
73 46 760675687
65 78 190269320
76 8 17755274
56 41 767431660
34 79 265843629
65 100 480533068
11 89 821368597
5 31 632529683
52 14 85335189
64 25 693096770
4 49 400061404
80 14 501127353
61 37 215130786
14 98 699687202
11 47 189840487
27 44 151514255
15 47 609015034
94 46 783598519
62 83 390323841
76 11 356537689
61 31 815569108
45 74 210600123
27 83 661322757
82 98 498255718
54 4 637484084
36 64 891083865
70 55 184304652
59 98 229084509
17 6 588081598
10 77 363600381
14 1 64258435
66 62 258020736
68 18 829809337
71 12 778887029
1 9 813432644
85 31 341732336
79 98 828788780
4 64 445141174
22 79 513393017
5 100 521184624
65 13 777014208
45 64 402107694
66 58 88528760
84 9 674807418
90 1 527417874
28 16 216097549
76 7 782913418
20 94 918725889
26 12 826653814
81 45 436744267
97 84 400476403
54 51 228111676
18 44 604174131
11 34 180124926
64 46 666455854
23 83 85696552
65 23 229038669
59 99 397530572
35 13 81262916
10 42 192424532
18 87 95678087
14 60 673280308
28 20 648398383
22 55 100216507
22 53 563097779
15 39 486544686
65 39 595669781
91 79 86281281
24 55 570010692
80 19 41246390
84 67 444117463
23 7 651732161
37 78 889953052
23 62 155150812
31 55 826058441
50 41 371750576
80 85 777471751
86 46 256745024
95 38 720202456
82 5 279800114
6 83 63099840
40 96 420221575
79 87 659347242
32 87 524815025
19 12 214777156
54 3 115776539
31 47 320999021
18 45 359579719
18 46 227249710
57 41 590806063
20 95 43897235
61 30 363890455
23 82 917811083
64 67 901121473
52 12 257197807
21 82 314734751
94 99 8713491
73 32 504390536
90 52 543992779
41 100 334489873
27 55 58410292
91 54 929877623
5 72 871995375
96 60 286571853
26 97 824730773
33 85 927625801
34 51 208300531
32 83 777266516
52 78 49975418
80 27 92527526
61 11 941795875
8 20 201571740
17 54 396250147
76 64 884352882
91 47 494827956
31 29 470801545
92 51 700656918
82 56 757580311
93 44 299310192
66 71 71520759
74 37 944927400
19 45 642524086
70 44 237632443
95 74 888641159
1 93 856266286
39 89 255802390
96 85 258377341
7 1 962704208
22 86 890220754
40 63 563666281
19 93 229108039
5 71 892238978
93 29 36669047
69 29 614795500
96 89 942149175
73 33 862194960
58 89 461829428
35 89 943629133
2 9 867704616
79 42 850050389
61 50 697884000
95 100 564653678
89 41 602668242
35 93 749832887
70 100 612097318
76 43 624765463
29 3 423863370
23 34 145069382
84 46 722089812
95 47 504373810
52 3 253125147
33 34 10792763
79 75 28055770
26 62 3875041
39 45 935589583
96 38 561602487
26 95 810834004
18 86 591764596
15 48 865369516
40 87 447257243
24 12 7770212
69 18 274873832
58 16 753768997
26 52 659955195
59 33 961400385
23 63 858320838
98 97 248028859
84 60 764715810
17 14 959477191
88 71 744611445
44 72 169869840
82 15 11986100
7 83 542282819
26 31 822243657
91 40 704243938
80 94 658611780
91 63 778880906
17 97 916980525
33 2 29229872
77 9 778250920
23 42 96946308
11 48 949441346
19 44 26083202
34 75 29855593
2 20 262248739
23 51 762293013
82 51 671960992
39 38 713930422
87 77 511797264
43 75 468173136
92 98 971266549
68 72 265447984
2 92 728234250
6 85 675739740
66 45 202985251
17 47 482252632
85 9 236008080
80 20 15002096
16 89 79170604
23 99 417995126
66 23 192770917
13 14 924577166
35 19 797859213
2 6 896352502
96 20 975928997
88 41 498160181
33 44 607818504
23 85 644705960
27 78 138616726
83 56 345438367
91 98 208373137
45 37 451257482
51 84 260965879
80 56 859252168
26 13 524736989
81 14 388713351
84 44 94153511
92 94 697262055
81 38 782942641
95 67 342530500
1 12 917988515
69 9 240465886
59 58 699001524
58 25 862124093
37 9 560993195
7 25 818728525
6 89 459999990
1 47 403739852
73 53 521114025
19 83 831732024
76 74 929638913
64 100 867505525
23 48 855448558
87 72 295923065
36 92 435683567
19 57 923455822
32 24 892576284
64 99 293948098
62 36 615153169
35 34 347847506
35 15 142758914
81 70 240273186
5 12 451682286
93 99 679158850
16 29 455392391
75 83 56774850
74 47 706998908
66 63 193529649
69 74 406920726
51 100 220158436
91 5 465336961
61 62 742122953
80 33 981190629
90 62 847568599
82 52 630489716
90 92 901514871
39 16 522655277
87 84 320427216
15 41 489004567
10 15 887631877
13 77 149112181
48 97 936216314
72 37 595858494
82 39 756055937
70 97 571293479
70 4 792067576
33 58 377458388
54 87 661614190
96 29 735635806
44 77 913988096
59 79 371923446
54 88 159590724
57 37 626590066
61 15 358902731
79 96 20316050
19 55 355870293
54 85 261787689
95 83 259545470
82 84 867091016
39 6 484884020
8 4 393258965
27 58 418120426
23 6 694386424
80 25 328562738
10 18 972209153
2 74 473391629
32 46 17618413
98 4 743057376
38 42 328475415
54 82 217876876
17 74 421037109
43 42 520930638
12 56 858745019
28 98 415182212
71 89 492761522
19 37 712729357
21 43 645278265
76 22 512762355
92 84 652739770
15 24 697876759
12 93 421371880
68 70 310195473
45 100 116231452
66 14 928006039
1 83 434742711
36 2 675618894
83 55 873931329
27 7 875728083
16 4 957081882
30 78 976795089
27 85 872450773
19 87 70064734
51 29 907420014
7 56 573599870
97 60 521141987
15 87 679720049
18 58 481846569
80 22 816652843
98 25 116529174
66 41 278706348
62 38 977545484
15 12 730761154
22 71 401575849
65 30 234456749
70 9 400235295
79 25 165036261
10 47 844739642
50 74 284116982
51 97 728321610
61 12 33201481
73 1 644912180
98 89 338737069
59 32 458151090
14 57 942037165
63 3 822268106
81 3 634102727
66 4 228516540
80 84 983833890
76 28 528715464
22 52 947567241
69 92 644100904
7 93 311398780
22 4 219694239
91 89 335280211
68 82 306287120
34 60 777560651
59 92 97819138
80 59 622905349
52 53 162429200
70 29 870634871
33 97 497046504
76 15 364229296
45 44 210075504
84 93 549004038
15 25 587716567
68 40 452558680
91 33 460569447
13 71 493226363
83 63 525573900
88 18 186864445
43 14 228971715
39 44 73415476
73 85 613502610
5 58 339705185
45 24 413824363
23 24 659363464
40 84 620230371
8 6 253055282
1 89 132370690
68 12 715179412
43 49 832871074
13 49 138338274
88 9 636214706
22 68 694006321
51 58 308356734
14 78 555506489
34 30 822968742
77 49 38925360
90 47 36277217
28 99 62614906
62 94 918145536
66 44 623839910
27 33 494116076
2 48 730046672
26 84 120642824
17 79 548310488
17 87 72956313
2 12 866135906
65 92 633163316
27 23 384374562
10 95 998829401
52 67 201786604
42 85 199114041
48 85 753869514
43 4 692482659
40 15 252264469
2 77 604985584
43 78 413165498
33 29 591720873
20 60 987208297
40 19 728308561
18 84 874598571
10 38 741667156
69 97 630775880
27 59 726356723
96 42 25652845
6 3 53957689
81 78 374115198
10 29 633879724
1 100 376928747
61 4 57101800
92 37 295747471
18 72 694592230
57 71 618295537
96 31 761856846
13 8 826290091
42 100 40425430
21 7 228768159
21 11 367160389
40 86 78848589
13 20 223026001
81 83 395883322
19 53 654719701
33 55 139920983
80 8 751981191
31 25 358232644
23 11 933137783
54 18 398090414
26 41 64419497
90 55 229668630
69 99 941645512
18 38 231869954
66 73 404607280
22 34 202265041
34 29 599720950
79 3 77187684
30 60 172175653
76 71 266904486
90 22 118198281
17 69 711274888
42 46 473858128
7 64 987210782
40 6 124852851
4 89 986908553
19 92 879859460
90 41 755773104
66 89 247920661
58 3 590296998
17 59 236031230
54 60 256777788
52 86 609229144
51 42 786707291
73 83 780658004
64 9 571303873
61 19 976111233
98 64 965937974
16 30 737380747
40 24 566148301
17 68 47826473
54 40 31950833
10 93 903055102
70 89 763447000
82 8 914367213
81 92 145267630
44 55 405320526
49 99 911192928
82 94 399046009
60 49 861360921
10 31 86193220
50 62 861263669
97 100 127746144
65 58 330300702
18 78 247821106
66 60 308950145
66 16 414308374
59 75 540971632
94 78 112046150
76 100 164387656
61 57 570080956
33 47 264011642
2 67 336618299
14 41 17037389
59 94 643082098
34 69 770424798
70 45 729837946
35 99 256269886
90 30 10721600
87 97 244417216
50 1 740750455
59 67 367093527
45 41 601165101
66 98 720747574
27 67 466325659
62 39 33981175
27 86 537208830
81 4 788319539
69 8 9547259
33 49 130827073
19 24 622804047
79 71 700220428
62 86 454938005
56 72 435553830
15 86 360255777
27 95 165659661
14 99 52746664
97 4 854956905
82 29 436836662
57 4 103775699
27 39 123320007
27 24 748447637
68 31 144239832
18 42 651998694
89 55 221279309
2 47 197514207
62 30 590824982
16 44 540476470
91 97 957680124
66 20 63319512
43 57 858656163
41 30 526030737
76 3 226278451
35 100 86036298
33 42 845305971
14 55 938650149
91 36 978379591
38 83 171718327
14 79 900852607
54 6 859218033
36 12 88944663
20 75 895890922
21 65 981769543
32 45 599771677
22 87 374432870
18 85 871061638
72 74 312343290
32 97 990354433
66 94 212550272
100 47 717035357
22 31 256961503
27 41 780777114
69 3 427858246
61 6 967450304
27 5 203791133
14 75 140514425
79 58 442585440
63 93 104386222
15 57 11985394
17 20 628393669
50 47 841780884
7 9 643020827
28 92 256408476
50 23 321438066
69 39 961280692
40 37 556868900
22 73 916270986
8 63 238951876
88 39 397140277
94 25 180615017
97 95 833160094
26 98 983056843
41 42 189290111
98 29 122990366
66 33 943582237
66 100 189863563
13 9 500072948
71 30 918150757
61 8 86240696
59 15 810169645
97 25 151581919
41 67 762300989
76 80 971268968
5 4 951473152
45 77 15781452
83 72 115880201
58 87 802890049
10 45 767145583
19 79 971448306
24 71 330625059
96 95 500859581
21 71 778367274
86 71 916466795
27 94 696100442
43 67 452132223
15 51 327887007
8 30 375255470
17 72 697256779
24 63 374920153
11 56 272470260
26 99 368533634
76 14 92407393
18 97 788372554
32 72 305227370
55 37 436167214
74 67 114981804
21 39 504931125
2 60 278497951
40 60 778030858
87 44 756950938
39 83 265743853
23 53 553402015
22 24 925795858
35 14 603104481
37 49 235624432
91 46 739823554
69 19 70613862
22 72 852392279
19 9 456098339
80 60 644056250
62 58 153657043
33 72 263408859
81 22 677578552
68 99 482773041
70 25 45169380
93 30 102827556
38 67 283662196
69 30 301571565
43 82 977471392
48 47 888054128
17 23 66780506
66 22 145329160
81 25 293050030
21 97 575517237
52 100 633127163
16 3 627148497
92 56 600304704
18 39 742270403
85 78 374802939
59 30 202615651
81 74 189758786
40 11 943466781
27 63 884675028
10 97 42189864
64 41 731203723
28 93 740514377
14 87 739175193
10 30 821918062
8 3 143606560
36 46 488747522
18 77 748691966
71 25 907526065
43 20 967144614
76 77 263586665
17 67 796159436
66 70 52062325
80 44 543355498
53 87 678601912
65 55 811968988
76 1 884067224
5 2 245103525
70 78 376725407
43 11 663450984
8 31 627493791
35 20 30989533
43 83 859753099
34 20 237077324
10 6 178106143
26 92 573965883
11 83 622748642
10 86 230554710
20 85 338259546
80 91 723368794
23 49 992781868
36 41 622964891
7 4 624425437
16 49 698980621
80 63 829132029
13 52 225315681
32 44 34419600
75 94 728925757
13 1 622145725
52 9 73359874
29 78 690017171
22 85 337479139
92 30 144424746
19 74 463434332
75 99 805556719
32 86 469870869
72 29 870231610
91 87 954020808
45 1 734717803
32 30 796518269
22 84 916281531
15 5 496048378
40 46 975317413
82 38 405493694
38 4 898285220
57 55 926131380
38 78 566726692
13 15 598722828
4 93 183524082
62 87 381257574
54 53 47541291
20 89 867377278
34 42 706984028
27 93 161372592
91 49 566725130
34 52 535587555
57 89 819258748
73 8 338805101
95 77 648990296
15 9 263696593
6 37 344082814
59 74 306151371
8 87 818656907
28 6 98254352
73 84 752236924
89 94 843460778
16 56 582924151
79 100 753688039
6 84 396270778
68 7 422095804
50 93 826113056
19 4 632740091
17 34 569654023
26 65 160492896
94 67 896236661
16 47 570130822
27 98 780503125
15 52 964543965
70 57 682734219
27 99 817071954
98 44 538423015
20 42 625643505
81 52 775064560
6 47 293806989
26 55 889300554
11 9 710163854
33 67 884767063
13 92 921523150
80 40 913941802
52 55 432431235
17 73 9692235
80 67 678220915
32 38 49049297
91 70 56828670
79 16 627475217
76 97 55620594
45 46 634160466
65 83 256503693
81 96 926033104
68 47 408498653
54 50 382774698
71 84 818569890
92 20 606713190
43 29 908042981
95 37 375239988
40 9 487560702
8 45 640671639
40 78 731180181
81 24 488122851
5 84 518242590
18 92 786536592
73 64 352832321
73 62 690477595
39 71 740205162
1 49 842866704
16 7 440396805
9 47 898645295
65 75 472260881
2 41 901660460
2 57 528001555
52 41 693239031
53 98 854345424
70 60 61427871
82 67 401194388
71 44 897169559
90 38 211617136
72 60 386718656
27 25 181581807
66 15 844314496
53 7 899099444
23 4 412821647
69 55 899948283
69 14 771258821
74 42 753213494
54 58 741652894
10 58 660800424
90 36 219968276
19 39 617718150
50 15 113107724
40 58 71842385
10 25 592554767
58 7 320874864
40 70 72838000
34 72 944353150
98 9 873401932
68 46 209588862
21 9 935375669
36 96 568404313
7 29 361691817
91 29 864782233
53 30 492635573
18 55 430472614
66 32 857958269
52 45 274054388
68 69 850242107
52 47 617868906
42 78 528562063
43 25 608157871
88 34 349538956
17 8 478686020
5 77 173710081
88 38 250739283
18 31 379307779
22 58 989160740
43 15 89537803
33 86 102089633
71 41 463087475
33 41 86109864
45 94 387098534
11 41 959872542
91 99 11598830
59 18 3582128
18 2 882608301
58 55 99206306
29 25 595565992
27 52 970775475
45 78 950920619
68 5 991914514
81 6 885640747
50 33 738913679
6 75 273606829
53 97 615419667
34 77 560924468
55 49 107273697
56 93 993992889
44 37 714729290
90 15 450478491
84 77 771824900
26 85 304605493
62 1 828319913
68 48 885815596
22 2 415292151
75 44 897995929
25 37 277941939
50 57 383892636
26 100 295468397
23 60 159595259
21 73 781987285
8 41 823118109
91 20 286125328
88 63 824242752
91 34 126511809
82 58 859972288
82 47 574868610
80 2 482263861
63 29 804922014
28 54 124611131
11 12 2119001
66 84 328073199
66 52 937489916
66 93 619614880
76 33 669283390
61 25 254433273
14 51 327516356
90 71 360319576
91 25 375227162
7 30 594798576
66 25 673052704
81 32 586618341
19 58 970690582
69 38 226444711
39 93 487409149
40 39 575145522
48 56 131989631
80 97 440553245
43 41 496779806
24 4 928413218
39 41 932963020
56 25 626406070
53 16 621358045
68 93 216136778
13 24 920297670
43 56 962068972
65 3 25782903
6 67 677517353
11 5 262990566
75 29 299512367
19 97 83649561
20 64 225614244
80 58 270693078
36 7 344162135
27 49 306041898
22 29 334048220
98 93 846752880
93 37 410064315
14 92 946944420
41 29 163790878
27 51 408013142
39 37 199294080
87 3 187764234
73 34 504150483
83 78 511119122
17 42 168705416
93 77 224125698
11 14 972787661
13 97 196873985
54 36 801113560
67 47 741365441
65 47 899979578
2 4 517770621
76 85 822727613
51 95 875118077
62 2 107965228
33 18 599433198
17 11 9842729
80 81 422312889
17 45 594627471
32 67 285670610
54 30 69535525
61 13 494387340
65 25 33635296
27 48 304985798
76 5 298842501
48 71 560059144
11 99 474865277
61 23 218341926
53 31 45436081
76 32 860401162
13 7 335317244
45 89 959074165
22 69 647592007
12 100 626592105
11 98 138360611
80 79 89643783
33 74 23969020
97 89 443886292
24 60 887495583
12 85 196408248
39 60 2442382
12 83 369344505
56 67 204259735
44 9 211123003
7 100 506891402
54 93 425986107
62 31 766656782
7 75 383783774
8 84 592727135
88 20 45520576
72 77 260387776
5 52 576672485
4 67 107643883
17 52 38477675
28 41 200276763
27 20 158744693
32 69 437554036
3 99 38579075
26 67 225978560
95 3 663056584
2 99 378707900
87 100 860662226
35 42 509241373
40 65 110245200
45 95 268063562
57 93 908023863
69 36 112526241
34 38 77988082
66 97 135255340
87 41 965347644
2 46 826916224
65 77 271595619
20 1 74115718
34 14 377804011
63 55 645629755
40 62 127673819
40 31 120140722
28 32 413537545
54 83 705751771
53 24 976409811
6 63 701939319
80 68 304009593
66 5 472836270
98 60 774747613
7 12 710568428
35 60 114508360
40 92 684179879
86 74 822425082
39 75 135345511
18 75 362394383
51 89 719788366
76 27 767776036
98 47 98011853
77 85 218856799
90 56 863785617
53 37 829312717
4 31 249753702
64 56 827115509
48 24 113943424
15 14 2447210
98 38 656801376
27 34 406098051
52 95 642141116
89 47 563553194
13 87 404136238
45 49 32087077
44 78 897663873
61 87 497328739
54 84 877773971
13 64 384698569
57 98 155303100
26 22 511706630
34 15 884352026
81 98 989384764
33 56 258757319
69 6 249481327
79 30 457272408
97 99 107152213
14 74 775472204
43 9 904714209
89 60 905756928
8 100 545178344
63 30 874308363
90 49 617875231
85 3 597070374
18 48 951580677
23 94 883695580
32 96 51066915
69 86 134160757
23 41 942095839
91 1 147558074
24 95 465730447
59 72 730950847
11 15 416150353
91 52 609954357
26 8 863553710
84 49 215844489
36 87 554369403
23 56 7379871
57 48 402279841
11 1 789367694
18 94 687208623
11 52 985111297
80 16 187851213
17 3 417039452
18 83 528987081
33 14 300666823
52 29 32912154
75 71 242640303
40 85 512222014
82 74 426520867
75 49 789869460
75 31 638510117
40 12 329519091
26 71 713966536
20 55 17679594
36 48 829044486
91 42 840010808
69 100 97566331
82 20 340038703
5 36 636150014
50 88 810335290
55 25 418087284
33 89 699687403
10 98 954374102
80 92 901531545
92 49 66384303
33 12 728614797
21 57 954828514
44 3 787068290
88 45 886073211
61 42 695885228
91 10 268627727
41 60 95936639
74 77 974828546
69 7 112970283
96 3 749295614
12 89 919751574
90 7 855195092
81 100 764473402
82 85 453961603
72 25 610978787
17 71 123834820
80 62 433550462
89 29 356146220
61 67 977794737
7 31 274208065
13 93 145849123
20 37 444617586
66 90 266299287
100 49 249517096
5 46 486275895
32 12 347928197
58 56 493952874
57 49 499056544
31 3 272300489
26 57 355582038
13 89 594456005
91 61 918495804
54 89 598108014
75 46 652557170
22 78 901382900
82 64 422405638
38 41 20929567
92 63 394799937
26 53 609086313
42 25 455756841
34 49 305430064
43 30 163881593
41 37 441294482
54 33 810856763
35 68 399294053
81 46 378972542
18 51 61391993
28 65 211712050
15 78 899128828
27 15 969579002
11 95 140923642
91 17 31419034
21 42 907882908
83 30 281138348
43 77 268087590
39 51 413818215
98 24 180501658
57 7 452708522
33 93 656124781
61 68 31524073
80 43 465628975
40 51 188044228
14 97 245366267
3 49 185749757
4 30 271827446
66 92 599424612
88 89 740694290
98 7 990104112
91 8 696151761
92 87 943089025
81 95 660384959
24 77 443435412
10 56 135170135
34 67 626253484
71 31 602197850
14 37 540009194
5 98 447179613
75 24 73136068
62 19 225675506
13 70 712379027
68 34 17825564
71 85 87972645
83 9 242051978
13 86 836495487
33 92 190879879
82 78 384386767
50 8 308752680
65 36 695708767
51 4 75884857
86 84 968822074
81 48 321831632
17 55 121472426
73 49 754347055
36 38 326336622
100 55 161879870
73 77 333470288
10 32 457839989
66 7 26394535
53 42 228839840
10 70 600869864
82 79 448774549
22 67 498244306
65 1 835177923
54 48 186414362
27 6 913966290
6 99 248877581
81 71 376024232
76 41 893891339
79 47 707170966
66 28 147447708
27 37 866116231
90 46 936010591
13 46 638561213
98 48 860116709
69 75 316589636
64 89 604717776
26 28 966514044
33 46 435211539
40 75 418741866
76 70 686916703
12 31 859864217
48 12 746115773
25 99 925024589
91 73 545217046
73 39 680333389
73 86 727400548
51 12 826776950
91 92 385022238
11 78 906571398
48 72 609607096
11 2 483972883
27 60 595302476
35 94 690981151
89 67 282728545
88 57 944427934
55 99 554020802
14 47 17730156
10 54 714974678
35 73 944680528
76 66 203052764
65 84 470165096
43 36 271199603
40 25 579196356
96 48 759711455
69 15 383595378
30 100 270117569
34 99 733737126
53 6 126178679
69 89 119203632
13 78 632133102
76 49 233734229
90 73 99090261
82 70 244957644
34 48 930409959
52 30 245960916
17 27 748870876
70 30 291023889
71 49 307459700
96 1 506401834
10 71 579173499
92 45 400546606
66 11 925468969
73 3 898790040
59 44 897345419
2 49 25289166
22 54 288195890
58 75 835124809
6 16 923980948
82 14 611593900
43 19 48849368
64 47 998667614
2 71 972690372
21 29 637246138
91 64 386830084
91 21 452684240
16 64 880093253
54 69 59344583
50 48 938568673
53 58 972168254
19 41 939077722
11 16 733174800
90 63 95905403
39 47 602490195
69 52 759827537
35 74 200604913
69 42 148522859
4 44 774754371
32 52 73513921
34 46 390986463
74 99 166316636
11 18 272856064
26 63 919754004
51 77 269261128
1 85 320887925
92 9 816950459
95 25 7820045
28 46 123921531
97 41 968734030
76 25 465296091
2 87 13801113
1 94 872052088
8 2 386579312
5 7 164141170
80 47 68639004
73 51 584869584
86 89 681168018
91 3 534630501
61 65 784613705
45 83 905906855
5 1 938051673
5 9 940948582
45 7 118345810
75 100 224354953
90 70 357032965
50 14 89793222
84 56 599145604
26 73 764288591
66 86 20322058
57 6 627845457
28 29 150765201
54 67 255736055
81 11 989315469
48 100 904759252
61 79 581975713
57 42 953857407
3 9 271224874
41 49 554625208
25 47 508638749
32 33 113081704
61 51 729066353
52 38 57217025
66 37 881686502
51 85 238133488
75 97 115050468
11 31 228286760
11 71 649850127
19 75 4456377
17 62 648834620
11 30 928231246
66 8 399501719
93 72 856716873
81 69 861775848
23 33 475626163
81 50 22370954
88 100 750782938
91 94 190734434
27 46 960921863
62 48 740810549
20 56 47853581
21 2 992123037
82 46 390286200
10 84 12531420
16 9 505876056
88 92 921568025
50 85 406152867
2 100 600487440
13 2 652391367
10 75 127131583
58 72 690194637
58 12 291667135
18 24 34019966
79 72 208585917
59 95 28054892
21 94 19158042
86 16 126638406
98 84 572694283
54 2 252153180
86 63 851084632
96 55 626008492
21 13 155448722
50 84 699939598
21 95 126214372
61 97 47752375
57 87 607703401
21 68 630049235
73 95 525016878
69 87 875974171
27 57 426994169
87 71 540906059
91 83 269007306
20 30 62361081
87 42 673846973
13 83 898815791
98 77 715674100
8 97 865609833
95 84 938860615
92 3 941462648
70 36 105506515
90 80 630530636
59 11 318310412
65 93 286077820
35 51 587181473
28 81 706009955
34 84 44186532
23 8 705545097
5 53 242734626
38 47 900925437
65 63 996026737
12 84 10352048
5 75 781362137
73 96 162904614
39 56 35249887
95 29 451472561
39 64 92525642
2 84 239998842
11 96 761006960
89 100 759833454
50 25 709113735
30 42 209354641
68 73 699389765
88 87 74894214
12 38 559833048
71 37 940497988
17 60 200751178
33 53 988165751
5 99 328669891
61 64 447244851
61 56 112196195
46 9 810723862
84 47 711639041
15 92 318705218
80 35 432394905
65 46 961748599
17 7 536478247
88 86 220929004
73 89 530994209
35 96 656594612
33 95 415778791
7 38 754574318
39 87 133540860
75 87 969820617
34 56 280335448
71 38 308446677
100 9 168311332
59 34 649198015
98 72 868792413
59 73 535511633
48 95 89087553
32 75 405160312
15 97 744094694
8 78 181445929
5 56 309711541
62 74 368615305
12 64 168345799
32 55 708837934
84 74 309100287
41 85 358788117
35 40 476954959
33 15 810099733
39 94 990375518
30 9 569527798
77 100 943456672
92 72 565591783
13 18 866024898
66 77 614374089
13 44 334004808
77 42 308156424
73 75 283426835
5 83 150936835
23 77 274544989
19 84 38358596
11 84 347868204
34 6 471106244
6 87 685434084
28 13 432795834
32 57 272461409
16 55 488132036
58 41 879882097
90 58 814501550
41 99 937248242
79 49 646620248
43 44 197862079
68 94 564901508
98 63 674650668
74 49 578389195
34 39 731095638
13 98 729182662
4 99 75162450
73 41 114997712
16 25 120679924
40 36 4171305
45 42 906658103
52 37 629928503
40 38 22879250
76 34 230342664
24 46 518222303
10 8 521002738
96 97 206722309
76 48 328384060
91 82 760956191
54 5 423989206
26 78 435642479
83 37 428869925
39 53 562404683
90 25 253196978
8 85 446513887
21 81 379192833
39 86 686442024
81 63 620690333
8 12 54499858
96 71 185618669
23 98 129270081
15 46 634464970
40 79 945324094
33 8 287765847
86 31 783697766
20 25 473180815
66 81 963701793
84 55 116485332
6 12 973589900
11 60 590386456
5 37 347184328
8 36 856795845
11 77 120294332
32 11 500422986
64 72 339865321
79 4 480688569
6 74 935958732
17 94 545680814
34 19 600175957
17 18 886279600
1 30 648386933
86 41 126212482
54 44 880086062
43 84 339602912
41 31 123270781
21 51 599712429
36 58 985552988
39 20 608793521
84 4 513414749
36 45 300401827
53 47 301400836
66 35 64259129
41 94 137004223
17 19 382597064
56 3 614244165
64 60 20037548
11 64 977891974
11 93 257593877
88 33 103762213
61 55 454114543
8 39 691397062
73 100 78059959
19 1 214117117
70 1 578021555
13 47 792900178
11 19 692160521
20 72 313603812
89 83 656061731
23 25 697301175
11 46 339804994
70 93 910994916
22 56 596707899
95 72 867261402
50 95 85856887
70 79 53409333
27 36 437096016
79 93 75031574
82 1 272541549
17 43 989811171
7 74 956857592
51 1 274933332
57 1 653283819
41 72 261625216
8 46 494834142
54 37 996559769
21 35 874558833
4 85 894398327
66 68 92234847
48 4 231407342
81 43 726061326
28 58 891066528
21 19 262864246
45 87 896750439
81 89 287660730
86 20 695721744
21 72 724536759
56 74 300607069
59 36 665656988
1 24 442064919
20 44 20413913
62 71 117148441
43 31 327862127
69 49 663645983
2 79 205261314
8 98 71440138
68 1 351386859
88 2 679530785
72 55 997295702
13 62 252898165
50 89 725183647
15 7 281109645
85 46 843886174
86 97 982495984
4 25 316146832
32 95 726769747
68 15 763163195
60 78 523370443
50 97 94322159
35 70 606346020
43 62 810731912
95 56 493144338
17 13 296009870
60 46 464406797
43 13 47954851
50 36 200732548
82 72 427540825
82 42 764428435
33 24 29263213
80 82 497027367
54 95 802890439
75 25 12149940
6 42 68633463
80 29 729902138
21 30 331621944
91 58 620119481
23 86 350612724
32 99 220109871
17 49 44707261
5 18 670092798
17 51 276979109
92 77 940894632
32 5 994699745
15 93 142265768
10 89 390961365
21 6 176929044
7 71 510381561
81 40 844763187
63 25 491870216
33 7 882751348
86 75 159887160
98 74 974502193
36 86 960255644
51 53 613472736
10 94 979238203
73 57 30937536
76 84 935921752
89 85 364360784
52 77 223720271
26 88 504412833
40 56 848287924
68 88 331200853
21 53 117966748
70 95 177213595
19 47 431339391
90 3 812983075
58 9 549022326
66 64 305165971
23 57 235705256
34 24 169218570
76 51 882498854
32 94 238643614
96 4 822499641
65 9 396610347
66 85 541762645
39 92 98033020
71 3 552487769
20 78 941505656
90 83 986844187
17 100 906000831
82 18 538115233
48 78 843314489
98 45 724209515
33 9 440524272
17 64 356383202
68 59 204841808
70 63 398614340
34 58 331368317
83 42 520579892
68 45 377324054
21 8 39344662
71 93 854428963
13 5 708275371
22 32 490820679
1 46 169530102
35 58 333944870
57 46 347534205
19 94 933363302
21 44 224561360
58 30 885659392
33 78 123322748
61 93 710620907
97 94 372336146
1 42 919603825
93 85 203931724
66 47 871178941
8 18 652163694
18 53 541594870
26 14 405784372
44 25 486074536
65 87 128013803
72 78 844874906
51 87 675813608
79 55 244111105
26 56 384577194
96 100 206965547
73 38 987837015
11 39 585563399
54 77 114128831
18 14 374063942
75 56 25627374
61 49 322017268
92 6 83877042
19 48 145040384
76 79 522685143
13 55 246302848
7 95 681602691
21 46 732749094
20 74 215452604
28 47 197173490
88 53 67194160
26 19 472799952
69 46 799133215
4 83 471715844
88 13 760880237
70 71 267589304
73 58 892984165
92 78 178368379
61 38 340195784
80 6 167992152
68 58 491732164
32 4 918193776
50 79 904983717
98 85 637753224
90 75 780801800
15 98 592096030
36 100 471347564
6 31 336133611
65 29 726715596
8 70 788193936
37 99 816479296
36 37 825266389
75 78 970934633
71 67 294198135
92 46 97177646
71 46 344439922
66 96 715918814
86 37 852965824
28 31 819658630
63 41 500869582
73 4 531307624
80 4 87705739
86 99 743920953
27 65 629036645
35 79 243023790
21 87 2953641
42 3 443063754
66 80 403553998
98 71 170645148
92 75 459130536
79 37 322481356
68 75 807144023
89 93 92762885
11 67 266309185
14 20 684855023
40 32 774739849
32 18 699488124
2 31 448434989
20 29 707199226
88 36 979902802
68 13 388270375
90 59 617904181
90 39 450490702
96 46 890285412
26 60 768300765
50 7 238495928
91 37 956031249
64 44 527250157
18 47 955772582
53 83 935585356
10 73 313218259
54 78 866594674
90 84 519981096
43 6 707503147
48 49 782770480
57 60 506204262
44 42 644359702
5 24 507327203
51 47 859997860
65 8 60877450
59 39 43418489
73 31 110164519
61 52 446132831
69 85 508656864
22 75 886714700
32 98 194829468
22 15 509482361
81 86 852935022
6 1 202716906
57 53 442043917
70 83 814820332
38 72 463860947
45 60 678905458
60 99 877005048
42 47 241461918
80 86 719702464
82 6 461115635
50 86 15690529
54 32 492053003
91 59 777027258
27 1 501055054
84 64 667652868
90 74 14786143
