100 4948 73
1 1 1 2 2 2 3 4 4 5 7 7 9 9 10 11 11 12 12 14 14 14 15 15 15 16 18 18 19 19 19 20 22 23 24 24 26 26 26 27 27 27 28 28 29 29 29 30 30 30 121 170 391 397 487 527 566 574 591 599 654 671 691 718 807 877 5650 7292 9261 18952 21700 23729 24657 27551 29163 273082 295308 545706 697813 738773 23769120 26093982 26259863 90324198 96816341 114493148 152004876 170342281 195653390 207451023 224588564 269689551 269705061 324957384 538385844 843715401 858132504 943407521 963328289
75 26 720824841
24 75 342688624
98 50 596551563
76 5 842436327
100 93 77910846
29 86 40007031
8 35 25736186
54 57 901048104
71 26 781859997
9 64 765267300
64 6 534003189
65 34 780097666
43 35 626448213
8 25 981982782
85 46 849210417
99 50 194111778
1 97 232735261
75 52 750376383
49 77 325596647
76 39 369409741
54 21 338471844
80 67 36553387
90 60 349256774
95 18 184718844
7 79 329745846
63 2 199536117
72 80 28836406
37 2 598366528
25 82 13522
99 22 154503274
29 66 808096737
73 41 109516322
9 62 137113889
8 68 151832742
41 6 361459148
2 7 694155548
96 75 932137058
73 35 716663521
36 5 274612720
69 45 231147301
36 15 237160495
63 52 607499637
98 36 984889354
64 19 794794074
31 43 539361777
64 50 540033098
88 77 120342081
84 50 947140457
99 48 799644286
90 83 679608917
10 39 43874001
51 96 583790151
59 20 896587602
19 93 55583648
31 20 65503552
94 37 499174911
74 96 265482749
56 77 794346095
87 61 726479687
54 99 821267765
96 7 402107127
1 14 478623411
24 68 203892893
74 57 344889153
97 62 456949430
92 14 982881719
88 26 679461937
49 46 8422955
58 88 727985074
21 57 130194455
95 65 890218897
92 64 222373859
90 48 951509400
1 11 887044772
36 70 994847202
65 49 728790442
44 41 252119063
2 78 857376173
20 7 909373151
59 82 207246025
87 4 80606362
33 87 347956700
89 83 243271610
27 34 219871353
30 9 962499682
74 6 495556887
9 20 303949555
47 82 526119550
90 64 982101401
82 14 246584719
29 27 190039918
28 22 847100659
92 54 818313117
74 27 575747742
88 45 21736101
40 51 298299567
10 78 239939492
21 97 468667761
71 2 556295070
51 44 780468425
41 20 67403818
13 11 252085028
72 11 942608488
1 19 390127382
89 88 25526738
42 80 187399450
47 9 594537393
44 67 431634785
40 5 108116310
18 20 566341227
30 82 409667063
59 77 899513377
64 94 191380942
25 66 789695195
50 15 847267731
88 23 762027796
17 90 644502770
19 86 761266934
98 12 992558461
43 7 461163131
76 25 703369266
12 56 219637949
40 7 608021787
43 26 673739534
25 5 926286903
81 64 345591708
9 57 121254736
97 14 360085624
94 82 319508961
95 41 783200795
71 15 945863804
29 68 501333762
12 25 811684710
54 27 401725501
44 77 709233567
84 25 862103705
58 36 777481560
12 61 539072526
2 20 358133914
57 11 107941611
90 82 19616955
10 100 726386014
51 61 429072037
35 45 831816852
1 37 831550350
12 23 745331490
12 21 768830960
1 28 289195745
55 71 419842742
44 66 14459590
88 53 322922404
31 58 65550475
29 75 443043129
58 48 283030886
21 79 959792644
50 80 813086327
73 89 201764471
69 12 613980203
92 79 114151412
72 2 247624089
10 21 980486546
58 9 300728668
96 22 803317541
68 48 190325274
95 88 991662093
31 6 649492244
96 19 377929956
55 30 425070944
41 7 319887137
90 59 879501569
54 52 25962603
12 72 98816631
73 47 197869695
98 49 881933098
15 67 318165951
89 91 180153791
68 97 459291190
1 4 529503780
16 67 971451575
98 20 110447056
30 53 658465760
69 44 154518422
4 5 286526823
84 72 167825629
95 49 464028896
17 82 709123298
43 20 633031359
99 34 940493392
69 15 859492672
87 37 324161209
12 35 221913865
30 59 655882367
29 63 515597936
42 17 688061367
76 55 678453080
66 61 957953454
42 57 413980345
84 61 613628169
37 60 697448709
73 40 6805018
33 1 111050961
90 28 238787801
89 97 174700363
44 46 520558470
71 18 398640222
16 36 87304541
95 55 219128001
54 20 552898949
87 50 985438364
82 67 658978124
83 40 1494553
91 77 918571246
3 86 915528890
28 74 22156650
73 12 590965728
42 3 764347771
22 77 708772010
76 4 917887684
47 46 244471735
76 75 108083681
17 69 734173977
2 75 735668678
72 97 224093932
16 28 208938372
97 19 409065048
44 11 310065150
81 96 736699887
95 69 498520201
70 72 489798324
57 5 705799202
21 50 634173949
30 3 167119305
96 53 573617380
45 56 136950327
68 52 308247174
55 14 538189704
36 7 341513914
28 11 530053177
54 59 619074254
50 77 706835100
89 44 525165458
58 49 379910128
51 72 122453459
14 34 346266177
65 48 642547255
96 86 757546207
42 4 794655014
73 72 934106866
33 64 533151340
43 67 527244111
68 2 278618465
35 66 838123820
24 70 974192951
81 4 15747175
33 29 109906521
9 32 686241516
89 34 728745763
33 32 997580206
81 9 78673003
99 4 693759793
89 53 381022382
32 86 9765439
16 75 783445806
58 16 726924923
84 86 545949809
27 36 557217604
21 36 135115848
85 77 841646505
1 61 982203844
21 67 237860230
55 75 218834581
19 82 914632358
23 5 60599931
29 48 478246100
84 65 308681789
43 14 881398848
31 48 913300979
1 77 882309299
74 59 561495673
31 46 596200424
21 20 881180926
28 86 199928110
40 85 100179855
55 60 147514715
33 39 288370767
49 11 675132494
12 34 434858781
50 3 484548318
100 62 315129646
71 25 871662043
90 96 610023531
37 97 69506878
87 35 714733094
74 4 89172308
82 6 917918446
28 15 203210798
87 28 352087140
10 30 684176627
46 14 306457870
83 63 39126539
16 98 796169518
24 65 178786902
98 63 532820527
100 96 710259060
41 5 243687219
62 79 135904029
97 75 537784611
8 13 85798539
41 67 4126126
65 79 157105472
19 52 287677117
33 45 757319331
74 11 200905139
92 38 458517544
20 14 957056983
11 7 340761957
28 72 154738132
31 59 845897722
90 56 177551115
76 47 527199851
92 57 621389271
52 66 184792909
96 67 481066599
1 54 355920835
99 6 504198677
87 6 468900527
91 26 980189745
21 13 896799162
36 43 909308104
3 14 479128876
56 60 815246154
30 50 175571882
74 60 444002545
25 86 956835255
91 85 256487534
24 27 904301630
91 72 450143030
77 5 919454641
44 82 544163905
58 6 932550693
100 75 571598082
54 25 729813318
68 14 786491546
8 11 168008419
76 67 246821810
68 75 779640347
73 1 719768582
1 53 90089267
83 88 499344474
80 39 110494849
46 41 702089030
57 35 33748397
28 2 849678643
45 86 182381945
87 56 474310896
90 94 892455804
83 78 438289727
44 97 155227278
64 65 152641116
29 12 566187573
87 22 949847403
74 38 2549348
4 62 82062159
68 67 527673449
4 52 393632205
44 34 199554147
84 96 557744823
52 48 660879878
82 60 61066276
28 71 560017008
99 25 55149210
64 97 640041763
85 20 851553891
33 52 834407090
10 98 155721288
51 45 66835032
92 71 321309437
28 6 618642264
28 20 903183277
98 64 194583594
59 5 457849092
40 96 806070271
30 71 639711501
28 38 469374911
96 82 917185087
43 22 441866858
54 80 659901307
74 43 456933164
11 61 785846660
76 68 540999681
90 93 873297974
74 23 661608540
17 54 39529492
42 9 817290045
41 75 224786718
74 63 293774308
37 61 230558045
91 79 171403728
88 85 13302555
65 26 487175363
57 62 882471968
16 9 767185243
40 52 174543111
27 49 710567643
63 11 459841247
84 75 311878597
81 100 372498096
85 41 336961171
49 67 848548640
43 44 349322280
3 75 668099489
78 60 39936892
65 39 105230018
17 56 114474761
36 93 19217839
37 11 453903094
40 18 537501975
17 30 673748741
62 67 963407014
59 60 184020316
17 96 231893158
28 64 657269823
47 68 475158981
91 92 382801038
41 23 733721971
46 62 663354689
10 80 837653396
6 56 277852532
40 46 646722967
47 71 648848466
76 9 159421685
84 67 121027502
29 97 687357245
91 36 525295707
2 23 316843891
94 86 374063928
81 86 165737900
74 35 935604700
92 87 872778314
17 48 538173167
35 61 131084086
29 44 407871551
72 82 440804526
42 21 475168999
99 49 194926220
3 77 977664494
71 21 389096178
33 23 965350780
78 93 868252921
68 60 70655786
82 52 436092972
30 5 408326946
89 35 544692499
91 37 280349298
98 45 780969961
76 51 954438142
88 51 912012763
70 80 674332552
73 55 11869380
83 86 859197711
46 50 109713197
46 45 224446083
89 29 436911332
30 18 75792486
37 20 127420013
33 94 132880250
29 56 807547797
46 61 658571418
9 39 862775772
57 75 217287259
31 93 328814965
12 51 926490682
81 63 464951082
86 5 299203602
16 46 846213821
87 71 561847633
76 66 151950065
30 52 677977041
71 85 977668027
95 53 142428692
10 97 907808685
35 85 165406175
70 2 596285583
79 67 205042489
87 40 335273804
47 56 453746341
84 83 759912787
64 26 206545250
12 45 789633353
8 74 997055705
87 14 883507528
8 4 990532642
92 29 440062475
99 66 661518967
42 43 503354142
31 60 256960982
58 51 125013822
99 23 856338394
38 5 518181269
93 66 290343845
40 94 494463362
74 70 964188860
24 28 506037268
17 19 896104098
42 83 791252194
38 67 512416567
96 59 769647352
81 48 725013071
74 85 110356790
36 56 331764237
58 45 500310495
85 15 416777577
63 93 946233864
64 43 241937941
53 67 547090640
58 71 774075692
57 96 953039369
47 14 518384984
47 80 641412345
31 25 913638102
84 69 900817352
83 81 247528416
2 48 910219968
24 13 914791852
83 47 865479998
7 34 159200540
36 97 801797981
27 61 14661706
90 1 214143897
85 97 739616885
24 34 3093781
18 5 956023807
30 94 678534985
33 99 386732052
13 93 119966908
55 96 980743188
57 19 401578995
85 52 346209405
25 75 766549830
73 26 568318417
57 45 209605140
92 65 880130923
47 4 404390707
74 77 460571422
49 20 165575163
92 37 900625048
18 7 798676666
54 81 68866674
33 6 703021672
27 62 597590604
70 39 363215611
51 5 370812135
36 96 160481639
98 74 407362397
75 53 150332769
44 53 997093372
98 47 653457302
22 25 596290976
4 82 953565969
44 39 756440404
95 6 977101339
30 11 65395086
40 34 501548666
31 51 622403259
46 22 841261460
28 14 950260430
17 9 859553729
92 10 612226468
73 20 342731410
87 20 594758969
76 86 102748492
2 56 232070934
81 78 688547301
11 39 833579717
51 68 315970589
28 19 404907013
99 43 933335347
58 11 724110965
55 9 472404030
92 21 609531958
95 51 167520552
9 68 693878423
16 63 808146706
36 67 25301963
8 43 334357411
40 22 114161209
49 66 447547071
10 14 815444340
49 45 812340513
81 21 410725245
83 13 22024929
47 88 44375398
90 31 186049740
9 94 452090008
31 61 706608597
1 71 883939690
69 82 842783200
53 52 135679608
59 78 33388817
45 41 566905626
8 81 358117947
89 70 438747803
7 52 591717123
69 32 398041008
75 62 486861560
83 5 224436459
72 34 219949021
76 18 744964041
16 44 237184042
16 81 628574281
73 45 412424559
76 22 487882677
43 48 148168868
51 13 838526724
64 88 115588026
39 26 79008522
24 60 152740291
51 22 323063212
58 12 582575691
95 54 306893759
16 74 93127215
31 88 140122469
35 18 738854550
31 15 852645016
1 32 492405821
12 37 904903936
31 47 609213974
90 72 976378701
51 97 112488795
58 57 60326527
79 77 664069626
40 9 11156016
31 77 44046463
17 29 912595243
83 85 611732821
10 32 616752024
30 86 30308795
17 21 960416441
84 57 958049303
21 14 524479964
64 34 619275774
51 2 756141599
4 19 39923514
90 34 978707527
78 48 146880769
87 99 553954659
50 23 956793981
89 21 437059801
28 30 259007228
87 3 832185087
10 44 896228336
46 23 805044989
8 22 309744929
46 25 102380886
99 8 800145211
30 72 673760088
27 41 784695727
12 43 137829149
44 59 603625496
83 77 338014187
4 23 658475972
9 38 406926226
40 79 788221572
24 15 94161499
17 88 82089922
32 25 370405021
31 83 345514258
81 25 238814124
17 23 339119616
24 37 787956875
8 82 213245660
24 64 605343717
13 20 826972404
55 2 735137066
98 46 92783602
65 20 690063640
31 98 473931021
19 14 984306354
97 60 722269767
49 53 165417126
29 23 914234017
54 30 333653228
99 30 116019140
13 45 249036973
39 61 459185615
43 96 928758693
63 62 730578470
43 82 468389256
22 14 446013662
3 82 341379053
87 57 799129821
57 52 237768967
50 67 419735576
36 62 904837789
8 27 676755665
30 44 279275804
95 9 648307693
65 36 412507906
54 3 228294133
78 52 698761452
70 86 145103387
55 41 749042001
51 26 894770423
37 26 700793334
54 46 819441317
51 94 77261838
91 19 882895315
89 93 809126873
8 45 750091022
77 26 785968790
92 45 349493697
31 70 696206354
11 60 211815725
65 19 7255026
55 88 181883791
4 88 57737581
16 13 495896457
78 6 335935135
92 55 805305462
38 80 406523628
18 39 936326949
29 5 47422637
97 26 369224105
55 72 489285947
73 31 819125091
24 85 743305174
59 61 501744842
89 14 735041079
28 93 572602990
57 56 736389141
99 20 996428073
73 18 769203423
4 94 114009180
85 67 590979980
88 78 79711924
73 81 533928853
83 21 25665202
69 50 713555530
97 39 343822761
63 18 501690299
89 31 827629584
84 44 890726116
10 83 524871103
64 15 483293543
2 15 891003889
58 30 508696944
76 71 118019162
81 57 453754562
6 60 441170068
9 25 555552579
91 23 543203833
22 78 71302586
28 100 678666568
92 99 895734280
86 66 317983905
88 97 601532161
90 16 600052527
88 25 817127850
11 66 442987647
6 23 176983844
89 66 802128122
20 67 610394903
97 56 892548233
71 79 301815989
99 71 727091265
10 53 158640807
99 40 964189497
83 43 618312716
9 35 103800776
21 66 893483285
33 76 739752223
24 43 166475770
90 27 481375029
22 3 282300974
64 82 69163645
65 88 989628846
70 6 519981936
28 26 203707991
19 61 167353273
18 14 836258565
93 34 924686344
50 86 789775773
12 100 51579403
87 2 981181646
63 53 493576055
57 80 383357858
98 8 728887989
55 32 435944956
99 69 457123837
88 56 386238109
12 36 547944941
40 6 655645798
90 19 794787969
31 80 322421282
64 79 470298968
73 76 22567426
47 66 350845345
12 53 354606364
25 52 907952409
64 41 612452882
76 45 261177796
23 26 472005690
37 53 977732234
17 27 52380970
55 70 613866482
36 72 654631791
24 100 71004283
68 85 994481087
72 19 548332396
44 56 46955109
32 53 463677495
17 49 803770010
74 44 462412423
42 32 620008899
24 63 440297946
87 36 283321641
22 39 79755360
29 98 502173276
36 50 817561237
55 62 257430597
58 76 384493272
68 20 651535590
42 77 591947019
10 11 370974453
19 60 948784011
33 86 428223939
38 97 781512592
19 15 367383730
36 44 74679783
3 53 666916967
8 56 283928147
12 27 287427186
92 48 122827454
55 83 597776760
4 57 358196208
1 34 420824764
17 79 193736719
76 34 357021221
83 96 958182727
95 8 119140861
46 82 507271159
31 13 579356617
2 66 703072388
76 23 82354177
13 22 154584708
22 48 448763037
8 39 231940794
95 56 180658043
63 41 426150980
72 23 360100204
98 53 994110231
3 34 35278171
62 53 331650653
42 62 799852232
2 26 339397316
84 80 615137912
95 99 661362555
23 67 473280581
74 51 472019214
85 7 858096898
98 40 527149777
89 96 921001800
90 24 487042912
68 61 137662508
89 23 485156764
99 75 826526485
21 53 174025505
42 67 588901105
42 40 40689298
98 69 187011336
42 8 80182655
43 2 878447968
83 52 264493697
42 12 940807172
63 88 841695868
63 51 759962066
45 66 682680702
80 93 524337501
92 24 624497278
81 94 397841333
58 40 313281186
57 77 579228331
46 78 147004746
24 86 594497129
88 96 674957151
100 44 689743987
95 50 141859007
11 41 998831840
16 52 49298109
59 79 157022780
12 5 871399955
27 18 481780608
40 49 502845370
72 5 700423597
10 96 990285952
1 24 674293013
11 67 887223553
58 23 684787496
35 44 743801428
21 51 793976682
16 71 146627021
27 67 35514248
69 11 918131587
8 85 777263771
50 18 945919110
69 93 756959033
86 14 996578487
73 23 585210891
8 32 954249645
69 60 574264855
69 35 653579749
71 53 176675162
71 36 639603465
24 32 685090607
84 100 214394140
54 69 210957638
42 52 752458751
49 39 528414974
95 52 930950795
2 62 848123706
81 93 928161284
65 4 143376036
42 60 606858428
16 24 649040831
8 19 984554226
19 75 700434247
89 15 523072938
94 80 263203174
31 9 775487129
92 70 735723503
87 46 313824791
49 94 454310654
32 70 175296585
92 77 857740510
54 26 263660019
11 86 266009880
95 97 539682259
47 25 280062019
69 74 384490229
8 5 290026037
95 34 497420815
36 53 149490130
10 20 822862545
91 20 206529682
70 85 562236160
17 63 119634837
24 71 747132526
86 67 600148578
72 53 160395527
10 31 808586499
74 37 349961362
55 38 861861620
81 11 807853840
94 68 794262612
95 60 742676406
74 72 681282007
32 14 745915010
74 75 330624805
95 16 276790907
50 56 525088691
68 78 833542011
8 3 921203781
54 4 971824291
11 93 646892015
42 34 460175822
36 60 738403066
99 62 446626035
96 60 101154998
70 18 393125143
87 30 94041671
88 7 276022426
1 63 649900144
54 6 953212410
85 45 332999426
95 26 507039562
91 29 437404908
73 80 184273484
17 74 783135264
3 67 938134308
63 20 117886642
81 5 202278918
40 60 523142733
90 46 159041323
82 18 483136268
65 71 274412184
50 6 827632918
98 77 789415341
94 56 145618550
8 72 702468297
65 52 926143745
4 50 734943545
1 46 488864150
57 22 651925686
73 71 583136613
24 41 398766449
81 22 812724184
4 67 619506071
40 32 864175695
73 4 286852617
31 18 68483488
81 59 670861724
47 97 763473592
27 79 255510511
54 61 356273391
83 48 959607760
100 20 643464404
19 20 590832468
42 37 847659224
84 30 742873925
98 18 208154464
24 78 159403664
40 37 259597427
92 75 958655581
58 26 311725151
65 41 99085457
96 37 807232650
21 5 334259356
71 11 579863519
98 97 244762773
40 27 232722733
65 53 504038718
30 21 266096235
89 64 995089424
72 25 588367932
24 59 663036987
35 46 321608124
82 15 221848022
29 9 487810697
46 75 331928310
29 4 782640851
10 86 739603237
97 93 13246823
90 26 216177404
63 60 988471475
87 27 651100533
4 44 75740911
91 7 829736082
78 82 327245472
47 21 818902873
64 20 943324448
22 19 104552741
82 62 406015734
64 27 24642975
88 59 663056207
63 23 677035573
11 26 914945123
65 61 873142186
58 24 519184108
40 2 796711383
70 35 862667750
55 43 440395497
12 75 525672844
58 27 237900643
89 24 611121611
99 14 840070184
38 34 266199676
80 19 850074460
5 61 815544432
64 71 376683318
98 70 441303493
73 63 975121369
58 19 522937774
38 75 748734514
27 37 923236048
90 7 592388192
40 30 408010477
10 34 384466469
42 48 644018746
85 86 515011790
12 81 623311050
91 41 990852550
32 68 670472453
92 8 347174029
69 34 129600478
84 82 43439039
4 49 54152193
38 56 410012874
24 80 498270105
35 13 779053781
15 86 544638588
91 56 591907631
90 29 731646050
58 56 773057706
25 11 957221724
77 61 393855793
33 31 773938925
8 80 415565704
10 40 914649639
12 15 32157640
16 7 76796922
2 52 131609162
21 72 229552365
64 86 620997170
87 58 526427999
33 26 796491234
65 15 288236445
32 61 457950114
35 26 127676953
14 5 852124661
92 61 330329572
58 80 418302601
73 77 372682606
16 4 328025852
63 82 696901932
10 23 249337218
58 86 68074394
12 40 282918032
72 79 617794086
68 18 533833770
74 67 816219573
15 48 774469036
27 32 471633760
100 77 585931076
92 51 188576382
76 12 279062855
84 14 180615060
1 5 114269231
54 19 3002896
90 97 733384264
80 86 44744539
12 20 546839581
17 15 271615130
10 13 613932935
100 46 749774982
13 61 427374143
77 67 404369276
29 77 652869146
15 93 19659643
90 86 546197740
16 47 183576942
89 12 546320193
71 52 173771420
20 26 467629251
81 66 586303668
85 37 538083325
50 19 347766801
46 2 629210992
16 53 623018205
18 77 624726832
51 66 546883935
43 13 144062966
38 96 884025808
8 59 343481094
84 23 331175301
98 57 956708822
80 53 114133768
86 20 251628516
83 28 410301479
8 66 400515973
92 58 708112678
29 82 890564158
54 31 755455552
70 46 481674102
17 34 695424922
76 93 723936897
73 9 475399732
96 52 350667824
63 39 582814272
90 30 41471649
98 3 860594954
58 60 209669348
31 82 815413861
68 26 818601864
68 46 321546675
51 93 306027589
99 60 169430856
17 59 695106052
44 3 780281372
95 67 325957078
82 77 119811830
69 24 149877385
29 74 864157356
91 58 555634942
76 13 445956991
100 5 548601861
21 75 485378660
55 82 316795482
20 56 84151306
46 60 217178931
90 15 25173021
87 51 456985742
88 62 974492691
42 71 79446822
70 94 656858323
28 41 102991249
1 74 231407791
54 36 338866112
84 58 34651725
78 62 532663975
55 7 46952661
58 82 748236380
28 32 439320217
55 69 425629097
73 29 16776313
49 97 34064351
32 50 955671802
92 31 189492682
74 82 510481412
81 68 262421855
70 20 149594558
8 77 330071341
84 13 725315756
95 70 118559072
44 61 333205552
81 44 623604227
56 93 142525541
13 18 774101330
95 3 246828634
69 78 723322900
24 39 508673924
76 77 159041412
1 18 706016798
67 34 420360708
33 36 780642059
42 99 88095919
31 62 839792338
98 30 875591695
91 74 202895442
33 74 356948097
99 80 736932430
1 43 701439127
3 93 390793756
30 56 581734270
44 20 110710337
15 61 719560199
94 22 863949942
73 79 96491729
30 7 47150825
98 11 187930674
17 16 165454904
56 52 876555571
73 13 163985373
69 49 732361089
30 97 502385377
1 51 948677850
91 34 833698617
71 32 427536338
29 59 701691484
9 41 154538933
96 78 713002511
9 3 416441915
24 25 720482942
7 93 232847435
1 22 794180442
17 75 646922868
29 64 922441877
30 35 72596199
27 25 878435040
84 93 590285160
64 100 214056489
13 3 180846266
88 3 655397986
64 72 48664189
59 80 708341874
10 62 927383671
21 77 546112341
89 57 618205145
92 15 466584087
43 85 650519802
94 25 49852109
22 53 527352459
17 94 294530045
88 14 113721319
83 11 976177295
73 44 14703835
71 56 786017148
37 45 711669599
54 66 283440927
49 80 166262586
99 56 732796164
36 75 449362641
35 52 15140832
51 80 231027883
68 59 595010354
64 78 73996084
84 49 192903988
4 37 872860587
63 26 620106251
10 8 54014336
17 55 906659963
100 53 782760174
43 66 730281851
36 57 175556959
2 22 746598072
71 50 784997666
8 24 408122123
46 97 506680565
28 23 659121615
55 44 7342558
87 5 956266312
91 63 310424383
50 97 236469736
29 83 37562144
80 75 258745612
40 59 404697139
36 34 341706927
98 82 671899442
38 66 746462653
92 22 257546433
40 78 232752133
25 41 204498000
29 93 6679095
47 5 410727830
37 80 166909144
27 85 803819128
88 20 353724480
4 97 716475030
72 3 75138333
31 36 400366431
3 23 653327220
39 79 104211210
72 61 629190388
35 2 197220865
31 76 447759593
97 77 698300232
100 56 852385068
83 59 424377752
58 46 344151930
24 23 27533512
76 50 498200281
97 15 359913383
69 66 340873480
83 66 428611297
6 48 601993639
84 76 519916281
92 46 357734504
69 39 66261731
28 39 161607248
99 77 110122414
25 79 774500369
49 34 800846398
42 100 285857301
91 28 808318153
55 63 817186686
95 37 252508962
46 56 72878557
87 88 932745057
72 78 540008877
81 18 335254363
56 61 416272089
47 2 343895044
69 97 982286684
85 66 5498637
47 79 768401029
99 18 88291535
9 44 315505467
41 52 754240539
50 34 107102562
33 46 160560821
81 88 293706092
31 7 308447111
44 48 457237840
3 79 126376582
51 78 781873553
58 81 868671863
87 21 49233170
21 80 587946363
12 63 486966550
94 52 143902234
54 23 280961208
8 61 990540260
49 63 923713418
69 63 817367296
20 79 27817850
30 37 939521572
72 66 1662977
33 51 646818274
51 53 909345614
16 38 167919112
86 75 465024266
30 26 69052888
10 41 904524316
42 22 465189734
42 38 821790941
82 26 970050872
1 8 335034458
81 45 835932043
99 24 966111150
19 77 475943100
24 79 223318210
12 6 85741973
47 52 265447800
32 62 102683138
83 39 673873007
99 37 111267043
54 65 721095473
40 66 986005139
86 39 454546623
44 78 262768004
6 79 524548046
100 67 129298236
1 78 44571050
68 86 740014140
44 45 990965119
40 45 264557081
10 69 745142784
36 25 92561487
31 28 265073673
42 84 56482615
3 6 930104938
58 50 872870717
38 62 300131080
32 38 892728532
57 3 388866495
89 79 583329044
70 67 37500873
36 6 961832150
8 88 198872860
16 66 717705083
25 61 249064910
70 93 743142049
95 40 949287033
9 61 423150941
9 11 58884091
40 13 949421025
35 41 740374922
6 67 630667997
33 88 131552493
98 68 263070131
69 65 15807313
100 37 901506353
56 79 443124473
37 56 572135251
68 34 962622212
70 96 787971302
98 52 626097698
82 34 473593191
47 37 871751185
24 9 933851471
91 65 615099149
47 22 442498828
17 66 349272323
82 39 594467886
98 43 521619797
27 38 94707136
51 62 1547764
37 67 772496119
76 14 214309824
51 100 218216467
76 35 464336905
92 7 299607092
32 96 153268247
54 7 812366606
25 18 503098690
51 3 353476325
63 43 232015789
16 40 53582710
100 11 412815918
91 32 163046462
50 60 260238218
56 34 679943682
44 23 992405756
79 26 199486823
45 18 679436294
69 28 543246276
52 61 515970127
87 54 776295773
47 70 331445479
30 38 634415930
30 70 781551373
100 18 278910686
2 34 572288095
81 23 491859306
10 54 879500788
63 50 131170113
74 61 685769839
42 55 120006780
10 60 401091892
6 39 804847162
31 53 804866187
33 13 362243606
87 81 828557453
9 45 850520812
2 82 666956396
7 14 215704129
24 3 415231519
75 56 46897927
54 63 201736164
64 3 403289700
73 17 855561269
70 44 737441706
75 6 184332596
21 3 771366991
25 14 945497647
38 41 276398459
75 67 265756699
27 57 488986230
78 18 867695669
55 11 246909181
35 39 835670790
49 48 701881664
31 63 764426492
69 72 299687726
3 61 137118543
87 70 171010451
68 15 472409220
80 3 143108776
90 66 900880898
91 3 507020928
50 2 92495354
21 15 907721979
56 7 905393395
80 25 643314482
58 59 361503165
90 11 783693620
68 39 953770265
50 41 237681878
96 6 475251030
37 75 575155179
55 4 731778809
81 61 995134513
40 25 410205037
95 85 499316125
9 48 462815593
55 26 531990607
44 60 678618532
85 61 323225357
40 53 980498981
42 76 503756470
92 6 729180413
28 27 707471420
24 35 641843835
21 11 950457838
33 55 958278803
49 18 534705061
65 59 342750111
69 26 776295098
95 58 480595784
92 84 942949333
73 30 551096069
83 37 184266386
59 48 488444137
19 53 351060492
10 25 270903127
59 53 433826048
32 46 779061966
81 13 447071197
33 12 45940919
91 8 533381415
69 88 418990876
82 7 276867086
85 11 932804854
57 26 383354056
4 13 83471340
80 15 706704735
47 65 974882691
91 43 940415378
31 41 612669508
27 11 118589969
83 44 19173982
12 78 340560611
42 51 870930335
85 60 452046566
32 60 580898403
30 23 994503045
35 15 81491958
30 67 433442249
47 75 818869368
46 80 375185754
10 7 846640955
17 39 424063722
33 35 51885418
22 82 937218495
28 51 913532910
24 26 397508624
28 60 399374836
33 58 306145160
58 98 17492588
91 13 285737828
87 84 671791560
32 39 775532051
95 19 609303147
89 61 228374678
44 5 638117136
58 13 876982535
56 14 770912890
74 19 814223415
69 2 937699935
46 13 662256048
68 44 128794739
47 27 706161790
8 94 473205848
4 48 22611109
8 100 63027480
30 80 322532167
96 23 249465591
99 68 625078655
14 60 840693831
54 71 756008408
47 64 933361436
29 85 641327795
31 94 773689725
85 62 751609066
54 9 847692568
10 29 525032312
55 39 365531834
89 74 336795694
96 46 330552240
81 19 679251072
89 86 874821512
58 41 347558630
31 21 441079026
78 53 482889459
65 96 845997406
92 13 261682500
90 47 945892688
32 19 918494063
4 18 996817984
25 62 39906068
73 51 200985985
27 51 288118819
28 36 200658270
40 71 404577955
42 56 884276384
33 72 480324025
70 77 762721186
32 66 335314378
74 14 86393419
31 81 330747377
81 6 650544725
8 14 623209630
32 78 563004862
12 64 681144782
35 79 238905337
30 41 295755248
46 77 290108328
15 34 53423768
1 31 494775531
25 39 523394346
27 7 885552278
94 75 368076094
32 57 613601189
47 50 620221520
18 34 493228715
42 44 686123450
24 57 612431682
74 86 621715214
4 39 579075200
100 82 195731345
17 11 149200322
78 61 198223161
98 81 545706772
27 96 836176266
56 67 577033204
97 34 799654022
42 68 742145075
1 60 667805045
6 5 938230721
69 36 698998818
1 26 486556685
39 66 182669623
90 37 205488618
60 34 704396620
13 62 950146497
29 35 263672204
20 52 277719073
8 26 281262177
88 48 700566544
18 52 135150030
22 5 624863887
37 23 530413508
8 9 990321228
90 6 4134643
64 2 257096481
49 38 364576114
63 34 86548009
100 7 370438936
81 20 135122487
81 39 232339964
20 39 979374102
55 50 3431482
59 22 613280523
82 66 7147826
4 36 125986805
49 78 848052326
32 79 659242209
69 52 808630785
50 82 34390937
38 44 785592191
17 6 228230038
29 76 804993878
27 50 252741255
90 43 659576688
36 59 479682324
9 80 4963973
57 43 720775643
70 25 979339010
55 6 740105625
77 23 231487099
58 35 616706916
76 60 587277404
8 67 140862699
64 7 21918408
29 3 240626935
40 86 433473740
12 7 342937356
79 48 903401742
30 63 350053205
72 22 459012034
85 53 929429719
69 62 494349749
84 77 240141356
23 61 356651772
55 18 397188141
17 51 100828249
99 12 120959053
90 35 627730738
81 46 120683457
81 32 17341831
98 23 65033828
28 49 907552899
32 11 90508347
92 97 436452069
8 86 354119641
37 18 299540687
96 15 90593221
16 25 822796551
89 8 979511511
35 22 416100595
10 74 26410377
4 38 234492164
20 61 25072734
17 60 227992252
73 49 840619393
25 20 528525133
73 54 359647237
17 99 900227054
91 99 771702642
10 68 755240479
36 38 858963072
21 62 229789172
64 52 983345331
27 60 589589466
98 27 345516733
70 59 527872370
94 3 650104623
76 7 986654460
39 60 233575293
45 5 38228762
91 6 369817916
69 67 586297948
29 61 521701942
40 100 447765402
76 94 854876395
91 14 959211942
59 67 419822909
80 82 377117702
1 80 251956834
26 34 196795492
1 25 267773182
83 71 271493803
96 66 906412581
70 56 557612369
50 14 261499016
83 93 3161170
69 27 747026189
92 90 866239753
36 78 650120087
41 66 252408406
81 14 640067331
95 24 865954674
50 11 522295548
84 46 957194001
77 93 102040727
82 45 367089196
27 22 815952271
4 56 603806149
30 78 593979167
12 18 188524981
21 18 658988759
44 15 971459701
32 21 435042308
16 15 873511983
84 24 100261807
53 39 755775753
84 94 251774422
84 55 970567990
42 72 143257550
92 76 989654805
76 79 749332213
51 35 475479352
38 23 544011491
100 15 846829538
29 51 214223880
94 100 212642676
31 27 641478990
92 39 373994171
49 57 909392275
91 53 569750010
32 49 229920025
97 11 317430381
14 48 374240048
51 60 949510338
73 90 551516155
77 66 545047403
27 14 641205282
42 47 92852178
89 78 93638243
90 23 370775649
73 82 369857563
21 23 651986157
88 72 357812439
95 7 728074969
42 6 699120215
58 65 668779338
10 72 161774392
36 3 317477632
95 80 94128330
42 90 245862774
36 22 456138624
49 60 545993448
35 23 633575067
32 43 450989509
96 79 769943269
29 58 749390045
43 78 133440075
8 63 193118791
10 46 953601613
81 36 125830156
25 26 291474605
31 30 929106956
65 22 436343374
49 51 592049890
35 19 952705910
16 37 414913903
45 93 939228713
83 56 799671000
73 69 792476525
18 23 713249406
92 78 116617926
11 14 40289169
89 11 432867685
22 11 668046497
99 57 667958500
94 13 955983797
38 15 30528260
9 46 951841000
70 7 948415970
23 66 140515336
49 75 722543426
57 97 610769909
25 53 529911282
3 26 82275119
33 62 18388777
9 13 92185439
16 27 541757279
73 10 805084474
64 22 464126381
32 88 504809084
28 35 291150708
49 93 918465833
89 37 52239644
35 11 470820369
86 52 359253257
94 15 123360932
27 70 602582437
92 85 653384260
100 19 721919849
16 57 346597482
40 4 895237417
33 63 433221962
95 47 494088502
91 70 447663889
72 18 915765544
72 39 672826446
4 11 475604525
49 5 319334674
71 34 845187861
92 56 628499118
83 80 673829447
50 52 485234815
42 54 327762049
80 23 584544554
71 13 979774792
16 8 350961901
12 38 359473279
8 97 236443601
97 20 695162634
90 25 513034714
90 84 178022372
94 18 141300745
57 68 609705703
31 52 528267818
53 23 267767129
49 14 460734480
70 97 56969239
94 41 556551485
38 93 901671291
68 19 90240038
32 85 306522782
64 60 791682381
96 14 165371252
1 35 991804136
15 14 501571641
65 7 437848718
36 77 144082378
64 11 924375608
73 5 950138538
31 26 599980807
53 66 720487067
97 53 729512301
73 34 365196070
17 5 138695973
1 57 358444023
58 32 593006519
76 52 260225235
99 55 287363135
2 53 808960737
10 15 37141921
35 50 790009856
76 24 968497799
33 81 16103048
62 66 47633433
87 49 491967567
73 62 446020958
63 22 310112678
28 3 759257682
58 15 881200835
14 61 479735386
97 7 454583556
85 19 929973330
54 2 57819012
81 71 336550436
98 2 47271057
98 26 700385903
84 20 518563642
50 79 60469384
38 25 408729431
87 79 873986243
84 22 931044534
89 25 587049651
64 23 502042047
22 15 330369451
38 20 344007185
91 81 440696008
71 72 956934494
100 61 622324783
75 5 393418758
42 20 273406404
13 34 123958829
4 22 966694299
42 78 315492156
10 2 447406065
17 80 719852069
24 51 587407745
87 53 132496946
17 87 274781548
81 43 486523384
99 70 603276883
99 82 621008018
90 18 218302590
29 36 764914388
78 86 652250918
99 76 159179490
100 80 607973980
6 7 15461189
83 35 642134507
58 69 204869240
54 18 438037683
54 74 234350081
94 96 939387328
84 81 660363577
36 85 578324289
84 45 574196237
88 34 714708580
9 36 635440418
95 15 790595504
54 79 322907612
40 47 249549263
8 18 479212888
96 2 84914280
27 45 446282929
69 61 302195722
89 3 758447729
85 96 577899168
28 65 915186926
75 14 139821382
17 43 962086060
12 11 589975349
55 65 522002853
9 6 197638395
89 69 620782990
87 67 53377701
97 2 670722598
76 48 72267163
69 4 821165096
72 46 494694235
73 83 692999441
12 4 470423545
90 88 267444657
43 72 199422978
85 2 826743321
86 93 882504155
45 75 768761344
57 86 456558611
8 49 227745074
76 41 939233445
55 57 198389453
42 11 108706996
16 72 808954651
83 4 234911420
28 18 647992091
57 39 285674019
33 61 51947029
47 48 161618791
16 6 78584938
9 63 556091949
68 6 661756010
4 75 660603904
3 15 19267138
35 53 92172698
89 84 514847935
71 96 166600329
12 39 567624697
42 35 854048410
1 87 731664396
64 45 764096201
13 39 110367493
58 97 954202087
27 15 316820560
17 78 691252187
29 80 755461293
90 87 411875623
24 7 479023215
78 39 556693636
83 98 425958975
27 93 932117497
71 38 40802519
31 66 120919078
91 2 984969348
29 30 945393613
83 82 574452876
87 97 323808744
17 28 755024836
21 48 751150059
94 53 493286156
68 13 382313305
82 23 534871043
35 62 172175586
95 4 438916366
17 32 656758021
62 56 661066222
84 60 798353228
76 53 329785884
11 20 467546568
24 46 583695483
69 18 425610167
89 47 872446338
21 26 436149338
99 3 565425788
30 46 455303034
17 35 491335139
95 61 29069479
91 21 207038183
74 9 447731278
38 39 784291061
64 59 640803091
79 14 22491480
54 97 192942927
47 26 173535150
46 3 728530915
30 100 77408606
91 64 110521781
92 3 917610913
87 62 13349273
76 2 801245059
16 64 897492690
12 60 564968287
33 38 645738994
39 67 904401766
70 37 364239007
89 55 572867536
94 20 93356408
76 28 708951868
6 14 337913541
4 43 893648979
40 77 936901159
6 20 369882869
9 60 62915473
27 2 421134331
1 84 853424695
3 62 854619586
41 56 948803288
71 14 645100953
58 28 31610214
78 41 598352275
54 51 387784673
68 79 354108101
84 26 851301567
99 35 849392612
65 75 30355367
13 26 432011989
73 58 215016889
54 37 62130135
29 81 159976051
69 7 16056004
1 79 780010262
57 72 659552888
84 15 674750836
4 46 109888119
90 78 869981189
46 18 82806931
85 93 568267106
69 5 451140996
59 6 717068557
91 11 982808579
10 50 680529585
83 57 143359809
79 66 964758023
9 93 733885555
1 39 692447840
43 68 180295825
65 18 464201587
96 20 225588153
9 77 891970609
71 5 604546784
65 43 484438903
51 82 588252048
31 3 944356791
87 59 416052960
91 68 787876278
83 100 980705022
90 50 697030145
23 34 326467432
17 93 890586548
89 22 883907219
10 93 648229260
92 68 734760633
82 93 302124192
95 1 289281006
62 34 321894511
89 30 339837385
36 41 348903384
95 5 670333581
99 19 635297557
12 66 8522924
32 97 415388187
13 75 706211339
51 46 115788387
30 6 191460775
24 30 21345845
80 18 684767870
69 96 563714300
14 66 844466240
39 34 334447965
25 15 40641977
25 23 269187135
71 6 528176091
71 66 699944762
83 38 703734525
33 68 826267114
15 41 432168013
62 14 176211146
55 34 735407198
56 26 390396558
30 51 597151308
74 36 302143533
83 69 481961303
88 79 415159225
55 27 811708276
99 65 376165406
86 41 251423172
69 30 299963444
96 25 833455996
17 36 737840101
68 50 240028524
89 1 762117589
16 51 39372906
14 67 907302283
42 28 204381379
81 49 211061036
71 100 729444837
91 62 1059034
98 61 787298494
90 58 69926366
76 46 600543450
90 12 89871327
98 71 178061068
4 14 621802628
87 98 372263300
39 48 624297954
21 96 664606447
54 48 69136302
73 48 752504297
57 88 802477096
95 30 498051623
28 52 808910171
88 37 445606333
95 14 140582599
68 22 652892161
30 48 775899768
89 65 928802513
73 68 171482689
78 66 599720023
46 26 212330718
59 62 278862040
2 5 883826289
94 77 877975193
73 66 902488286
3 52 389822147
9 79 156486677
73 52 62976986
29 49 869886374
73 70 821651370
1 50 612424009
4 86 801092414
31 57 720785483
64 13 65516365
74 20 241604547
84 7 815806142
2 41 189172767
27 56 402854867
63 70 731766171
91 1 93163322
35 34 454631207
1 72 608232440
36 37 528401495
94 93 127597578
54 16 53840847
87 69 343916812
81 56 729130563
89 38 936224673
35 80 419202955
17 26 98940872
36 14 58720652
29 24 927942521
73 22 967178177
1 30 143103312
76 59 600895667
38 68 62868208
99 51 765470049
72 41 677391392
30 25 190060285
9 23 488174822
94 78 193191570
1 64 426356988
27 6 460168136
84 47 735644384
95 35 763587695
4 72 650238277
69 38 562755337
69 70 187043612
45 6 501764391
87 43 646894146
95 23 455510582
33 8 564822524
85 13 546770181
20 93 310325341
64 66 278964029
17 100 893243320
51 19 246039540
59 3 584691375
95 22 780869166
98 22 279858357
36 46 173644848
27 43 381275988
40 65 861179673
15 11 638130269
70 68 492863014
44 6 50833405
70 22 116781152
97 18 955016100
16 93 365215038
91 46 341092067
74 34 278157991
54 14 824656753
100 2 741632919
92 9 414406720
72 93 660329723
69 71 563639139
87 38 469233379
9 75 817032919
73 74 155196123
64 57 226424059
78 15 773590317
15 45 567079316
86 79 111834135
16 82 815224916
40 19 551182825
47 41 453058081
48 61 371165728
98 72 633340195
71 57 26216222
58 18 611975149
68 96 363489847
73 84 533008959
73 56 126100513
10 65 729070029
92 40 925769298
42 19 907394006
42 25 424385909
59 75 79173577
91 94 919556780
98 4 329046560
21 45 453969720
68 35 582742919
13 56 55220435
49 100 232627829
1 20 630579724
40 75 712634243
9 19 558195614
4 3 908177475
74 18 552180031
9 67 140468070
11 62 226623993
60 52 139572979
14 23 619121798
21 35 592761689
71 80 487199942
8 96 17359152
25 56 307859040
99 5 172337306
95 59 594601119
76 100 994283741
72 7 194774032
28 59 29361551
49 19 64718634
38 86 473243040
55 53 393278921
12 65 203322550
64 62 134556034
55 78 588750760
69 94 118326935
44 22 776594063
94 34 188070370
9 18 130638366
43 18 828464088
8 78 852022507
80 7 598867085
42 46 918913345
84 36 728297958
68 62 391438274
98 14 468071466
38 72 51662035
32 23 583341600
73 85 878735122
98 66 721631566
36 63 386699864
39 14 168321900
27 53 69426845
91 71 303178691
69 59 557395423
44 19 272225746
32 36 52815001
87 75 551163858
71 46 506191950
85 18 711413854
47 35 74136146
43 75 155931333
20 77 761514766
83 34 190783242
89 6 932772877
70 88 894505152
40 67 14112312
4 35 334786640
40 50 3532569
30 13 226235097
37 5 993945649
55 28 197290886
42 45 721689436
2 60 921320360
23 93 185753495
1 52 700269177
46 59 60589059
19 34 740818618
53 93 953951254
1 85 785855062
19 11 133320136
28 9 215341889
69 43 844958791
50 61 906672170
33 100 318053562
78 45 323457499
85 39 929329473
21 70 768309765
84 39 224857456
25 7 922916964
75 93 297674833
38 48 495844130
65 97 705217511
35 78 799538879
42 49 38242090
96 26 127968009
27 75 725550993
73 3 572662735
12 85 822287135
10 63 413810268
90 44 47946512
74 88 959406761
89 100 299219470
88 60 838089096
78 20 89580288
57 51 38325827
59 19 101432574
92 25 207323289
74 78 14440797
1 68 538337074
60 26 461874421
72 37 235901034
19 26 31628697
70 41 937275151
40 82 534490766
21 94 490222760
17 76 824381440
93 61 442623764
73 75 768063444
59 39 170910688
10 84 613945525
30 14 599920235
12 77 26451674
91 67 955804849
10 6 870894732
38 19 517316029
100 14 994105288
8 6 166294973
55 19 13462697
8 57 547543060
91 69 805177883
40 48 326706656
59 23 567744793
46 93 416899303
1 7 98242677
39 77 346597987
91 35 683305249
46 53 539035919
46 86 919074787
71 70 942174393
85 80 367292704
73 6 88165675
47 94 505092863
85 44 486439436
55 25 888817333
90 55 860732876
99 44 253793510
54 85 269138997
47 72 723508694
4 93 178663845
70 3 608763790
83 8 96606615
65 25 225364956
36 48 759493558
45 7 645513946
17 64 862811357
48 34 841853826
99 74 262483603
58 38 143342727
7 61 490245369
88 44 361148385
59 56 417716134
57 7 200802788
89 71 5181420
33 79 784986861
47 77 652570403
73 43 239705622
100 66 425375395
27 59 910693439
12 22 276457946
98 80 599033280
58 37 392618356
83 27 740490092
95 91 172918903
81 67 127746256
1 36 993050383
100 50 488569687
32 34 728180951
62 93 371878561
76 70 273902532
69 3 774702172
79 34 325900207
94 67 230335431
73 91 426646966
36 88 475746135
59 86 727185422
54 86 288807528
80 5 327231434
12 9 36482774
42 97 492505448
94 44 717467370
99 16 826974286
60 93 109278006
39 52 52203637
49 86 717736279
70 43 553579925
10 3 984507284
22 23 731870181
37 7 47801605
49 82 971963103
12 57 977648434
89 20 187815795
42 18 20595488
82 79 204180969
13 82 28653658
84 34 951837723
46 79 90521620
57 14 245093163
55 45 621408314
92 26 366318340
14 26 152012465
3 39 720363083
32 72 756454343
92 20 399001435
29 2 847819691
73 99 435573440
74 49 495778515
92 23 819846891
95 100 165584459
27 78 629105571
96 62 380609609
99 96 575494544
91 27 186657810
76 30 423387416
8 15 782579113
54 98 31555588
47 74 518976106
64 14 877896457
57 63 449507906
54 62 325443379
84 35 544629305
88 2 557916127
29 65 986948111
10 43 468442574
85 56 718058113
54 34 193249916
99 63 659419967
69 23 939509319
87 77 846953208
33 4 927298673
72 77 822537325
33 34 887390312
8 50 877081674
12 74 519141603
74 56 167555680
95 64 340767846
96 72 502258065
33 41 628878587
81 35 675155893
10 90 492387580
100 35 26926938
99 88 436189740
30 32 441447346
65 67 637706082
6 93 171043521
51 7 672765160
99 9 662306751
8 70 931506567
17 83 475015846
33 96 560091959
32 15 449693931
58 62 473154779
73 53 217316354
29 53 492828251
36 94 275449370
78 5 978987098
89 28 5251301
44 18 233637593
30 39 276489930
29 57 829169673
16 45 667746744
95 17 113572592
45 52 218168814
9 97 528949978
87 9 61784674
54 94 455916422
19 5 305678783
16 39 569493017
37 79 951371903
66 67 292982011
20 66 3123730
47 23 506864502
29 34 529116667
7 5 759510816
87 19 71938052
65 77 674205093
70 48 864433823
36 23 607618692
12 86 480939757
99 86 186273512
41 14 702971772
59 52 382474182
32 22 39568821
70 5 57999013
43 45 691740594
8 75 136130523
16 22 263059705
86 56 218182301
92 30 427282934
64 48 509400184
84 71 390176581
76 64 277393195
17 45 446693443
76 61 542431088
91 83 183595072
64 53 225887798
22 20 104969416
78 56 113701787
24 66 561531705
77 60 634032810
54 49 406770171
92 81 49887596
79 23 773662942
87 74 370419225
9 27 819861291
75 7 136880951
33 97 785598519
87 31 687148785
78 11 179653194
32 7 133648425
69 51 736785334
90 52 652292151
3 18 898210815
16 70 950141182
7 39 215258946
4 61 545153744
1 55 607682026
42 15 723879335
72 20 893460086
92 17 211448642
16 41 996847132
27 66 186228839
33 11 974723876
90 2 978530854
90 40 484893646
84 12 924602081
10 94 120368253
17 72 222605329
81 52 720414284
11 79 551508912
38 11 375949583
87 15 190843728
22 67 159411901
40 44 524135745
83 51 660093161
72 56 119941739
53 5 187570813
56 39 576155825
93 67 326150047
29 94 331428852
89 85 326699877
2 61 316607655
38 88 207831495
55 13 457296818
9 37 304153132
72 75 563677644
69 80 383528069
33 69 514510737
22 75 801403180
71 44 61872329
53 14 757008701
69 22 379517228
59 18 589774241
92 43 708332584
91 97 826433740
55 68 240203753
3 41 618717160
31 72 79461282
30 49 817585451
39 23 871284302
31 50 953422102
18 79 246316045
84 97 339128079
94 97 756426025
55 46 766996650
95 94 528616670
2 14 681764329
16 65 531646086
31 97 744845140
25 34 781023491
76 21 316682720
74 22 667216471
40 63 789655011
42 81 281867837
17 37 816182945
71 49 410065026
2 19 256686808
99 79 444394645
94 35 65846718
24 61 378257583
72 13 484248225
69 40 904467414
11 48 755467419
54 96 461593179
2 80 560522605
38 79 834513298
97 22 272404971
33 7 787374174
80 66 589488787
58 64 539831304
29 14 567997464
83 23 676986724
71 19 842960393
25 6 605622122
98 38 546945894
69 57 785138461
33 70 879435931
90 68 144158908
36 13 199605104
14 52 179511448
15 66 615656400
42 65 907898956
57 48 722705660
83 45 638457594
49 13 875341045
43 3 730719896
32 63 292583439
31 38 365295275
29 15 3152127
18 56 614514557
16 26 399236711
5 67 428669578
89 18 446658595
3 48 556045768
43 41 732000052
32 3 201854839
24 22 666419963
74 46 449178599
68 3 819587694
100 39 281018018
63 45 419216851
3 45 304419995
92 2 874016204
29 71 626395293
37 46 390971280
43 59 484225432
76 6 821590744
16 79 481590550
91 55 253374734
73 46 610874690
31 8 698132383
47 49 935080312
32 75 927574259
43 62 623510762
74 53 347159257
8 41 726367256
36 51 812423628
100 86 618217280
22 66 908848531
21 63 532349260
65 93 335423651
40 80 567079319
33 44 666046019
83 7 802457610
51 39 427080746
3 60 78548290
54 83 584019713
91 42 581090708
99 67 345101247
11 23 24709331
55 8 529744696
83 60 286752700
29 32 86390685
42 87 73606890
36 39 416978271
24 93 744143228
98 19 38201526
71 37 548694382
99 32 835009264
63 19 196891805
47 86 572103539
28 25 80869938
1 88 128300388
43 25 767185720
32 35 316446950
89 40 333794989
33 92 594325586
84 66 677422652
96 11 931817520
32 26 59718888
80 77 674101802
87 26 650927284
42 5 479207402
17 22 493639636
42 29 516708978
98 48 526912589
16 21 788535963
41 79 616657971
35 59 810543477
51 15 100291297
91 31 18922207
33 90 635176008
55 80 877362347
33 80 1750785
49 96 210018449
87 96 688779734
30 15 156610855
73 7 319137419
71 63 91363160
43 5 889557051
98 34 140267485
38 7 626620753
33 53 983507656
97 45 244702507
88 18 71579003
44 14 481516282
91 9 277167108
92 53 873824622
73 36 864866773
29 22 363659352
54 44 296342430
33 17 7560766
40 61 12864396
10 49 714281347
90 71 334763151
73 97 480879061
94 46 937817277
91 59 938290279
13 67 573053693
63 44 461033225
37 34 457439757
70 34 221752014
9 82 96227722
29 18 752652957
33 16 163758780
66 48 186427999
88 100 277009886
90 32 667394562
49 2 581309948
73 96 618481433
53 79 498368565
95 39 587398917
31 23 980069409
84 18 441774860
57 25 44252180
37 77 742701491
8 44 683541724
70 13 546211732
96 3 427002663
55 21 721737858
54 60 336792663
19 41 900842082
21 19 824336862
55 20 139371439
21 56 277318742
97 41 760612074
38 6 55473249
83 30 64438310
87 32 219605897
50 7 930933033
98 75 567078121
12 14 460949346
16 11 414590126
57 59 267000607
12 49 757012275
92 86 696812528
31 65 667677844
63 14 729998207
86 18 325377968
83 18 922801098
58 52 29927113
52 5 591862839
91 47 957991605
4 41 629846985
88 94 415823462
21 100 508561509
17 68 6144039
76 65 124374097
29 6 587347093
90 65 475388020
54 11 74097531
30 34 965070426
84 79 330039563
98 94 30161039
74 21 86479483
62 7 250497772
90 21 815675507
55 81 57148691
31 39 328358847
63 61 350835501
85 5 618764339
69 75 733907686
73 67 820077973
67 48 920537226
92 18 573949983
1 70 508924851
63 59 646937848
81 38 908672861
17 52 649903903
70 15 240502981
87 44 703740978
10 37 581249699
49 59 502282348
57 66 640830558
63 94 122706040
96 13 214596819
13 59 567408512
91 12 957864285
13 53 278484240
65 78 321527061
22 79 5460207
24 97 398682305
31 34 811046188
83 3 318034471
73 88 291558594
33 83 532053997
73 78 392933027
40 3 618199128
90 45 242626518
71 43 203757544
22 80 620194009
12 82 595244629
98 15 651226477
2 67 896412959
49 44 649435526
58 100 714158629
52 67 16884099
63 3 594223078
89 51 277915170
82 5 780465469
3 66 174315736
33 24 607566979
98 9 683818846
21 25 78728656
4 34 32858436
49 22 898311497
53 7 808846409
63 37 99868715
35 5 796705518
73 14 759358187
72 26 724705743
89 94 327871106
68 45 559994666
98 62 920998056
68 41 233649666
9 43 412501195
40 41 779650354
99 93 774839958
47 19 913375735
9 86 966638618
87 65 562038137
35 72 392433206
84 51 116236033
73 94 100952092
94 26 556293481
90 41 435856387
99 53 985231016
2 93 3069753
31 99 466042505
54 43 153551718
91 61 364712200
73 87 948556616
98 56 594000695
95 46 720234155
24 52 430297987
81 62 203650569
12 93 100228058
51 23 170268566
40 57 328100449
29 38 803460239
55 98 638453827
71 86 199118407
69 81 250452882
84 4 63920690
91 5 2769107
91 52 906925468
65 50 531883990
89 81 238921835
89 49 777732418
54 84 33624075
43 53 53102192
83 65 441573396
74 15 428989520
28 88 992491786
87 76 432032545
55 24 167660657
96 80 992829879
50 62 783958627
94 61 547621883
27 35 465566895
69 48 748878230
9 65 398916904
6 62 169656326
43 19 477182142
73 32 823870768
45 23 720081649
47 44 151193672
35 86 176048562
69 19 298355037
98 32 834994810
63 86 965645323
99 72 211205559
16 61 162586404
16 35 261430193
33 19 168081110
43 37 161630950
16 62 406263916
43 93 853701568
15 52 732116150
91 18 330759480
37 78 360315679
28 77 474138453
17 2 723362378
98 79 743417980
10 47 99749030
60 23 867495577
32 100 265319700
81 27 781762599
90 98 861605519
83 79 162719254
64 63 143612640
54 47 328446106
10 66 513859995
53 77 231242730
13 52 679308940
35 67 487590976
12 80 986156233
43 56 238232923
31 78 346412638
97 66 219623872
42 1 807353950
33 27 649535038
16 96 465331827
4 45 106379544
44 86 269355552
90 74 438215435
52 23 965982980
16 48 931949327
9 88 454624348
38 52 326107465
13 41 902986929
95 93 735100948
59 93 235111949
16 32 850653787
73 39 114016744
46 5 460783067
84 64 556085876
46 34 899623164
76 69 868657080
32 6 755474852
92 27 878265971
90 85 228789492
91 48 461639768
64 80 59560135
42 75 632839558
60 61 481780468
30 62 82896629
87 52 260475726
31 24 934191769
38 22 374493443
8 46 195494736
42 30 201791897
62 52 105306358
63 80 322079083
13 86 997257783
73 64 168373736
92 1 972496285
95 21 783067988
36 61 723084661
99 81 87494466
76 26 690962127
84 28 695880151
11 5 588875471
50 26 876876740
40 21 306629707
4 80 904299679
54 13 87326992
24 40 702383584
65 68 97122256
30 20 815002254
36 11 965658268
30 36 294583374
80 61 156701669
30 57 31095403
74 71 892325942
58 3 898738057
55 79 919705002
64 61 286289867
84 53 167497663
1 94 102532518
47 38 768904550
6 34 509669941
24 44 104213447
95 13 82005492
37 19 72965904
38 61 824357571
49 70 250419715
49 36 595135910
21 7 315950902
1 69 252544455
98 85 994911652
50 59 861505707
69 13 907048466
45 60 654544589
24 2 20482418
47 59 602304954
10 19 421235273
33 82 784911592
65 82 766642087
58 47 782506591
45 62 170825226
16 19 549147418
57 67 925831956
91 15 722917335
15 7 212011697
8 47 519876066
96 50 178594018
92 5 812395859
15 56 625920128
31 85 33688250
82 48 34575941
44 50 782998990
76 15 753610544
7 66 934740346
94 85 990261610
98 59 961934287
69 41 374146461
9 66 241397047
3 7 832428626
35 56 719516263
51 6 956412685
51 34 594413020
43 15 104608767
54 5 122033274
13 23 882648309
64 4 3323100
29 55 600538007
91 80 787085986
65 13 246849288
27 100 800223240
55 74 126240070
24 77 576529604
74 62 272834470
73 42 747777649
96 93 74091066
12 41 643014177
8 30 258953241
16 94 677553407
100 79 401049312
45 39 15168471
76 57 764667931
1 58 67531264
29 7 653524683
31 79 134678687
91 86 285764900
32 80 879558901
38 53 279007777
80 14 363326622
78 79 354115500
9 53 166628454
89 50 293432270
18 53 633464732
68 7 411965806
94 50 835061030
89 9 833368735
87 29 54544490
54 76 355030744
74 48 11854662
84 70 65793209
55 51 907394965
37 6 548627843
33 91 731180590
49 6 612290475
6 61 502344107
24 62 557910073
89 13 441119682
88 39 805581371
85 78 792694758
1 99 567895756
55 94 375152659
31 45 432508437
13 6 433703105
70 75 87890465
27 48 424985211
15 53 766123966
89 54 738086777
99 45 264154268
49 62 739934524
98 78 436341831
4 71 227852332
38 35 908473285
7 77 154336399
87 23 659541620
47 43 909520717
4 7 291619391
87 63 131467093
94 6 477157640
99 52 645786959
75 20 153109668
87 12 348884269
31 16 68032898
10 64 893438175
13 25 91474864
38 77 400946181
84 6 295981709
54 15 510873299
69 14 718507810
42 31 863713599
35 97 420421694
57 18 863468082
4 68 149198296
33 22 856980343
68 56 80706701
22 56 185561191
58 63 430808668
83 14 797136913
89 63 154458126
24 49 985087530
32 51 83506731
30 66 892418893
36 82 999166910
65 56 449568243
80 79 767532237
12 26 213457642
96 18 200078717
74 68 510307701
73 61 94598126
72 48 512324977
13 14 664657667
13 78 511396362
65 57 93273706
31 12 344068148
70 61 635695942
26 67 803164151
47 96 663481521
1 81 672740510
76 56 506165235
87 11 902574921
90 54 864422930
29 72 589839229
97 67 780275763
28 4 953883273
54 8 159320313
57 85 655258683
86 53 201733526
69 46 32828792
88 11 519504174
80 34 887815435
85 72 418334241
98 88 36457749
63 66 279091495
12 30 168783959
50 5 24833813
37 59 832518082
91 38 469493301
71 59 517229847
35 93 533474058
21 39 745301827
56 48 293249414
64 18 886341193
25 93 420356473
20 34 705643491
16 80 450897711
95 66 446772030
54 32 915427007
10 26 932084284
32 41 798221487
9 50 217660503
95 20 784582364
16 14 689987109
88 15 6178137
65 85 1164114
31 67 616185292
42 14 617630895
32 5 490696462
77 48 176386420
10 22 933900931
28 70 648144707
74 3 145494287
37 82 929795301
65 35 46634445
2 39 278010702
72 62 249694863
50 93 935609524
89 16 632178475
71 62 792435970
13 15 516905372
86 7 93208931
21 85 822873472
53 48 373153259
94 48 410983525
55 35 145821946
47 18 898745990
92 16 833401153
80 78 257021515
37 50 200049204
10 82 483981369
55 52 304799065
24 96 431026358
64 21 29661447
76 49 674677140
7 67 77121659
95 28 271722133
98 13 777887922
70 51 119943599
68 5 865913165
71 20 871518062
95 45 368214535
54 58 678472532
84 32 935931979
71 93 843077003
99 61 829593904
36 86 944094856
91 16 262653930
43 23 827025502
74 66 347418399
87 100 688560521
27 80 863495370
100 72 604724722
27 23 188125154
47 32 576324689
31 55 250816005
87 86 400979618
87 41 124046701
1 45 867414156
42 64 103520360
88 52 907192364
29 28 157762247
55 66 708771013
16 69 470856473
60 48 422043404
62 77 531750361
30 74 582168411
72 15 16536951
84 40 300316933
30 88 497724229
98 28 298987197
54 67 924066416
63 100 279598454
42 59 918773074
52 93 405228245
3 11 328979230
51 48 508019059
40 36 203069284
83 61 907640984
43 46 112882720
12 47 445058334
88 67 530263438
73 21 245876667
31 75 958787690
71 67 814728091
59 14 241340644
94 59 429579005
54 56 27908707
99 46 23591060
90 57 860929156
84 88 357860365
46 66 440102307
82 86 355877877
71 39 806704885
17 12 295077774
98 25 183436532
58 14 243235076
27 52 21585351
63 68 664740902
55 64 81660477
42 27 50143437
35 77 523922158
92 82 44185873
91 10 869216841
59 34 841085452
49 50 590287733
5 48 372034688
54 35 199592582
65 86 87000793
32 37 36494683
45 48 582774677
83 20 694564076
60 66 369956381
28 81 24686416
16 50 985871744
76 81 167038148
55 97 112189287
64 85 578596563
37 48 524921419
15 18 427139651
58 8 313103394
57 37 288117332
17 41 463609177
58 55 383006776
1 27 795398246
17 7 224913162
63 13 769636808
73 11 145454621
89 27 462595539
43 94 362610888
68 25 261868358
36 52 475109490
9 34 525381543
72 86 373596557
83 46 516638768
76 36 423649562
17 65 443217622
8 48 196455357
49 41 783662995
74 32 526665713
15 20 187283713
95 96 534446713
95 79 889755303
91 49 189323299
36 20 115335553
68 93 780114614
99 83 88593331
89 58 386116963
42 96 148864835
95 2 298479124
36 68 563867937
35 20 73668017
8 2 977865347
57 44 340537089
47 78 59966697
45 14 774155448
79 93 846725613
80 60 678859504
91 40 282290411
80 56 359378369
24 38 533729439
87 48 98728680
71 68 717111098
55 37 190412974
14 77 540451076
63 56 671474506
28 67 648079425
74 64 183870135
58 4 266782646
89 7 966198657
69 56 361364640
76 63 325071135
53 60 310204276
78 14 222428436
42 58 102778722
37 22 434958004
31 64 890196017
91 44 843837708
83 74 491254007
88 19 970801357
28 79 783603763
10 87 309403329
22 93 213286774
46 67 868349719
51 37 63058232
78 26 957477956
10 1 869275599
55 22 42288677
24 21 945911768
12 62 471945444
91 17 382909000
17 31 191631909
69 25 515042684
10 99 898738781
42 93 751052140
64 35 499744388
88 86 727164618
85 50 351044653
28 62 673800802
21 46 120150982
84 41 804154054
91 87 757047948
83 94 102468843
47 3 645573468
7 60 411316161
29 45 190211722
11 53 159940872
29 96 622381839
75 79 402702501
58 94 756571171
32 77 470630812
68 66 12539442
66 5 102063456
92 100 389010147
47 67 876235645
86 61 885013020
94 2 632324496
80 41 258803967
17 25 819261279
59 11 268408441
88 22 843666472
83 9 346982203
53 26 810796263
51 11 403581736
40 88 624089177
63 75 567789183
3 56 894261434
8 12 211936478
84 52 609226054
88 50 838622762
71 60 67879404
89 92 202109409
10 12 454464921
94 72 946158388
89 60 854382679
90 14 267238440
10 76 919532215
62 60 516225325
51 77 412345989
59 41 371046831
24 72 595463748
84 68 358793533
29 67 218439170
2 11 191930919
42 98 591008344
43 51 644270850
86 62 815565964
73 16 272622944
55 15 572901068
78 23 775645981
69 53 767203747
42 53 11008349
49 43 831693910
17 8 743376968
82 20 196734723
90 69 632361126
22 45 110074821
84 85 449487526
85 6 900491724
8 52 789633105
12 79 435058044
83 68 899191779
33 56 59453372
92 19 812141760
4 20 738459886
64 32 570508116
16 86 379233506
57 100 795547124
49 85 331135845
99 85 511986567
87 47 703486579
86 48 725279269
70 26 435683595
87 34 823921805
64 36 852946098
96 34 696032143
95 43 316089084
43 52 196579390
73 86 30215183
95 27 950768790
12 28 54801198
63 6 415749385
68 37 468030171
16 78 976723962
80 45 135697258
99 26 744788989
29 70 531480757
33 59 688691559
27 3 397116908
99 58 515408706
9 2 129376949
8 79 802657222
63 35 281154821
37 39 737902328
83 62 746247695
17 62 941646003
89 59 811843339
21 34 800410026
20 53 764953619
73 15 193329884
19 78 368102515
41 61 247469470
85 75 793989085
85 59 391502179
76 44 799480040
58 22 484811382
76 96 231563135
87 64 758538725
74 25 161477380
1 16 612204569
16 18 108500817
16 97 3081686
2 3 872355583
76 43 325319901
88 68 554326831
91 50 891076379
19 67 770279501
49 25 859966889
1 66 705517464
92 35 167563253
89 67 73996424
42 86 29221228
46 11 254978848
1 93 369708505
55 77 720196718
10 51 38967637
4 2 647610524
19 79 729365514
72 50 181442810
16 85 833261797
1 83 315156460
100 85 801091008
95 62 717120044
95 89 86435205
91 22 35723136
64 96 50062195
40 56 618431197
31 35 854310359
21 59 214134433
17 58 818543072
92 98 626342193
97 6 132613642
44 52 429494024
11 56 114987612
12 24 682099272
51 18 123232455
38 2 215018933
99 27 505998788
51 75 535467804
32 94 319348257
47 53 326690021
96 45 959451750
57 82 53728089
40 15 451599585
4 66 772828908
51 41 526571501
95 31 151203600
32 52 738499509
21 60 652050993
64 68 382193244
29 43 637226021
54 55 433705934
25 45 331497177
22 7 454129784
21 43 942534021
51 20 345083171
63 5 838031776
94 79 218828400
65 6 686552929
12 96 342902598
28 66 72781545
45 77 163585879
63 48 710270845
31 86 212664739
99 28 342895613
89 32 864967376
65 11 471273890
54 93 916384588
58 85 668943778
64 93 552719331
17 4 402179820
91 82 506458644
88 43 770960267
89 87 361991298
9 22 448176455
9 4 671955351
43 11 546714906
55 56 83896809
65 44 707979506
71 41 577252778
58 93 316123748
21 78 49797301
24 56 148823022
12 32 465296849
43 6 906751422
16 2 983331751
81 97 906009775
90 38 434633332
30 4 708512550
76 38 91655007
55 36 469534606
91 88 255451493
18 66 641784027
87 60 161814472
90 9 853563481
70 100 167995252
78 7 56013038
24 94 322971189
95 48 50333989
36 35 910040230
31 2 815985898
87 25 753406417
24 4 189485061
10 75 53298617
89 90 842716274
35 3 987198770
24 20 430585255
81 7 244830346
95 32 2042921
57 50 692729966
30 96 662140633
84 5 981994538
36 26 310194573
8 37 937709575
1 82 197568267
74 52 375588015
81 72 872882095
84 2 345222903
72 60 835414529
84 31 449137440
68 72 169545604
70 79 534274484
1 76 965488921
80 26 676300148
50 45 613587337
69 77 503482954
89 36 106681877
58 68 4800001
27 94 217894345
24 45 139805608
72 67 587829588
84 21 843715795
62 61 698467679
47 13 873572646
18 60 68048457
74 94 222894369
65 46 781906427
10 52 707185015
32 48 993835626
33 2 453571530
15 23 838942107
1 47 901918920
99 21 182880570
40 62 352141273
87 39 797995561
37 25 33726150
92 80 256273464
73 19 499031347
4 96 778029167
42 13 604046807
33 49 444687560
10 4 610919036
89 33 602589776
32 45 715954018
57 15 660946490
90 5 521373415
37 86 978140548
47 93 180319038
38 100 42134617
24 88 469286406
30 2 895509715
50 75 110792907
24 81 997571119
16 34 598737482
31 32 328289987
29 50 568853177
9 49 952353281
1 98 456025989
42 66 502947722
98 24 140631628
81 65 289684785
71 78 422634385
89 26 307441674
17 70 445653610
16 3 451514992
27 86 825903002
57 2 227624054
80 48 368293739
8 51 778333019
83 26 762257071
38 59 230621991
4 77 870543850
9 72 641661734
54 64 478412769
70 62 895441092
65 60 917001767
79 5 518636936
91 4 143838168
73 93 228912708
81 77 319667295
28 13 632898696
21 37 5517040
4 78 545611666
73 57 134837327
49 7 978790866
12 59 503462113
21 44 774921953
10 17 884332849
40 20 13565334
66 34 257775046
94 14 105534915
1 12 96853353
54 39 825901865
81 70 512911577
58 78 347303709
19 25 864995871
24 82 452491319
87 68 413921011
76 19 499198912
57 93 89803810
96 41 732801501
57 41 891751481
85 3 235691370
25 48 432437678
12 97 238370320
87 45 290813167
40 11 490799431
10 45 419346030
96 5 393327849
69 21 761794596
31 69 565515685
57 61 320721768
76 85 1699943
87 7 821354008
75 18 675184508
54 45 696398104
92 88 263360663
71 35 986676603
49 35 157964660
28 43 228721170
47 30 125252330
71 22 732650729
81 34 793702615
17 18 761480619
43 77 735109538
76 3 760735419
1 2 265581483
17 44 441858978
3 20 952269498
4 70 615726908
100 34 194465059
57 6 756667151
87 72 478325545
94 66 227721450
30 64 674125935
40 28 202530758
17 38 964808712
98 44 996161658
81 15 396218527
28 78 200950259
10 61 549762491
55 40 457022448
44 62 747512328
71 94 260479861
43 39 830951705
38 85 244351490
16 88 903966349
21 82 673796077
84 62 318042529
4 85 633470161
54 40 291855492
29 79 729197341
42 2 796553619
65 32 318399328
99 15 589942906
59 66 372916569
45 20 177688642
1 23 268943244
83 19 889141831
98 67 624081792
17 3 121590172
30 85 689671597
47 81 501466737
62 23 135304654
81 3 908227689
89 98 696656036
57 78 737239325
47 36 986512555
40 93 718632657
28 68 531566254
50 78 134927456
98 6 148991125
89 39 435784637
73 38 674742922
96 44 685563602
81 85 625179825
64 25 814008883
85 25 55544583
76 40 761505447
58 7 218918053
16 30 698105729
56 66 679825386
4 26 511295343
63 78 799184976
8 38 57119059
89 5 603568170
99 41 961530188
9 26 768987796
33 10 541110026
33 75 153396763
97 78 188496540
94 39 723103203
55 67 478681339
2 45 304732819
26 93 452047034
35 6 836314241
37 52 183986363
28 75 806372028
47 6 61057459
33 5 707288969
38 60 959605119
13 79 476449803
1 67 697547371
22 62 18990470
33 85 309391012
41 48 846649455
97 52 388517038
10 42 349867976
88 41 116118416
32 13 855885881
12 48 172328819
38 3 911348510
57 70 187757344
59 7 431510705
40 81 198751114
85 26 281408601
1 75 891132935
22 34 388521732
89 76 873348443
92 63 940599875
42 82 450961616
76 80 153358445
16 77 12765266
19 3 664577985
27 13 243497650
98 93 693334259
51 59 550150040
11 77 247495621
100 60 681739437
88 46 372351351
88 80 687675083
80 11 942568271
1 56 346134901
84 3 716446129
92 93 522218613
91 39 600192067
29 88 263355648
19 23 783856167
87 85 317781982
10 18 350568360
73 100 782009336
65 27 891770878
68 80 722131164
47 11 162527832
87 66 944555570
33 25 825728136
99 100 385450371
84 38 334464930
84 8 317315042
19 7 318172429
8 36 990545442
42 36 109987554
93 48 365675520
94 23 44990330
23 48 774660187
38 51 685358204
35 25 442852909
6 66 813857305
65 51 827371114
29 78 858362795
98 39 48760725
21 93 235343234
13 7 516921111
12 13 271995028
63 7 901717798
81 74 854363603
32 82 491717590
84 16 920389945
92 42 609775363
90 81 935719761
57 79 90899807
95 76 619217807
24 47 158486309
73 92 859692646
83 70 216425800
1 48 286939592
13 66 986108823
12 67 149700461
98 86 185150601
24 53 186018241
15 75 662196683
25 60 816815775
97 5 618808118
20 62 23760484
45 79 540479675
67 61 433786234
85 82 37350395
38 14 70629467
70 19 251020640
32 2 146815274
76 97 14756460
19 56 523870018
100 48 104697512
57 23 443422847
76 72 829469680
88 61 936949667
89 77 750869931
79 61 39858276
41 18 221401188
90 100 498290256
35 7 740317332
28 97 113515120
82 41 950330173
46 6 590133072
84 99 353261324
70 11 364610295
95 87 904904387
9 21 438523955
73 95 51881266
99 97 176666237
26 5 469315482
83 49 803345500
6 26 460765359
94 60 73288631
24 74 978693376
55 85 665994181
65 62 934948548
10 59 840818064
76 16 4072
70 78 748085482
95 98 724817151
95 36 253620865
83 41 573101883
44 93 178901228
42 39 467075931
89 68 605051635
86 6 897158024
6 77 715605717
43 61 687365769
57 94 724889753
59 15 336723587
47 7 345912668
8 60 80037170
30 93 884310532
11 75 917222247
1 65 138734025
29 62 659335578
28 82 683240454
100 22 168755848
29 20 596563297
88 75 216715289
69 20 421827272
65 63 236592
17 85 5061992
83 24 971491305
64 38 346500364
21 38 74927744
42 16 721368990
59 45 228395655
10 71 363269945
27 39 289428278
8 71 169703283
15 5 106269764
10 27 479978089
17 71 939869974
95 38 421718900
33 42 935663034
72 6 708903071
95 74 241157963
90 3 753075199
30 45 173253583
58 44 758262192
31 68 863057032
17 61 299087476
62 48 350225875
84 78 413161512
33 40 104699246
22 60 528833392
29 19 225768167
76 83 64234254
49 37 422217624
29 40 527825262
28 7 397421891
90 36 415377452
9 59 939911847
91 100 400027172
18 62 626587524
65 21 49720989
80 6 888340844
70 82 644733301
98 41 638050337
6 18 36079280
75 48 818149697
95 72 64690550
32 44 829581173
73 25 324534708
47 28 45582930
8 65 989955683
43 97 742614919
92 59 655989973
27 63 201398320
71 75 807730140
100 6 638791074
100 25 987954005
10 77 858481922
95 82 831507478
74 7 407769473
8 40 614865862
63 46 847240581
47 15 662626160
97 79 550971320
19 6 834103387
84 11 35049288
49 79 21771903
73 98 987952514
75 61 412185801
86 23 571866771
85 34 113234019
84 56 541737149
17 98 980693037
89 99 981260323
95 84 858906693
27 68 29851694
79 52 364852378
57 13 549645296
26 66 538692131
30 75 305728710
22 52 633581876
99 11 155066685
99 59 132476668
22 18 320851081
33 60 979674835
43 60 517952640
91 54 42612663
50 22 558042764
4 15 52167579
91 57 427055798
81 50 516776416
54 70 964195834
90 20 131729370
85 79 587755784
28 34 139800020
95 77 688488352
9 70 998487180
47 45 270826110
90 51 925680101
33 57 525121048
64 77 958778605
95 75 636058184
100 41 654571298
90 22 295913952
84 59 255164845
64 51 335712316
17 67 623108581
100 13 772262396
75 39 830335166
87 82 678041434
17 86 565465153
47 63 45563904
51 86 379675532
33 77 122740953
70 66 607435165
28 21 143919289
40 74 758864041
11 18 852751136
46 19 712373594
49 56 562351142
42 24 288154248
45 67 280176011
4 32 207566277
58 74 662965543
42 61 479946558
72 59 804110122
46 15 790281733
83 72 895962505
69 79 958685672
51 52 345065895
83 15 10983798
42 41 137026418
30 19 829155646
9 56 650948539
46 52 969459546
58 72 836380229
89 62 936947456
27 5 824232614
9 71 491427357
4 59 272457070
98 51 389152620
76 78 7727964
30 60 446919670
8 20 275472138
57 46 826413660
24 5 153323445
83 32 852173313
33 14 210479616
40 26 608384524
47 60 418678772
50 13 739905693
87 18 594097458
8 64 198728971
12 46 800967030
12 88 123947711
33 15 603758325
59 25 986261653
54 53 65268201
19 66 261312116
40 64 353116030
59 26 638351826
70 14 373298983
19 45 840779407
73 50 629570987
50 25 826208086
64 56 20536974
91 93 80790650
81 80 709350733
15 26 205589505
95 68 258712865
68 82 154344918
9 15 510182683
87 13 614737313
33 65 281813030
92 49 912129345
84 37 330635235
74 13 606344348
26 61 865990203
25 67 26041611
97 86 949135874
38 50 178628596
27 26 226337895
24 50 140320363
24 11 22315936
41 60 911147970
12 19 49932795
47 20 465141797
10 24 135432133
3 25 255026310
35 48 330423243
33 66 967027607
58 20 701602740
88 13 473343758
90 63 140943604
38 78 527293913
17 46 498088038
81 60 894925544
21 61 766443831
89 75 345104924
17 47 315385710
28 80 360838717
55 48 869718940
76 37 898921937
58 53 145782781
97 59 231014722
30 68 104328083
40 14 570520885
52 34 280698750
100 59 258454429
65 80 680502538
92 41 485757220
63 72 531699325
1 38 149371722
21 86 821754595
33 30 614679891
1 49 792933185
74 41 800048290
47 62 886265131
27 19 382007953
36 79 12103668
10 28 572217597
69 6 282507158
21 49 363651498
100 3 792860007
37 13 445450407
28 44 859622848
96 61 906123072
49 15 153647080
9 78 342578209
71 77 228061974
27 88 782262695
97 23 239758524
94 19 829142600
64 39 569836257
55 86 43942414
22 41 4869587
47 61 110740919
4 60 171682856
1 21 168124031
92 69 848416209
80 62 944396518
41 26 370341168
91 30 865045700
40 23 619342986
42 26 782997569
71 48 929443317
29 31 70252634
90 79 414796200
10 56 349361620
5 34 28462588
2 25 49845892
99 13 941956722
69 9 277835152
70 45 182200721
22 86 758239622
16 59 201507678
45 11 671158350
12 44 317590600
17 1 35779147
44 2 311767177
87 8 829869734
10 70 92031636
35 14 336990681
89 45 987987921
54 75 958214981
29 39 417460657
73 65 301061191
47 39 330842373
24 14 256146005
92 83 868070575
58 96 391035622
1 3 361725104
64 5 976880116
73 33 773025456
60 67 406850285
81 26 880033881
88 5 919785100
56 23 202122898
89 4 96188913
36 19 363178727
21 22 363570601
98 35 154060958
4 79 23655311
75 23 83919799
100 45 500941006
24 48 663330289
17 14 766621973
13 19 45591514
99 38 22826270
72 45 476419804
65 38 730178555
82 53 887859069
10 81 150909883
2 6 784587552
4 100 794082461
44 26 414116304
38 45 226807966
10 58 119196924
1 6 627053525
81 37 871633029
81 2 688998075
42 69 312620841
87 80 796801927
99 98 552761560
10 36 252680662
91 96 498165787
92 34 601764731
82 11 851808950
95 71 882246623
71 45 656216761
58 66 394288841
40 68 596955780
20 23 276985201
12 2 192457633
27 20 416179357
16 20 192785424
8 62 383877505
36 66 469209834
12 70 983305840
58 67 747115591
49 52 426495309
20 5 123274907
71 97 478971161
69 86 984574863
83 36 168078381
21 6 21106164
91 66 681763014
99 36 798235984
21 68 647116833
90 49 349314591
9 14 690952171
38 63 630010078
54 100 948788944
57 60 868980877
9 52 669007043
94 45 782195217
6 52 960930616
1 13 510620314
50 48 846586796
94 7 27862178
71 51 366451758
40 38 754984173
51 67 637449325
15 62 665985230
32 59 853545902
33 84 960685692
64 46 521178645
44 75 21758259
29 47 388646306
95 25 127969957
24 67 560965429
83 2 325252888
63 25 548461947
33 54 649685049
86 77 436464526
91 98 582268975
33 21 690436799
4 53 820118152
27 82 577119437
35 75 625069519
29 52 613713418
100 97 881228549
10 85 108648722
31 5 401642852
91 84 3961967
17 81 385961563
88 6 941584813
9 7 60915784
69 100 819185478
84 48 508766513
31 100 66590160
29 16 859900351
100 78 142872329
95 12 475799990
40 39 965741219
83 12 168014762
99 2 712201697
95 63 143222495
49 61 78472855
27 21 56807980
98 100 726715522
87 55 164907453
30 61 377936821
98 37 966341197
17 24 72068428
27 46 157350549
10 88 750086577
84 74 557866039
4 6 533910589
99 78 78969707
42 50 323197350
54 41 866973831
51 50 972987220
69 37 369530124
86 26 993409110
70 23 46374795
90 75 512431550
28 5 476297127
99 47 532345354
58 39 39804459
83 97 292274585
49 88 145441891
35 96 74334573
50 20 46376849
19 62 915332556
74 80 614755489
90 77 958282231
38 43 412584880
15 39 167860406
8 21 534903506
81 79 909325398
41 77 88875932
26 48 116910011
49 72 254560150
10 48 225256568
40 72 826360275
95 92 690864276
30 43 122653789
54 72 399892427
63 97 461993476
83 6 362535875
69 64 871140811
41 53 471586439
28 57 82321151
55 49 335857599
21 41 86446137
90 67 796734632
49 3 548202882
95 11 543700591
38 82 866667729
99 7 298571722
49 26 543924723
51 25 916723894
91 76 938492395
58 34 366089980
22 6 251150916
13 5 744704954
42 88 450944946
69 8 625962825
54 77 832182032
94 11 730583706
16 43 724781405
30 27 355089039
89 42 862770878
8 7 419626400
91 25 724611547
65 23 240824135
10 55 989708059
43 86 475537390
86 34 278258678
92 47 209412151
33 9 110937239
92 44 186752310
49 68 38362284
76 62 725155575
79 60 827410112
95 44 215393475
53 56 655494336
95 10 672596688
55 59 701054169
25 78 594624006
45 34 540129099
42 23 415235108
8 93 386195237
65 14 40054361
69 85 924900573
12 94 817293708
64 49 237314916
37 3 648640629
63 96 154719925
27 77 436199334
100 23 871192720
92 96 886151853
30 22 47350720
73 2 379168535
29 60 510157492
28 53 761388709
16 5 810919813
54 82 236356790
83 16 98793134
37 62 834795738
55 23 886250113
58 61 841506535
92 32 213466739
65 3 578172145
28 37 495109025
22 26 656464675
31 11 182793962
65 5 66706614
10 67 864595792
68 23 655936314
3 5 60869869
96 77 407401614
77 34 853411579
33 71 907557692
98 7 485202479
40 97 5905686
59 2 807410760
10 38 944386471
74 5 753138770
32 56 21007169
9 85 819081091
95 33 535926003
47 34 179768248
58 83 696763145
29 69 326844596
90 61 634060172
42 85 241020007
99 94 169713150
1 59 67446994
31 14 945330565
87 78 816835080
74 93 892004669
55 100 585327010
83 50 186731722
52 26 931831520
17 77 921340375
81 82 222007193
86 60 153983337
7 26 318673342
37 66 737984800
91 78 30722212
75 34 910048248
36 2 316772361
30 77 170094225
77 52 279553533
92 52 692920336
92 62 2408059
1 86 9130261
92 72 102869504
47 51 403505733
40 35 486401255
92 67 767114700
63 77 855382430
21 52 508845883
85 22 765656993
43 79 880437523
74 2 610399348
42 63 598645092
40 43 777423790
29 46 39256945
1 15 206409444
84 63 20042073
71 23 231549969
29 99 748954536
34 61 661890800
91 60 206266352
87 83 189201410
73 59 440176921
55 16 313945829
44 25 962279900
32 20 21112050
99 39 321205617
11 6 971206340
1 29 141121859
29 25 630180578
63 15 431555498
44 80 702724283
70 50 128111042
90 8 909827891
16 68 848987802
65 66 889404470
64 75 508285811
31 19 965341956
44 79 468316066
55 5 856705431
75 66 20161403
31 40 299825600
2 86 628830146
24 6 678836226
73 60 568433412
91 51 453297280
97 3 986436983
70 52 535537243
68 77 335777827
74 26 719994693
16 23 119311982
33 48 94062218
87 16 531189087
81 30 130818624
17 20 901545997
96 39 700267179
91 45 295521460
90 76 321401462
65 2 120551819
38 57 587960865
94 5 174378620
75 60 495006514
50 39 126912487
28 48 748386406
95 42 569080036
62 5 447910755
90 80 300008227
29 13 874348371
8 34 414761663
29 11 983243997
57 53 283693140
12 68 447440690
54 50 368245927
94 62 472454871
65 37 606063217
42 94 191737935
88 82 506288835
41 34 271037935
38 70 526897645
97 82 830606607
4 25 950716009
96 48 529263010
35 82 494397690
78 77 843742952
33 3 846827843
51 79 361336604
37 15 698892824
68 11 627133956
71 88 354688989
17 84 104455474
1 44 19048094
15 6 602091726
74 65 317557228
19 18 718619567
83 64 861112635
89 2 291850521
69 47 984802455
65 94 101312000
89 43 68297850
73 27 40949643
92 4 124790371
73 37 582580193
9 100 725208636
20 48 303338778
24 36 738709244
41 93 452110752
36 18 67730400
92 50 984815403
7 48 475276767
74 100 403982394
88 93 663010745
13 77 326924990
84 98 938252796
51 56 611555434
46 48 767353544
10 5 331289881
29 8 763116179
98 5 45744470
89 52 358476636
62 26 249706028
95 57 325546629
37 41 259944672
91 90 563985617
13 48 372097617
90 53 875262663
71 27 148541679
46 7 52218570
98 21 37508272
4 51 854673816
9 96 365450626
35 37 529207874
29 37 412881156
14 93 353459159
85 23 280886473
18 26 312181783
65 100 864737667
28 63 984285029
58 43 749662783
92 12 366210383
64 70 275969081
95 83 274064235
89 56 247569849
63 79 26097220
27 72 399360567
41 39 27497275
49 23 517943571
12 52 39017230
69 68 579759542
4 21 484927079
1 40 600482841
6 53 663115226
70 60 403900454
1 41 20609529
13 60 139947732
70 53 550646756
9 5 480219272
89 48 597876606
81 53 179901456
39 93 528093324
74 45 516726769
98 96 367871632
16 56 177120873
33 37 440092538
10 35 449808934
92 36 121384662
18 61 622642496
27 44 814242127
10 79 389835319
54 28 172025093
21 2 739915683
92 94 457447270
17 40 592155076
46 20 756587647
55 3 666207059
82 56 899204650
27 97 101575800
28 50 658357498
76 20 552499556
95 86 140160614
28 96 283482074
33 43 920183738
58 2 867314417
1 9 685779754
12 71 540608635
24 19 506871830
63 67 736509249
55 47 976028392
19 39 916695756
76 32 626095724
29 54 613511248
47 100 383989294
2 77 78170441
53 34 109440921
58 21 53363643
29 26 794602268
80 20 874829889
76 27 509585431
13 2 965589162
73 8 437794915
31 74 702430836
17 57 95673987
63 85 778027648
95 90 951889630
54 24 746327
82 61 730751166
83 53 909229484
15 60 173662757
1 100 366894078
89 82 210345754
28 56 924606874
85 14 930174906
57 34 34451584
84 27 81218399
31 96 43729880
28 85 960805312
97 61 383981267
98 60 677705297
97 48 886977110
54 88 730452467
8 28 323541141
47 57 173988754
18 67 207110575
17 97 898348558
90 99 220806584
95 78 805645420
19 48 318991712
8 23 525613628
71 7 787259612
62 39 21524043
18 48 312514348
78 34 365515081
78 67 511550620
58 75 39634025
71 82 298217762
25 77 978956109
64 37 44320105
31 49 86468481
32 18 365300488
31 4 991860961
87 94 942440143
47 85 918442280
46 39 68360436
81 75 807805032
76 74 658948778
92 11 273388755
96 97 132894462
72 14 517421871
71 3 881979052
90 70 929994770
99 64 840164251
15 77 351792648
41 62 152120840
37 93 830248713
30 79 300569952
36 100 324964333
92 60 194348401
57 20 340059743
85 48 39077576
51 85 902774696
90 62 277812740
74 39 357397280
74 79 671749468
33 50 314478419
13 80 183796665
31 22 184218071
98 65 59686081
95 29 137946828
93 5 208922090
43 34 593194313
73 28 908969182
84 9 695958774
97 25 690938635
89 19 395732396
38 26 451154843
33 20 653315173
2 18 670554623
89 17 962019585
81 41 257104155
29 41 707145607
43 80 550758725
83 67 394350136
50 53 941710875
28 94 490669665
38 13 256135516
37 14 775522514
31 37 418625494
12 3 607853832
83 75 526378487
8 53 976659895
45 26 881708557
29 100 456830523
42 74 718482862
76 98 379472603
43 50 191831561
7 23 894573321
90 13 624297959
16 12 248647960
65 45 147953180
72 52 833278544
32 67 506955752
68 53 784414502
84 43 160700122
68 100 362261148
58 79 899221964
44 7 556334871
33 78 474648990
16 100 812651387
4 27 540687786
83 22 586798855
45 53 976163539
10 9 240280682
20 60 969236554
12 50 930659002
17 13 52205879
76 88 560548087
92 66 938749863
28 46 904493112
97 13 560771316
17 53 871300316
38 46 620274931
1 96 636606822
18 93 485585074
33 18 996652690
33 47 525494992
83 25 169466201
89 46 819753530
65 70 45467328
56 5 894679253
95 81 247535671
81 51 667664937
64 67 537024420
55 93 330652462
88 35 468088093
11 52 92121481
21 88 233616895
73 24 474380750
15 79 613202135
42 7 42347836
58 77 229033048
54 78 811487220
71 61 844752368
38 37 199506249
74 97 60579180
58 70 920814496
11 34 314077170
55 12 997433470
2 79 512107806
28 61 451368631
33 67 242693823
90 4 508887782
89 41 174853823
31 71 807092970
10 57 1496221
29 21 930095994
28 45 371896109
64 44 545690203
39 5 277021373
38 94 57247209
54 38 239985984
76 8 257820379
55 61 299402632
16 60 997618793
90 39 763714084
91 75 460450884
30 65 649969662
1 62 344852717
43 100 162450585
35 60 719947061
75 77 932964719
89 80 991319199
31 44 820275372
53 61 373741859
100 52 809038463
88 66 785411634
92 74 10881334
54 12 753553547
45 61 546311463
80 52 383213440
24 18 742350203
89 72 300016683
16 49 991053310
29 84 244878294
22 61 693251629
72 44 813085586
50 66 853321344
44 13 999340247
92 28 555116678
100 26 455903456
76 82 871357706
58 5 27097136
89 10 342025587
3 78 220611832
10 16 788214877
87 93 822217797
42 79 708729436
33 98 473669013
78 75 746767189
74 50 580532850
54 22 375624847
4 63 967689130
42 70 141651217
91 24 203797196
33 93 759256435
97 80 437986562
76 11 965633636
65 72 358998667
33 28 55135066
44 37 666483175
40 70 426900762
17 50 169102270
51 14 132872547
82 75 588693628
9 51 548204929
36 45 43269876
87 24 130773677
96 56 836437463
38 18 435793058
60 5 585543579
54 68 715232335
32 93 82149455
31 56 929195591
36 80 933218006
