100 4949 37
23 46 74 106 133 140 168 239 254 268 286 293 311 373 454 479 502 546 586 599 613 646 718 737 749 835 859 869 875 880 893 935 972 26581 61959 68884 78415 83679 106386 110186 146007 260223 314245 414825 418076 493806 512198 535320 538452 564035 581628 597124 628218 723483 727037 734427 782673 837268 865585 870872 876805 906291 907731 932529 969174 980323 7112770 53686251 62105730 69190696 84731281 85134030 87803639 90504358 113317339 178091674 201749567 259086902 292136249 330246905 348356153 370877154 488667905 518391435 545651467 555448919 582323861 659979316 699179522 712196239 720914515 744336171 805961262 909074359 921324392 939643707 969189316 990559364 995572635
36 58 915198386
20 9 651578808
95 65 541270016
83 73 232030533
73 97 400244883
71 58 757886183
26 82 892490290
93 71 142339175
55 93 684851410
24 8 190145156
7 65 22079699
34 75 916247744
81 78 563187543
80 79 666965803
20 63 599646342
3 63 163867224
83 21 676963528
62 31 276713639
34 78 927381500
21 71 558717513
96 48 68282356
81 26 443503362
16 85 349669671
88 66 183909560
39 59 206210209
29 58 807640765
13 78 971479858
22 17 528334421
57 86 32303772
14 77 487472540
48 44 5963502
39 83 594427427
25 31 767039804
77 21 593989645
83 72 75198185
13 79 949233330
69 71 866792855
98 100 550192578
74 2 754709038
91 56 430416645
95 68 513529817
81 100 324062391
14 20 29340146
81 46 849374285
8 80 695084333
11 47 541546819
83 11 73953295
49 35 794847819
97 17 117429681
93 75 516642568
69 73 937817753
89 100 578440200
73 70 732102601
42 97 955531303
74 32 82230209
42 47 855123034
74 25 522497368
52 73 895967882
77 31 979353983
37 62 826161470
55 44 864265931
14 44 393630639
6 64 603451026
51 4 939003473
90 75 733464038
97 75 414173998
84 15 323631858
30 68 210575712
25 44 555738801
12 82 405706300
87 38 759256572
57 71 48397103
62 22 941387
74 70 916879568
80 4 685770133
52 41 394304825
53 56 277357058
80 54 688758740
57 90 780435228
73 23 871333898
52 100 19395825
8 85 134331625
74 3 626003216
3 35 662468758
91 43 900690137
8 53 671102102
61 4 794911907
39 72 266248365
59 15 314290611
52 89 160925042
20 38 797290912
69 63 629977414
97 66 902051520
5 10 644401188
94 50 309231677
24 81 990737539
26 38 194163989
21 63 426124282
76 19 544160422
18 85 88073022
85 46 924503677
41 47 635817706
1 15 740523849
87 75 570800400
39 4 649387118
30 46 565632891
3 7 598158283
29 45 929494177
16 49 437274917
33 51 942623852
25 19 737681873
46 82 831685523
33 93 373789111
96 60 505976403
13 99 747645259
22 78 418103440
67 100 32301390
50 99 313591785
88 9 538757147
1 93 962597073
48 41 912181691
30 4 417147662
13 55 472277046
39 56 238594534
49 86 822316399
39 22 325018804
77 82 200474192
49 53 403628128
32 60 880175198
25 98 966437653
14 5 92270120
46 90 123317060
87 10 50843991
84 92 475868048
13 20 903632101
41 65 747600205
5 31 766350208
94 23 674449403
82 68 381519532
87 2 335165139
96 15 16003762
61 27 571068528
93 40 112330961
14 9 193754007
24 40 67252813
18 63 938240704
57 28 190337892
98 51 879956334
83 98 746256070
68 70 603674538
36 72 365172896
46 56 697642442
91 58 791494642
84 47 974048845
37 24 358707253
42 5 526505743
46 51 58017971
88 5 380874093
81 45 343637199
6 10 836539837
6 76 891097767
43 64 152257290
33 23 948527044
2 17 863429061
88 52 716288169
97 70 260523797
12 70 420991680
76 30 779992987
74 97 107442464
69 76 244020093
30 99 523871527
32 38 170301073
14 75 133479625
54 50 362621225
42 29 108754133
88 2 489411176
77 73 835253837
36 48 313899246
42 55 70926149
16 28 718246099
57 68 349898013
33 67 754643499
16 15 721061377
59 93 517494468
18 19 448405357
43 50 961885960
5 78 632991571
24 14 659450379
65 99 360614843
36 95 648959506
8 55 263456085
79 56 209807905
31 63 57552137
60 63 966501742
89 66 34636000
32 85 115348167
55 72 924305855
74 77 309974078
88 7 882581817
54 17 887231011
96 77 84727975
25 50 84600084
88 98 94581297
41 86 55373967
83 92 611038031
80 45 525140236
57 45 183650893
5 47 15685917
20 44 90055582
91 18 251657556
27 59 205214827
93 68 251136714
28 78 585089962
25 47 453918622
12 86 428141672
91 83 193358645
21 47 694044677
84 27 691671055
24 28 134589707
27 53 710834339
71 92 848587377
98 78 361436165
20 82 111315661
93 47 204339714
12 35 366034976
39 7 801745533
83 48 57068222
48 70 328963233
83 19 274755086
42 28 59481100
84 43 326068935
32 55 729834352
39 100 139335315
76 72 741640936
81 52 787481061
34 53 933167782
37 82 184866544
27 64 994466495
11 98 395021708
37 15 160537899
84 62 655699065
57 13 361034420
32 2 331273847
10 51 947003409
20 23 654676389
27 17 226842835
52 65 17822347
40 19 590952627
16 87 481927041
6 14 32314580
3 98 472555725
33 43 282797457
98 56 378037697
27 56 222518384
52 82 154356528
97 68 707884427
84 81 942881826
79 46 87238618
37 40 630721316
43 53 908417644
24 34 854438291
1 70 250090691
1 72 134352161
65 23 567514874
77 71 904557105
62 10 138622607
6 41 33009399
5 41 549438926
55 43 466622461
47 28 739182117
79 47 95915116
24 25 174862488
74 94 714855729
50 68 598399513
18 99 403367792
74 83 119948947
42 69 501134959
35 50 428946822
96 71 12975474
3 33 751753663
61 45 354934703
42 30 548200280
55 45 493482233
57 19 688907188
69 11 838194440
37 48 891779214
61 69 116098563
98 94 761194442
9 70 291809624
33 17 855266567
11 21 704759568
30 53 625975723
48 63 802697833
49 13 85648204
11 68 807259812
24 35 740109282
31 72 820964466
69 98 873805731
77 49 305683475
27 54 632040249
37 92 39624805
24 59 494276770
87 46 570460589
3 67 861686087
61 84 634413801
1 4 734323680
37 75 773921256
13 73 860758139
87 63 684315194
16 78 444326187
76 70 344139796
32 90 248245282
37 77 75936663
92 17 570208441
42 60 684796646
97 72 323255035
12 56 555535598
62 86 744678085
69 34 940462529
69 52 968984682
25 73 75082514
35 93 292800106
84 88 663957987
55 52 832292430
3 78 768973043
51 7 764142295
48 4 6510716
89 86 65152380
82 99 237100845
43 20 172083383
96 99 789600521
8 100 586534383
36 46 655360562
32 33 109647007
24 4 760126791
90 100 792894540
30 28 84711906
14 30 534349270
49 59 949010074
15 64 985088521
13 35 312582012
37 64 926210617
7 53 570355833
36 99 359679880
74 36 357762296
47 7 43864079
24 32 374991518
96 47 383823135
69 58 812613034
51 22 159503783
27 49 657403589
76 36 850988292
94 44 510382069
57 22 627684281
9 99 693676358
19 22 245003431
35 73 925584649
54 92 267329666
49 21 791070432
18 53 35307006
42 65 693420343
61 81 258778354
72 75 581353360
14 17 171215015
37 19 437326980
15 7 532335163
38 64 297390606
3 83 94437816
83 2 694128647
33 7 604004555
96 50 41941624
60 38 92726164
14 81 700143024
40 72 663491749
85 50 692826287
48 25 577087528
20 4 547237061
37 11 481008241
79 100 248235264
37 51 615674747
69 17 797036545
3 72 893753195
49 44 788838884
52 47 611438125
81 93 281579392
64 82 920361726
87 65 563677396
48 28 272859102
91 99 695310615
29 94 463621482
52 21 165750572
31 65 472751543
6 72 520270787
88 54 580500351
27 43 581081288
13 65 539692807
93 19 204069655
85 82 232266991
27 4 568576252
77 87 886354773
98 41 92869999
62 56 352491766
30 75 956526016
88 36 987016290
73 72 79595717
5 21 590374341
12 23 29192886
8 47 664585257
60 54 820872741
14 45 176343262
57 66 818727728
33 70 520292121
86 75 621026497
31 82 706990711
63 72 179180928
96 82 215878316
74 64 84255193
18 5 291456932
45 100 156635913
89 7 55410963
32 30 55380200
93 22 204965827
43 7 361447300
24 77 10443501
93 70 143482790
85 90 723394466
25 17 951075356
60 73 183904995
39 58 169248739
5 19 434876375
33 30 32232077
69 97 115731752
91 54 254884229
61 46 207485844
14 72 93448342
42 66 930184339
5 4 4125828
1 10 582469234
91 80 716793468
8 45 445908028
98 71 126073448
18 55 878366730
31 34 358363231
79 67 16646257
43 86 789800750
69 22 743086329
33 64 200223618
36 25 209094225
39 92 191457119
26 34 629607067
88 19 472913276
69 75 544804829
47 58 502725508
91 44 70832205
57 48 734900940
96 13 357226460
97 58 485028644
85 68 425792427
77 19 615223322
80 10 68817494
88 83 918892671
11 71 185124021
87 11 324908797
45 31 568605243
84 3 883540385
38 100 197120114
88 56 206826608
74 41 349568134
60 100 270530024
55 28 69913511
16 90 777389925
51 50 966180629
39 2 532031980
84 60 244929379
16 54 636950959
31 99 940069317
77 22 282516349
69 94 595026154
93 21 877535548
20 21 441612844
60 34 726750897
77 46 411975259
8 72 880922994
27 97 776622851
13 100 282942625
49 95 644726994
30 45 793379474
11 89 790932966
73 22 558788217
16 25 678653545
21 10 877757370
42 34 65211014
38 4 947213811
5 92 56649679
13 68 58256590
52 23 336522025
81 28 357092304
29 51 653225942
93 66 349225660
33 34 839621325
61 64 62811429
46 44 550202308
79 9 975791925
46 98 819563937
8 3 751603928
10 23 880752039
84 83 663089049
48 50 871038998
77 100 791042756
10 17 671579294
14 94 120138188
37 13 171284313
77 88 591639419
8 43 769628394
13 59 318967454
69 30 188715117
49 25 554687667
91 36 592397673
56 17 610203380
26 47 751107259
21 70 985702740
51 95 677370526
81 29 894643071
87 100 882213845
8 30 696540999
73 50 910796888
42 64 646600159
91 90 612493746
27 93 415470771
42 96 700548451
39 98 725206013
45 92 385100399
36 15 367282950
43 2 267693782
18 57 712728763
18 9 840976094
8 29 365575896
89 35 796007250
76 53 549485279
88 71 249521805
5 59 735744440
68 28 593291364
79 76 518367661
60 30 775134698
10 28 729489524
30 95 364862625
14 34 792939330
44 75 830545017
93 64 189902971
96 73 119557232
16 94 814311004
18 92 534936198
16 47 794505247
69 95 194292558
91 52 376836358
14 13 653260738
32 89 786009093
62 47 485487835
61 59 471934035
29 46 999306743
42 93 357673875
32 77 304195555
47 44 267916743
58 72 476847648
60 68 850290360
60 90 463577323
80 64 470710300
38 21 416699418
69 89 799542165
60 7 789244964
20 25 955052072
93 86 271061606
20 70 369098100
83 93 149589287
57 41 72343146
6 71 282240758
12 90 621618524
5 71 940088365
64 68 190812759
91 59 171279382
34 22 151268741
39 75 69403842
33 10 940803835
100 56 527411987
20 19 293409894
14 7 323372732
91 96 331360123
38 92 384036238
35 90 679220109
73 19 623108009
54 28 255978665
55 19 588651880
77 55 307632122
11 25 870570292
61 96 548630313
69 65 586248705
1 94 45995969
18 68 174004544
54 70 679919622
72 70 946101348
73 63 879662672
61 98 880971598
29 33 950809739
2 7 586798452
30 56 441492465
80 60 615013114
60 10 457425065
12 20 316371598
93 100 434255529
83 89 25988919
9 78 540541352
13 30 650733618
26 19 324563077
12 54 589853002
18 86 55699871
6 97 444697418
48 93 190299525
42 50 392220158
74 68 834319010
52 31 315165471
45 22 69580452
45 7 354614021
37 85 352471064
87 51 743647226
52 28 141669059
12 79 116201535
71 10 907541858
36 17 515384684
67 47 112026893
62 78 26923190
26 64 486908689
3 45 31025764
94 19 658610525
55 38 441517235
18 20 785079991
38 73 672980737
14 65 701841832
31 68 147246732
69 20 573694580
91 6 833914664
77 93 78836373
48 34 102498982
84 50 746318105
84 49 188021770
80 90 343620856
39 5 538779944
1 97 278060996
8 68 990264418
16 48 7445934
38 98 290862232
60 67 14319340
6 47 578890666
8 90 926666524
79 23 948882307
15 9 872296732
71 100 732985592
32 18 653978064
32 67 341197126
87 1 272517391
46 66 52842142
56 78 1067633
1 58 708379508
32 4 416907324
12 5 512302086
1 34 390183749
24 56 789461267
85 59 118910413
96 36 661629584
92 9 319251963
5 53 632810400
49 2 39091288
27 99 131513294
31 100 771548518
62 100 308439673
32 73 697114167
98 75 548985565
49 54 604748830
14 43 465927366
98 72 332080250
30 38 649645038
86 56 976989208
67 28 3710265
69 68 386574032
2 38 670981877
49 38 427114796
96 23 618023012
2 53 153901842
14 23 67766857
96 72 133565628
43 59 167060110
1 100 999687996
5 90 241083861
13 75 810647544
27 57 779336275
37 63 427764650
69 86 273976350
83 97 317242870
80 38 28185511
74 23 322634747
47 56 588816098
77 97 681524795
29 63 412897177
5 23 636583487
61 51 376748502
36 23 987217533
77 65 797851067
50 9 149222761
36 41 882732311
77 85 930424165
37 4 360816859
16 62 61885820
45 65 698013687
48 56 132133570
46 48 9948259
46 23 809911896
59 17 771769939
46 20 743745862
81 90 435419049
6 19 6944957
59 89 557957755
45 86 652368833
37 86 910750755
16 20 299640019
91 5 946263839
24 36 676429337
91 15 437576150
14 47 883930510
18 64 449900251
84 18 93123020
42 10 995182601
27 63 683123134
33 48 173403217
21 68 515786070
18 27 659588210
57 55 310805318
32 25 424684125
87 36 421698136
85 35 450739054
91 77 420738972
55 95 260584145
32 78 268081648
6 96 75890604
13 50 332923918
12 19 24887243
55 20 367307030
96 56 949017863
89 78 263366151
14 55 290419518
62 26 661148766
98 9 186783265
96 87 130787239
18 40 296215337
24 91 108534779
38 63 7869449
40 51 202773630
16 66 259564921
36 65 526250668
15 71 138391235
20 53 97072902
12 80 360630421
32 86 736780011
8 60 739551301
42 32 44936191
2 75 500449869
95 75 852511759
92 28 418792556
3 66 909722389
1 65 294340725
11 7 740229970
89 65 940234654
65 22 811729814
64 75 929951683
96 66 509875662
74 18 149953707
57 73 647369471
8 2 510568322
79 86 856436350
25 58 429558865
88 95 610153238
88 93 822721454
11 19 593825455
13 94 76533232
62 88 307257697
69 15 33802713
66 10 1609933
96 9 272918152
20 75 828241937
42 4 339865664
50 75 955723795
82 50 170480781
13 93 708317576
56 28 203760036
30 23 472193188
15 72 590399490
87 99 647613100
12 85 744196090
84 78 64426407
91 19 28927132
2 45 904307565
30 21 994225298
59 65 973246148
77 23 11439109
98 95 540730167
16 29 628728887
14 89 482655289
85 41 645851189
47 68 943202707
6 68 14768014
27 22 609426590
27 45 836110774
24 87 194667461
74 19 665615052
96 100 914896571
49 23 475186503
39 20 697115413
16 64 48991839
74 69 890737634
60 25 891594392
24 18 45513787
46 72 502712640
30 41 396874881
27 55 563592724
59 4 336559226
49 85 696507484
44 9 152621402
3 81 620784209
4 78 573570892
69 77 402248922
88 85 639905443
41 72 329202587
37 95 767422617
85 15 439110209
57 2 152440168
33 19 279632548
24 85 74918829
77 1 685441010
74 17 84295068
19 4 375877120
6 70 849433640
81 76 66019249
11 50 439968857
89 34 198165041
18 100 440395997
26 77 658443859
24 15 501512474
42 56 528633355
86 70 484570211
14 29 211163623
55 59 23980251
20 51 52682629
32 80 599510018
20 56 848822487
11 78 436736871
42 81 251707881
3 10 160495920
20 94 685740539
76 35 647342036
62 68 309834492
19 51 903140583
60 47 940100218
6 35 618509079
36 89 878253593
13 54 285483076
51 28 68272191
76 85 37030111
91 76 959700721
61 6 252752345
16 44 195270159
36 2 618114454
1 40 967438613
84 90 595743373
29 59 432288973
68 23 953621653
66 9 704723428
34 19 972411620
14 96 600307706
55 54 253010210
12 75 943288302
81 41 322326514
30 66 436831638
25 97 771480562
33 75 487567527
44 65 253843559
14 64 832112853
50 72 511059711
8 48 452484829
49 50 794776374
88 44 140948946
94 64 818867993
3 1 5359253
24 51 202184636
96 59 674398706
89 44 741602209
68 17 424439947
6 38 35336708
8 92 730667620
73 9 778835140
83 22 667453443
50 100 119167664
61 35 845585605
27 34 617067824
90 54 691668987
73 71 776023798
96 46 250174209
18 28 325149177
14 1 738783060
27 82 261365067
79 71 417813818
32 79 643324367
84 59 511264054
4 72 874191227
93 34 199666422
20 50 226966097
49 98 243881891
34 51 706063084
48 66 16356000
39 13 569866399
62 63 31437119
66 94 828740953
39 48 551375874
88 64 282229152
60 64 390822961
34 70 198849927
87 9 463174428
79 94 869369378
62 19 676092122
29 75 540014410
26 48 423373235
11 54 667483913
29 2 421892935
26 79 715855708
51 82 70899371
4 53 255922578
40 44 642373324
61 36 767712023
6 17 71215634
93 54 541259960
14 22 277659813
3 21 93496236
18 65 556392382
3 73 801754427
79 63 710558736
57 99 433901665
24 86 127378905
67 65 400160786
24 75 936913573
14 63 928121797
64 58 868989831
6 36 332714982
36 59 577080166
36 73 474362794
46 73 881086289
77 38 649669135
81 56 677846819
73 65 668711749
59 73 898105854
77 13 557873858
91 4 75512266
21 41 547883242
55 23 93619594
88 97 713517194
93 72 334889525
61 19 586543175
88 35 765964894
6 11 145618435
33 46 877088867
6 44 651691774
41 94 103943304
57 75 86802214
45 73 478917697
5 100 177616827
96 65 719858174
13 63 74677327
73 40 451592646
81 70 856755987
35 22 281977165
37 61 491129158
96 95 623598546
18 71 714025636
73 10 408545203
87 71 673714350
89 97 786491008
91 70 955582021
55 89 509056291
9 56 352979338
84 70 775737639
70 23 120453498
14 67 221503480
4 92 47450107
32 36 15314376
91 17 501650293
91 57 552087556
35 67 28684458
18 56 317839086
57 9 238278429
34 92 183245376
63 75 124192829
61 88 220042026
7 28 149951839
32 97 943399002
17 23 447544897
45 98 247207194
29 48 593070250
77 41 935757150
13 52 649214850
88 50 338791753
71 66 806836206
69 19 750003495
77 47 188571108
87 72 380816107
66 92 453282264
80 99 118533473
34 65 88136220
36 31 710817142
96 52 916001684
26 45 943673040
73 21 112454402
27 15 342340968
73 64 247556495
21 58 30698592
83 58 526063443
59 99 839732736
81 35 457128255
86 78 631640277
59 98 973612239
40 34 119268586
77 57 532110906
94 4 335600084
28 17 508915934
18 54 820764648
14 69 972847678
57 17 200905971
39 62 306338082
5 46 486742948
25 40 234796364
42 83 796394452
33 25 547009762
87 53 527123985
16 12 622200444
87 34 608813589
32 34 669484568
39 89 159276542
52 70 352541066
90 40 531758454
16 31 558118558
64 65 237676812
47 4 243139181
56 23 130205969
38 56 116929502
18 45 708783153
85 34 403447717
74 55 633933747
80 92 528609327
96 88 501951662
11 9 769649843
46 31 718591631
61 40 99379036
3 96 642458912
24 31 417310554
21 67 888658747
24 57 500685782
35 97 344358461
39 94 755288201
60 76 260870112
32 40 715727044
83 7 975676387
60 92 954011097
29 52 109334402
42 58 989959132
45 47 786161590
60 99 511065516
42 33 81550567
84 68 839189029
96 21 270162338
74 44 356140267
17 58 926209055
97 95 806059189
72 78 125641093
77 5 76427598
76 46 946667366
83 78 977479906
89 25 123660872
7 17 733682125
46 22 24353335
43 93 441493212
15 70 108764881
84 28 980444192
61 10 615791847
80 21 261887774
37 35 672843918
91 71 349132665
85 52 406763153
98 17 467247548
81 83 115502430
76 64 417132395
6 46 927200333
38 41 760963890
9 22 442711104
77 28 233354272
99 70 976003051
90 28 597978973
34 94 738982446
29 49 130965716
32 58 34959484
61 95 393401835
27 52 814069793
61 29 339968247
52 34 478723110
12 83 315085839
13 67 530130305
59 10 692435783
38 93 36816127
57 70 357445795
37 68 979479118
77 59 756792004
79 73 176867315
90 22 425796035
69 57 269056634
86 22 635864016
83 65 812551881
30 70 34724982
8 36 979200497
61 17 533560971
67 19 573640595
43 95 983449969
8 21 450286279
41 28 904548318
12 28 252273231
93 92 960050173
32 62 69036903
31 4 117702167
71 7 477241063
55 47 887333463
46 75 213736575
16 34 458491360
96 17 558198139
35 53 50975597
89 99 369020995
24 50 172862988
19 65 381593479
59 67 410573425
96 68 658827881
87 40 272633888
91 31 155264687
79 78 96426376
94 99 562116666
18 75 492056153
21 44 830250059
68 75 439582976
36 5 583855320
66 75 34967786
12 26 627068585
5 54 277259338
82 75 849227325
48 58 69144724
59 75 776120303
84 85 655332382
18 88 639182976
58 70 162486302
20 54 175445342
97 78 47461543
18 72 263661230
100 58 109442809
42 19 781893681
77 2 669775276
2 100 558834730
81 25 522021218
67 56 853147387
27 44 415996933
42 53 150152923
33 68 529670119
6 22 759415850
61 3 834806572
51 58 807837990
84 13 178550317
80 46 420763751
37 10 479158543
45 54 818664082
39 43 114055003
85 95 259073159
96 11 307352556
29 78 946077322
41 92 751895102
84 66 124902725
94 68 564094025
3 49 513507522
37 43 793271527
91 51 381775354
15 78 563035600
71 64 87761471
80 57 648571636
84 65 95401040
3 57 483743011
94 10 312641139
41 22 538086835
57 49 470233231
61 94 282498189
30 35 434403221
91 13 442032430
9 72 935128589
39 87 843704519
49 20 500619561
60 15 729598123
100 78 106027260
49 45 253280845
96 44 684730677
32 98 540613620
33 56 886872589
91 2 248489997
55 67 735182242
89 48 903706571
8 64 964162184
25 65 592985801
90 82 820707849
57 93 454131256
16 59 786817086
29 76 312149151
76 90 249375002
43 19 319002205
9 75 479406325
2 46 55137168
76 7 872312344
79 85 405815071
11 4 174538497
14 99 886332265
18 95 804515712
24 97 255430577
25 68 687703631
5 45 256197824
71 19 802455431
33 85 256043248
44 7 785973240
69 56 31546598
44 50 608488510
3 2 149069392
93 78 576922166
62 57 575062212
13 95 497736424
30 65 960512533
79 2 102558493
20 7 287182329
24 38 128579629
91 47 947146156
25 54 363930359
69 4 937755447
12 94 53609548
14 59 578431736
55 82 255329466
8 88 687766743
1 98 201021254
12 95 855018634
12 15 590793779
82 22 388047460
100 23 142126514
32 83 888554186
69 43 14274805
19 9 380759576
67 22 483495760
51 75 155685756
96 76 750321205
16 55 897434471
85 53 322335402
12 71 478529470
24 89 754501129
87 31 405889623
66 7 83328865
45 70 685787504
84 76 821294622
49 1 880057605
30 90 428541612
49 28 946432818
29 99 79712163
61 9 249479893
52 45 447629182
10 47 980763666
88 28 643961461
6 25 455670150
1 64 277233706
71 50 151307565
30 10 76872496
84 14 264581305
61 55 521207279
61 57 905797458
11 56 158760696
55 40 541169991
6 29 600895593
42 15 718294675
73 75 459908133
19 47 781148879
39 45 725435888
8 22 512575599
89 45 459995019
98 70 922831356
6 53 821564607
42 77 185867215
84 5 59360851
30 89 132147134
6 93 821236354
33 90 224752660
80 30 778938521
20 34 940147368
73 68 991348178
42 48 954632870
85 19 739002531
39 19 138536613
1 17 201848398
33 87 773012764
57 97 483291454
81 48 844528774
79 11 978614599
61 22 867021036
19 44 335016593
41 70 307403379
3 38 243025844
76 21 231692583
6 15 301728756
8 13 130521597
76 68 948995380
96 43 998974018
60 35 428342866
60 97 522611322
60 20 528751702
3 60 970108789
74 56 583206198
84 67 434374631
62 46 526430522
76 92 96155079
69 66 359039031
88 41 345214574
43 89 261357794
18 21 369770346
43 17 632783383
37 29 710590996
20 22 152728103
32 26 832073799
36 38 231196704
85 67 330307791
3 99 491726483
18 52 681786135
4 70 557232715
59 41 786165346
69 51 482065642
31 54 61248903
24 9 852458325
26 44 540361360
79 33 17094592
41 95 501491859
43 56 605586765
14 50 977519812
37 42 934102458
40 28 740679441
42 84 433190025
13 25 181542997
27 60 693434698
5 48 40443510
44 28 70042270
89 54 336563319
60 19 735601087
36 47 925034701
84 72 963292038
59 20 965297759
29 40 504813225
35 86 724272130
62 11 571322238
29 95 97329286
81 97 502635989
10 50 150978532
90 53 273577142
31 28 510226995
40 7 757329567
16 70 847430216
18 46 737618720
26 40 448072252
39 57 244941598
27 100 921542282
35 58 540648186
54 68 369898555
77 30 354956810
18 59 372488864
57 72 602254938
30 98 563231182
45 53 929857519
43 58 221177267
48 38 600671985
91 9 99249104
21 23 705828202
60 5 805072963
49 67 572447454
21 64 266618812
16 41 231040454
41 4 577844755
1 5 939561205
19 56 166036471
13 7 996407935
94 51 684431040
82 78 732979793
74 63 455326236
39 16 478003334
13 89 16471588
67 78 250121994
63 9 410256128
6 28 454628461
1 78 64137412
85 94 885743566
62 97 503531008
24 30 227857723
20 17 994678811
90 15 188028695
5 2 610343280
59 25 345211374
8 1 401544657
32 13 261182499
54 65 237499323
80 73 180595495
11 17 395049098
28 58 324639148
7 95 903187882
52 99 359180682
15 31 380542432
85 66 342775226
96 94 423260138
69 45 439680867
12 93 925206299
42 67 139210842
100 68 99650195
89 28 614782250
39 25 499524765
79 17 384642846
15 17 71574410
84 22 662474120
95 78 584512563
15 65 698023992
55 75 474074764
81 59 832584913
41 100 170842154
54 47 641805282
49 10 974649421
6 43 298634306
92 58 618467532
62 20 554338748
46 41 796341414
94 17 756493240
40 82 988238235
90 56 953628445
47 82 280979105
37 71 306491832
96 7 245772469
83 54 800189690
34 10 282714445
4 9 87793189
33 60 264022899
61 32 120063353
33 73 489358386
35 63 383003934
51 44 488330304
50 56 644938581
46 78 646377962
35 65 324736570
14 86 154524487
60 71 592219300
31 23 331216853
12 21 326887110
91 10 231581747
98 66 610764075
61 73 972663080
7 82 431173089
69 81 858080975
76 100 723277869
11 30 433766241
68 99 846540110
83 33 441812952
91 29 76489507
39 79 406206824
61 18 759761280
42 52 188257732
29 5 830823242
81 68 758444649
26 75 314633496
5 99 875428054
91 46 201239167
7 92 934568976
46 86 431364874
34 68 103815508
76 65 377460506
13 90 754705148
77 11 168017919
96 53 790936611
41 99 428922141
12 51 636341943
48 98 971839121
1 63 987775275
33 76 630260928
98 68 666363824
18 25 547245722
36 10 396209655
3 65 654938612
47 63 575436232
77 76 531710049
18 87 678005031
27 94 438498651
59 51 463406960
21 34 254386389
12 29 797203089
52 40 709474260
34 99 605817353
2 9 630886409
74 48 326331066
80 23 42279110
94 95 539112583
12 65 606462626
49 68 798998176
29 92 49980206
38 90 49418820
28 23 359390032
16 93 293385995
19 23 194920490
57 31 591539648
27 25 675283591
59 48 195061913
1 52 628829160
1 56 533031086
38 31 551923687
32 27 305616491
42 88 134631611
33 97 878834573
32 47 273063993
45 9 987073218
62 13 405325043
16 60 428946001
87 73 709930418
3 43 837727593
37 17 307407088
27 29 737433615
37 32 618211082
55 60 152742557
36 22 290738429
90 41 194200002
37 78 576115767
39 28 364288616
11 2 783963894
25 75 786925948
52 93 793685261
81 2 893905005
22 56 892809640
32 48 329191311
61 77 740310228
31 71 384401358
48 82 814640385
45 95 99429016
60 22 195423312
91 3 614793388
12 55 207782140
32 75 677778813
99 17 161360400
18 97 989376551
25 63 908256960
79 4 249745100
37 84 650437479
59 97 56381972
29 97 896691016
88 1 442129215
90 4 224679871
29 54 248760575
29 79 874272147
39 97 229425836
8 73 494694565
81 82 366392483
2 67 740506797
63 100 354085451
36 21 706766658
3 47 570067000
87 21 645430262
87 68 378378193
64 92 339517550
37 38 577189823
52 71 692928731
88 40 996030928
91 94 900211419
87 15 472698035
42 73 888598326
33 86 965949167
47 92 642347683
25 78 230692437
96 51 42608246
55 15 975795828
55 5 93912505
29 56 29370891
83 94 696907078
69 48 716755970
66 70 170750420
88 13 323417279
93 15 662769590
61 67 997137423
26 55 282232263
42 23 165291182
85 70 472569201
89 21 772360322
52 44 440423522
81 43 734321118
5 67 653674644
27 41 327545464
80 66 912145834
12 33 44220668
26 5 876603659
13 4 261631211
3 82 754972915
69 82 587496969
25 82 413953542
8 51 21840420
39 53 500657150
21 28 384738324
81 95 424256776
96 38 16398643
18 13 207582562
66 41 949631535
33 98 308833764
77 72 915327885
12 36 508023824
54 86 445598570
87 25 701319008
29 35 417608989
76 43 342499639
30 78 989908766
16 96 668936502
43 22 21791117
29 13 40706601
55 36 108251967
98 7 925588473
60 36 550935835
76 28 404795096
84 48 76301737
85 89 552054636
37 59 422350296
29 85 562450719
81 17 792449202
16 97 836431360
13 31 512512933
90 58 903678195
46 34 309753280
33 40 519490173
81 7 80251212
91 69 171541113
52 10 514578919
12 45 81585379
60 65 794216234
89 95 572084129
73 4 218901106
8 31 117391221
54 53 535132112
6 30 225145569
7 75 68094738
84 10 925737974
93 4 613630443
88 73 886506235
87 93 176885186
71 63 781112473
74 60 427903191
60 72 653951482
53 58 95254533
66 50 346476916
60 46 611711455
28 75 868555981
16 18 266385006
62 95 279307171
57 21 175315457
42 63 518109042
93 65 493461303
93 23 487909293
37 52 553401976
64 28 750032897
60 66 693548461
96 97 678686203
80 76 144703155
43 23 660860843
8 15 248971830
29 9 519138794
29 83 194113593
61 43 68081576
86 44 350119861
24 73 770574832
87 17 74789367
87 54 937551284
36 90 563192656
29 43 779574545
61 97 676477951
26 87 431767435
27 13 66776123
15 44 426302594
27 85 729833763
52 4 857515067
49 31 679330644
27 36 747210857
85 7 919579398
3 75 35213249
32 11 293429824
87 48 765454715
62 89 583817585
42 51 490831049
96 26 90564075
39 68 99459368
2 82 105638229
36 82 426715737
89 47 879347122
97 100 672941200
61 49 557965492
8 99 74466633
96 54 437043379
91 25 756158615
85 86 276751293
91 82 524704416
11 48 690824721
14 80 192496893
18 90 243705938
6 40 891810290
63 28 962920186
11 90 51375973
14 4 392316814
37 20 217980461
13 44 123423337
29 50 676126248
26 94 355346513
40 31 845539260
57 25 24378852
59 7 502865339
88 78 682859488
83 55 90818941
16 51 942873191
67 72 448042827
59 70 144891253
25 99 799579259
48 68 607845936
80 71 889087339
25 56 600190714
92 56 946125774
20 65 637352633
74 88 9538381
1 95 141119150
18 15 528857293
83 51 246810062
92 70 675944683
62 15 142010600
42 61 558582256
16 81 796428156
95 92 887810048
79 21 385780096
13 28 21239488
35 56 733377931
49 11 656360554
6 55 28796121
74 28 621589089
62 41 552122440
97 23 449190706
100 22 507232239
10 67 683170880
64 100 673602577
80 88 883789703
55 70 95228588
81 64 36738026
76 95 666736374
38 68 695377601
91 11 718698781
55 65 966242024
3 17 361856179
32 96 978394312
32 20 392215650
96 85 669621095
29 87 170537157
97 41 845094866
67 7 122877850
90 63 323398694
89 64 4637108
47 70 519866991
6 66 414230600
60 82 961588591
61 99 145999537
27 65 579736032
8 69 881982304
96 35 80750293
14 79 504022723
36 7 885495400
87 52 496594854
19 100 325529146
24 46 199596471
33 92 512746782
61 50 385000697
46 68 622645271
1 47 584756861
62 43 676455015
52 51 83674805
62 50 120791098
54 78 200855068
86 58 32290905
31 50 907864736
43 9 180262563
71 54 766367723
27 31 657980026
73 94 485189663
52 78 131865310
88 55 374257164
87 28 339631955
12 88 443177118
84 11 333330078
5 50 214043348
10 4 526807358
55 10 462313910
100 17 825475819
19 95 753010905
46 63 853366882
10 53 375607907
61 13 389941238
39 18 811906110
24 54 496299514
7 68 241199014
48 67 690707695
61 44 553851945
88 49 197450520
13 33 38101305
32 88 144651677
67 58 825670537
15 68 221168560
14 48 245656741
76 23 449806846
54 58 865935328
91 35 477980081
38 28 849622069
71 70 88632162
84 32 674733950
29 19 804899186
40 54 411604350
18 67 157667162
95 56 497335541
15 86 330799749
47 78 839025500
3 25 832030791
32 53 654221377
6 88 811912166
84 54 325551167
89 90 553037284
76 45 152562984
6 26 970005045
84 6 313253118
88 60 796134113
27 33 378141726
34 47 395441002
71 23 246307644
85 97 161060168
93 9 322935311
29 72 718860487
24 71 494025317
40 98 172800960
91 20 297457220
21 40 113783762
76 17 143591538
26 66 544058487
46 93 597663833
66 22 432135693
3 11 893727110
77 9 132561862
44 99 20949809
90 95 562861664
92 100 997076435
59 72 611146364
26 83 704728824
54 22 536610711
32 1 9075498
45 66 862870939
76 2 375780891
11 63 303099908
16 4 666168785
34 63 763853745
81 30 161414572
30 34 587762839
18 36 218769472
39 99 749585109
43 51 464151269
52 95 336949069
37 91 417656833
12 68 22692316
15 63 50379978
88 67 155301725
71 94 413484466
83 23 123462089
90 71 289198973
11 100 980398947
30 22 398013417
77 92 920870412
87 90 390410195
83 28 724851944
89 70 549592583
27 19 519692832
6 67 314722628
81 98 163386260
69 53 382925793
46 38 714083123
13 1 782873815
93 94 551979443
26 46 512639863
15 100 128311160
49 71 846150531
39 40 535689543
15 92 373581556
83 15 538503790
24 16 399208194
33 2 677763221
21 22 992213936
98 53 723606750
29 67 873931294
1 35 814793148
62 54 566992636
47 9 896307372
8 18 399165816
46 28 614453085
40 4 33308931
74 7 876397403
81 47 37806400
13 10 483920203
88 82 297458866
19 28 732218206
81 79 824533014
69 9 609905959
74 75 49565773
92 99 871184376
91 63 595059854
27 35 351963303
20 45 220677246
13 51 92710643
61 60 253729700
96 27 18128461
46 47 362036925
67 44 437596043
54 82 278389625
2 58 758792338
82 58 662641010
26 2 6355888
73 99 754709361
91 8 752151564
6 32 402043671
74 84 400214452
42 17 487283669
39 1 788350802
54 23 996332790
62 66 487764117
1 50 622485059
98 65 539652739
96 55 400185856
47 50 113216628
32 63 821572698
93 17 770515357
26 10 775620342
79 41 754223316
21 15 84784535
2 22 311974890
76 38 144533570
61 53 190121543
36 66 841281967
13 45 888356852
16 58 781613947
71 78 922765012
2 95 676692690
83 1 579442401
85 54 612381988
18 29 689096554
26 57 75903472
49 90 62358216
84 56 451212455
18 10 681826596
11 58 951286803
76 50 758644706
74 43 175816247
51 17 815767348
13 98 42507829
32 57 805090853
51 9 767835065
55 73 41197029
83 41 23168631
16 80 959381566
26 67 342146670
43 4 554644517
91 38 153276194
96 78 292764578
14 90 530254417
24 5 137565419
73 54 981560758
12 87 511956713
8 49 722452705
55 48 79029064
60 86 881906395
16 36 991278098
69 88 497320904
89 92 303732015
29 82 340407458
77 44 516073878
96 80 836568019
32 23 859879288
33 21 822791331
62 98 85413701
57 33 105241689
38 44 641787386
37 57 645879210
2 54 929265640
84 91 852074632
93 44 887512469
52 7 744760272
80 44 575813327
1 92 30061986
30 93 393703954
3 19 698081684
14 82 496489091
52 25 705308037
21 50 229769153
18 14 727466752
10 54 705367186
39 30 718967051
43 46 952315539
50 53 814756943
57 79 648176536
66 82 753776578
29 89 531160213
80 33 544811174
49 60 320162512
35 98 479135076
5 44 672974840
16 32 418816747
62 29 967757849
80 87 134058229
8 23 118688561
62 79 990562456
96 1 292182227
38 50 285513381
32 9 375431525
72 23 700807252
44 4 46726453
16 26 269702038
27 23 164733316
19 92 311337095
14 73 450855081
3 100 73447769
27 48 869386335
23 75 312765800
26 97 211452484
6 99 792040540
13 66 147787603
3 85 755822660
60 52 357784874
12 52 539836853
32 68 686730702
5 70 74956720
59 82 37277734
85 31 906371392
73 53 229767685
39 44 693310132
89 56 958359367
89 15 194057564
46 21 311552003
90 99 273849579
74 90 920335665
79 31 762386460
66 86 123022863
37 69 567939589
36 100 717779608
26 72 686849241
44 100 704973808
12 98 497455055
35 25 675107283
74 72 828461346
15 23 925742858
65 72 811588838
6 75 180487433
63 23 147056216
80 72 316852321
81 89 668945098
93 50 69462872
88 20 837964620
48 95 398334148
89 38 159176028
29 30 244687720
55 68 459317874
31 51 547521328
61 91 69932110
66 4 130638734
57 76 133931125
85 93 350019296
61 78 158468601
12 69 958197990
100 75 109403934
13 56 527391893
3 18 631857795
35 54 742375592
2 31 873870364
18 35 379095517
15 22 699240064
29 4 126994394
38 9 226004787
62 72 149775959
74 29 38287133
42 59 607933636
36 64 134360548
54 4 142998158
82 28 160557088
30 17 957263554
98 99 190814423
80 47 463615892
96 30 92529630
1 7 432893620
91 14 675825208
4 23 429644350
93 28 643993259
42 78 374752526
41 75 889217820
77 63 248731389
84 9 633504158
52 63 932187929
59 38 440270847
60 50 758845766
94 65 507661037
26 27 39140314
87 89 876920364
50 63 697089878
91 22 969486745
83 70 848845812
31 95 1172772
3 68 206599655
57 52 196728418
18 69 188272175
29 1 772790010
91 12 515975948
15 40 317492312
10 22 651427516
29 11 261754836
43 82 967389616
98 86 302709493
45 67 37796349
64 78 888781828
14 35 214001571
16 14 213691196
3 50 441471311
40 86 947949674
37 88 351973400
13 48 272965242
60 89 991700741
42 9 587628997
80 52 101505736
20 10 64299651
24 88 627307249
94 28 720448052
60 85 750837315
30 71 911364478
87 76 262086371
97 94 945470065
86 51 175285634
30 67 520010153
90 17 491534272
18 48 342639464
76 67 644241989
74 53 718649050
77 94 222611958
88 11 57603588
42 74 749983495
37 83 77854393
63 65 823182652
86 9 102260007
87 86 138746016
35 45 72647100
48 78 806020795
88 22 286895964
91 93 439421676
39 86 263137793
46 50 544257952
62 40 5566939
84 64 570032733
1 89 214381555
42 85 246683556
73 31 835918053
70 75 902182672
86 4 856589101
60 4 97108207
95 28 689382674
74 66 98456169
42 54 190676338
80 40 838540341
74 49 424560922
37 49 894648049
35 99 858189240
39 77 925395929
8 5 239105806
24 11 175420170
57 60 155672434
55 7 927003497
51 99 286512748
48 40 260616936
68 72 621968511
42 99 940029644
61 92 407065686
79 90 391961018
18 73 735760308
31 92 20513281
63 17 474052181
27 98 249898720
98 22 47567624
84 31 878664844
76 71 433336705
8 25 426588317
6 16 184070326
11 95 182251798
14 33 613820660
6 45 693378049
54 99 462877503
1 21 761900582
94 78 786209186
66 28 923692122
12 49 275315134
81 53 838495298
42 62 792079419
14 53 960769661
33 54 489669162
26 41 566033809
6 7 995554254
49 34 122998610
55 58 109633907
74 98 333525416
37 53 878548031
30 73 984397267
30 54 212785686
8 7 123058726
38 23 735875389
15 56 881791378
44 63 696364069
8 28 811336137
3 14 848987084
83 5 202899273
42 91 377024259
83 100 792899374
91 21 612209723
29 86 202750662
35 92 132641908
74 58 430998873
79 19 762522782
90 97 967712583
12 17 944122601
24 42 38321864
65 9 561591438
15 41 685667566
76 93 753946560
42 89 731949019
94 86 431723345
81 9 463233765
43 40 79946411
20 68 229656810
39 67 745253049
13 21 698348372
20 28 324107530
1 19 149257520
32 76 819999630
69 26 98608362
12 18 56820209
55 87 871507244
40 92 942673897
80 93 254096701
35 51 496052525
48 21 23852876
26 15 215996657
43 67 470776574
36 52 895371339
22 28 170045523
74 71 618755838
8 12 593440560
2 70 523022646
13 19 465752113
97 63 366497945
33 72 584419531
61 21 289583682
97 15 130817820
29 60 236923358
97 56 54855765
89 40 546601359
88 87 264705779
79 58 245238953
5 56 693390143
99 72 80724555
8 54 415880934
16 63 890136590
61 16 384267176
26 99 4399681
49 79 139286053
84 16 4900330
97 22 633785227
24 22 75180465
2 56 749447655
16 33 391074072
39 76 820564607
37 1 497350650
96 86 513213407
64 4 246295851
5 82 405465572
2 68 998002477
11 75 468464039
74 86 470226169
19 86 751006713
81 88 621253617
33 20 4934898
11 10 956647031
18 81 842562697
49 63 173304104
30 82 110573234
18 62 523362426
2 35 86378599
69 47 976573969
30 97 135558481
57 34 820052009
69 79 172647207
56 99 393028652
14 40 177113351
96 83 218800564
25 51 879940565
10 95 28524850
52 92 1160592
89 31 941811999
73 28 692147898
32 29 479747893
55 25 420738514
15 66 800191271
16 43 975475206
24 98 453889641
76 78 349399013
10 56 464670145
69 78 26157121
2 78 321899876
36 11 608290100
38 95 219448375
24 23 974932196
51 100 608083108
40 10 370708559
62 58 264963453
37 81 15406643
18 78 173736858
81 60 485898150
53 23 417254821
42 71 212841847
2 59 312342235
80 36 290933515
20 89 860343274
62 52 944079808
29 22 43229721
82 65 3885315
62 17 709387357
6 31 922705870
8 26 5531107
24 92 959966171
34 17 678047115
77 53 446948251
1 75 897758097
38 19 180373673
12 40 468874076
64 56 922575693
69 35 728321926
43 1 739248732
10 92 114983022
32 46 68677573
20 58 460187570
44 72 331800705
84 20 957774972
37 23 62857833
87 47 230096735
30 92 836810841
3 77 933740884
96 20 200656881
42 68 354190425
52 86 338389019
18 47 26240335
62 90 522873958
45 99 97478251
60 98 694173549
96 79 97575548
1 22 294462256
52 50 449820258
27 89 874049788
91 28 798383905
98 50 240761481
7 58 880405917
83 35 765967891
84 21 56826654
85 45 841858468
34 95 728703214
16 9 829980815
69 62 619822998
61 7 127591480
88 47 157571567
54 44 710639984
2 94 73432626
16 21 862795325
37 6 354784002
13 60 2240645
40 94 16605341
92 68 514043440
26 85 420710275
48 51 356094017
48 100 987078441
39 34 520643156
8 16 280969691
11 67 692152060
52 19 319830605
69 1 332272362
93 99 430582370
42 35 447580721
7 9 335437536
66 51 578544194
36 50 764609689
24 100 226143252
3 30 241771306
88 92 179860012
32 66 492964488
43 48 861591197
90 50 146003968
80 7 86652063
6 100 800084257
91 60 782507796
39 3 712074802
68 58 249772629
45 38 282208094
14 2 220041512
25 100 677074400
56 70 138768624
16 56 451690298
3 40 99718205
13 34 461183783
6 51 196242173
84 4 775919785
60 40 566029134
13 70 930677513
5 20 308068010
79 87 135790007
13 71 438317485
67 53 234712533
55 35 46623747
11 93 222911846
34 7 558748801
80 98 821468031
55 78 115067935
59 52 909823608
38 70 642844129
59 46 718353158
13 76 354428063
16 79 554512331
59 23 283263442
11 66 346267726
8 9 514287487
88 100 366364746
79 53 137643511
40 75 274409821
42 1 288515396
40 17 581469818
48 31 668810160
12 2 806090719
32 72 714865980
91 98 952654713
2 23 218819403
39 23 620624539
76 63 243930135
22 72 23497681
87 94 989300404
57 53 37840872
32 44 201726407
71 22 790353631
82 53 134379955
88 21 154151662
91 73 856730340
91 55 724424204
43 90 463185221
52 15 228907953
55 85 337434472
27 92 534011459
6 50 711882520
8 34 362120325
76 99 21290787
43 15 214214954
67 86 824432114
60 56 281631918
62 70 521900130
35 95 536843010
74 67 96101183
50 65 281680184
51 65 717319047
9 58 932232965
37 46 900549106
39 93 224215379
29 53 972982026
7 22 612251069
5 89 759943272
74 61 893815698
96 67 192702761
57 87 184319922
80 22 338154329
24 78 758234447
76 51 383360703
38 65 968172248
76 34 933876750
3 55 246754867
27 73 945787790
11 72 933942971
82 72 508128311
97 98 430715253
26 78 225091793
16 73 401409761
67 95 24427352
81 58 960233616
77 34 179575172
32 10 338303270
16 45 586438607
24 27 25780430
73 34 208003213
61 87 703253296
16 2 967679051
42 25 13546008
84 44 529675369
91 30 887512086
85 65 415250624
59 45 357375083
60 9 675883181
40 41 408759260
74 9 779728816
41 67 96374905
11 46 301377419
55 11 633707048
89 82 371190565
13 41 497584128
88 68 866779051
46 95 426256374
73 58 109606005
60 41 676297076
6 5 111371670
76 56 310731783
39 64 842520618
49 41 962615254
35 100 360517660
25 21 926137599
61 11 46137390
74 27 626994689
91 53 119505434
49 97 561231257
61 31 900002938
50 28 822041922
62 33 509456430
20 92 596731870
69 10 810355596
42 40 123458704
12 58 970300903
45 56 780680757
86 82 873405718
81 87 575083709
74 81 928804225
12 44 559396797
61 86 527330091
41 17 666779741
91 27 298765735
2 19 987600034
31 67 620215118
37 44 579269905
43 78 239718646
56 58 539391066
6 1 51851716
100 70 167092438
43 11 96973264
41 78 690896998
76 41 867149820
29 7 263978902
74 40 771848453
45 28 257913957
88 4 158966292
42 38 79831525
33 28 420705800
34 67 207200925
14 11 228700450
43 73 459941954
1 36 892468746
25 28 883887637
24 66 859487376
89 94 706111893
7 23 357028790
84 1 317245908
48 53 657646058
13 87 436679883
80 9 22657664
29 34 984514477
10 58 84112212
32 69 134402201
90 72 969886358
10 63 247854713
38 75 22699320
96 98 412969449
96 92 430962038
50 78 809171290
18 66 340896117
45 10 898803752
24 12 726924712
6 2 671376452
21 65 391684225
73 92 164154981
5 86 156666908
42 86 156966860
77 52 324866810
93 95 886396190
57 4 107684905
83 47 334807501
76 89 417540658
95 82 780827920
33 45 155061867
92 75 345810986
28 99 169808328
37 58 582336770
40 70 13431424
85 38 374874114
77 51 173215840
61 52 316594683
97 34 941618553
60 70 16818508
20 86 981701215
8 95 312922415
16 11 777821277
16 46 917781570
80 1 701922359
55 34 223460918
3 53 77177063
7 100 468901440
96 57 790677661
89 23 269125722
6 81 715525840
87 30 17631642
80 15 697290118
69 21 275489501
61 41 818083214
59 31 73208234
84 80 32982932
1 73 99443609
84 87 506756292
80 51 657010039
2 97 318911369
14 98 116114837
61 89 931311980
29 93 38924455
8 41 590974485
44 58 419629035
31 64 47979364
36 34 242821877
96 29 33577647
39 12 316084371
74 100 789259556
63 58 470074359
26 43 345221685
30 47 383693115
73 47 689594036
18 93 992425708
2 85 156779849
97 47 209646947
39 85 464556220
42 26 725584867
77 66 313432305
29 15 877300145
80 27 980167223
49 65 922416978
6 77 302745230
18 7 874693780
85 22 246713808
76 98 788689084
100 65 141647418
8 52 457065051
55 64 907125555
98 10 774190504
34 86 928032901
57 95 689935896
36 51 631062815
42 92 177859705
39 17 842160386
36 85 809766895
80 11 594747563
20 35 894482676
76 66 292488441
9 23 826272529
27 28 365970925
89 67 682956400
32 22 807955508
5 28 246859545
21 7 192668242
80 2 773912290
69 80 918492353
98 63 553369030
91 75 936796344
12 63 902619784
38 71 418407588
51 78 462401183
90 86 248613225
71 95 607379428
79 38 704182813
85 51 469427710
12 47 770483637
39 31 376081227
83 82 942586590
80 34 776349915
60 28 723824014
83 36 516121737
6 13 722180060
82 23 806883125
94 53 190685536
24 99 933791640
48 19 993597103
80 48 768962950
42 80 727737963
10 44 56405968
67 82 632832965
59 28 967205428
91 34 773059012
2 41 874686263
71 9 365115603
84 99 826449963
63 22 269140371
60 2 230226739
29 38 157254143
74 62 630637278
79 30 655982250
31 44 569156060
36 86 502279650
42 3 827659769
87 70 413398067
25 10 720364405
66 64 841568271
65 68 310797061
37 3 493301354
3 93 67408907
39 69 71716606
62 81 268636972
77 67 65003938
27 75 399228631
55 56 454101405
48 23 955720993
79 64 605476972
92 65 784681973
26 95 485959728
27 70 110120380
3 5 384910741
33 4 529757030
73 95 321396892
89 68 125909932
8 32 225610992
6 89 919374613
15 34 795604979
96 49 437855906
24 79 729746360
32 14 819644942
2 40 692346125
88 33 982095256
2 28 667047788
59 58 779466941
26 88 974167771
55 22 837671364
22 70 728032910
59 22 724225902
6 48 123139624
69 59 740932283
13 72 437840158
39 24 334744668
41 64 5742252
19 75 857195446
12 59 110031257
27 67 978744432
46 52 875918508
22 53 680285651
37 12 36481733
88 46 167790014
45 23 972529070
36 70 115353372
1 59 859041283
58 23 796661106
94 9 322346531
6 92 69821334
91 7 260831495
62 60 677084374
50 23 786805397
83 17 974721371
80 50 179938832
60 44 589105555
74 21 615557951
74 26 354805328
62 96 71431110
12 81 810833365
81 57 985020406
30 100 297331238
42 76 498269530
34 64 707077652
14 62 711455599
79 52 921109031
39 10 315962228
77 58 112850451
89 50 89719061
55 99 455778994
30 9 246591414
89 51 86301215
91 79 707923094
37 60 920834088
76 15 354996581
40 63 92835506
87 19 385367681
49 87 908320168
55 17 163388109
90 98 302390887
90 31 273302148
74 79 75514659
77 95 693414598
65 78 849629003
12 43 18851864
6 34 851414038
30 94 921766539
84 38 26531120
24 67 66126422
26 52 72198546
57 67 757084026
62 55 128203701
33 15 956963158
52 54 257777227
76 25 727906574
86 50 914147512
26 80 393515122
12 67 104589114
73 15 668345525
35 17 509046423
97 65 394297845
24 69 456912035
24 2 822701425
52 67 845681860
62 30 998119263
87 56 12926701
39 32 260696056
45 34 823392334
26 58 764807621
34 71 676050180
88 76 54690422
4 22 461655435
4 63 648099524
41 68 768121844
34 54 251692872
37 47 243141613
36 94 99230723
14 88 336989313
57 100 378732411
20 98 733892824
5 93 571825342
18 38 785967734
27 2 879470410
11 23 647700952
46 9 322816082
93 97 818941522
88 94 119114175
91 50 292268191
30 72 858810811
34 50 810374728
38 97 487451078
39 81 471016554
15 98 854999897
95 70 257502079
81 72 828039563
87 7 387114531
77 10 311939393
45 17 752553489
98 54 908167322
12 78 475979218
77 50 485596113
93 63 90140096
2 48 71241254
74 5 850793783
91 68 683275134
35 47 271502914
21 92 155709781
81 80 486501886
94 63 603967387
88 31 90243454
77 99 983644648
60 78 841532865
35 9 685146474
59 19 49875048
15 53 313847326
81 85 940234225
3 4 325680873
53 17 13233793
85 72 907206188
45 50 963672576
10 70 610669712
61 12 837386282
39 70 723668815
49 40 604717504
25 64 841839190
67 17 545892677
54 51 112054004
83 43 532585911
57 30 313869027
32 81 436315391
79 51 204902537
8 59 524121230
71 17 394176437
55 63 543666691
42 22 839379558
52 94 258762208
91 92 706621961
30 50 358566923
41 9 945710091
34 66 525682915
29 36 216847001
76 4 340775873
87 59 170651838
26 56 354806700
48 86 146822251
1 28 579508931
18 22 614385512
84 71 866902966
47 22 452514302
6 73 533333722
94 47 957932818
12 92 414571727
64 95 986959045
74 54 847105605
94 22 761238053
46 67 573356294
27 38 515629177
42 95 38317706
59 86 400903984
66 65 670248949
38 53 715654210
21 78 211930768
62 25 950138376
46 89 486899751
74 20 411375805
61 48 771702738
44 95 246331645
19 82 974529693
24 17 495532760
100 9 899168457
9 28 654544899
32 49 84899712
40 22 856658130
16 50 815373885
62 73 747905799
18 80 169930956
1 11 559854216
5 75 670681071
36 75 555449103
84 79 223993641
74 89 553271183
85 64 818879341
36 56 749851173
74 82 388911479
61 65 958048521
5 9 850239074
43 45 175669630
90 64 570173847
43 65 420502471
12 3 365582015
88 89 415445462
8 87 153400567
97 54 275548397
76 48 307665303
57 46 271950050
76 5 650963022
40 100 152459921
39 54 263238107
42 72 580976234
16 7 269838361
33 11 191202442
81 5 735937083
1 9 520869843
77 36 901474028
5 72 172817068
55 2 387023170
24 13 857439277
86 47 53051266
8 86 339491650
8 35 496435399
47 23 187905115
32 71 525213506
47 99 345030614
14 100 516677676
90 94 445022021
6 56 535365931
1 82 193343164
43 92 536097712
26 51 21838223
59 100 53490773
46 35 541350908
30 64 864386847
25 92 346419439
97 10 542173637
54 95 383766855
20 64 271430975
42 49 438805485
33 53 528542196
37 93 166755601
5 34 475192513
30 52 158543338
24 52 695390924
18 1 235683378
64 7 484483278
91 64 377241324
41 51 377788323
59 47 266606315
61 68 645352015
79 15 213220565
37 80 906750813
69 13 282969340
38 34 204823523
14 97 586379493
8 27 90196230
79 35 930097352
5 11 735222701
58 78 544512292
62 87 427299871
88 43 192916663
77 79 894569802
48 15 628986785
82 56 901339702
5 65 409526305
96 70 362808071
37 28 52154093
3 52 435592582
79 5 918962448
26 11 852421500
89 98 735508244
14 41 526253670
74 96 855121342
83 40 629678239
35 72 417637625
81 44 187921511
3 56 379936378
54 9 387775534
27 46 915542570
43 72 859136643
29 31 231833149
18 89 39195072
88 65 908285730
87 50 178978389
39 96 6083841
60 48 470217370
18 2 461117597
85 17 903129097
85 78 387120739
57 11 476802987
24 83 615234387
11 97 90221122
32 35 652993237
22 99 570193765
48 73 651949696
27 9 724101869
79 10 245266810
77 48 686707886
42 43 484583357
27 79 521157055
13 86 629029334
97 71 473781756
16 17 24363649
49 30 793871800
29 47 782650478
64 17 373839555
81 4 217886856
21 94 793582655
12 77 580539124
91 66 188184728
42 11 198584323
45 78 302109303
84 73 550929515
14 83 242307234
37 76 181816839
90 68 794321847
85 40 895886997
33 100 685932663
26 68 748988771
80 75 731987082
79 54 2568605
16 95 345541490
87 60 90463100
19 70 447776549
24 60 191076935
30 58 923025874
39 61 911597235
31 53 715311098
69 33 181731051
20 93 463822713
54 7 207022132
61 100 388626012
91 85 846732592
4 28 242426026
49 56 866128930
80 82 105627672
2 66 636610513
29 73 619628409
62 99 43203803
3 70 535396819
12 76 679559461
69 29 138006320
57 89 296860644
3 88 207752260
40 65 116110342
52 35 132162243
81 67 416863676
3 87 171469597
88 51 341193390
61 62 321185231
53 75 176022158
90 51 327338637
46 58 514624206
39 71 647373632
5 25 878494634
3 26 594849353
29 20 536771144
61 70 861940917
61 63 863834372
42 82 335563695
59 9 404679327
88 34 722968783
84 55 674322562
17 72 680589285
49 46 339727086
12 50 831910732
2 64 405073065
16 40 893340589
80 85 240902314
57 54 572583716
1 51 175061847
68 56 651866215
90 66 214381596
34 58 292019091
83 67 394677999
10 65 874412285
27 86 481992673
84 89 300858579
88 58 132811615
93 82 397639111
52 48 466243657
11 94 965817124
81 1 919278401
92 78 820920501
18 17 302444475
25 38 442946934
93 58 594745125
46 70 914577480
59 34 933802079
36 4 745626623
73 86 251218493
19 54 768017592
80 68 216451515
21 9 740734740
62 2 395505978
25 15 958901283
84 86 528670068
25 72 389120780
67 70 687726635
31 22 826994795
2 50 582835330
25 34 876741605
24 10 457052930
96 25 906152926
39 74 724000774
8 96 483553582
29 44 262205863
12 48 596593765
91 67 470696546
55 30 782642566
12 96 985829133
86 7 693996446
46 100 557031169
84 8 546014718
67 23 90216747
42 41 322990779
6 18 491246243
6 85 382651097
13 53 992795187
97 44 91080891
81 10 287537836
62 92 94585074
77 17 470799747
3 97 171267241
32 94 617353213
5 40 880715408
47 72 672788259
94 70 336085985
69 67 145583261
26 63 485241571
97 28 43932044
43 66 98902132
61 76 127119074
10 19 559378738
4 65 707196985
79 55 273158329
2 73 333921728
79 59 536249287
14 52 546953708
87 58 585056496
100 72 730535055
66 17 208942093
74 76 573830930
18 98 283670207
37 50 588099768
88 48 741754641
39 90 841898069
12 66 144057918
15 94 482854060
83 86 963014737
80 94 580698786
11 22 868672742
48 65 550006449
20 31 28898919
81 15 532996480
83 38 863699729
30 19 863560304
74 1 885055265
5 51 803067697
6 52 467212091
55 94 519608414
37 66 692332413
45 21 142551932
1 54 897619271
3 64 471716146
62 83 338672987
80 65 34365686
81 13 314155161
3 79 166253843
91 16 371973239
43 71 384638321
84 51 172993531
16 69 202978568
20 100 652760684
39 38 484478042
48 72 901657058
26 22 940608770
66 19 267284451
32 82 980170747
63 78 286806949
38 7 235249134
46 17 55627042
11 51 355655296
32 54 976855304
3 22 638243594
67 4 417245757
63 70 984220027
98 4 865070709
49 72 675531081
32 100 942447202
98 19 499000203
12 60 172889903
100 53 904986832
24 41 51602613
94 7 818421704
27 66 320117657
61 82 55160298
46 10 809667943
77 56 323334503
84 23 83121358
90 44 611841305
93 98 266197138
27 71 698588106
13 82 853130734
69 92 146647619
31 17 370716240
1 48 686556370
15 99 151784899
96 4 243318823
21 54 95514409
35 78 764838106
34 41 330005505
39 46 61685067
1 23 663398269
6 86 928334334
74 52 380649533
57 35 247489662
10 75 514523571
42 100 84671366
42 20 199010904
32 93 381797528
86 100 108317840
61 47 365594511
69 50 883822304
62 38 528094392
6 12 639586533
81 34 482870010
42 90 542177973
80 17 860558715
27 1 702028767
96 31 881695548
77 98 956408464
31 70 907882817
73 66 953546691
88 25 233169240
14 15 26319694
20 41 163086264
38 17 531292227
39 41 58063625
83 44 672621946
40 68 159209783
52 98 216646467
50 22 885887316
66 44 255803307
11 31 586159513
11 53 150560221
37 45 571779134
12 89 120074170
55 1 962084944
6 62 810635166
61 90 263143848
24 76 509735837
77 89 408263973
76 10 86346782
6 33 299835887
90 65 154725341
47 53 178250736
83 53 272605731
46 15 386588608
45 63 224230558
39 82 187890992
35 82 293802619
52 22 461529020
40 66 656169254
77 25 978815123
59 50 40350477
85 75 896323599
10 99 222924060
81 22 161138514
19 68 366992430
58 75 255395867
27 95 952179837
46 19 813584628
83 10 945670964
84 95 519919527
3 27 715504267
35 15 694412090
7 72 66129601
37 7 231198450
42 18 640172414
61 54 106409105
39 65 321428506
59 35 416486134
1 2 72804402
39 21 474544165
8 67 504911836
90 34 127754231
16 72 684956792
32 70 551181685
16 65 337270220
83 79 53390568
48 99 228609682
55 92 403464987
62 94 847064842
42 7 345918657
55 97 322183310
81 38 352438030
13 46 490688337
57 63 452254541
16 19 277477341
7 63 754445136
38 47 946397149
29 70 14087105
46 54 93421142
35 64 776553996
37 67 499198426
8 70 381525033
31 7 310325515
26 71 772391821
37 97 207176097
40 53 196925976
51 63 385387244
24 93 814122452
81 40 277326059
95 50 227686556
18 44 548562821
43 30 258104799
42 16 119900840
66 68 703312745
18 33 279423764
10 68 906635482
11 86 249164004
8 89 674756160
57 56 305735290
27 88 697785156
63 99 548897369
30 15 325036113
24 62 315151126
81 99 471775730
31 9 728993153
12 22 672837503
1 68 956419092
38 82 278278308
83 68 228806611
26 17 856043194
49 47 585550409
87 98 637282288
88 70 996597263
36 71 83662273
6 60 174358482
42 98 809114066
31 47 904401522
24 45 820222111
11 52 139547127
86 53 406705630
60 31 338902170
69 5 776973559
81 23 352533149
6 54 40468972
79 48 604699323
6 23 979505790
59 68 261188285
81 66 372312377
90 21 542168037
74 35 391103461
96 63 679006691
12 100 715503673
40 67 413422777
33 47 823257990
79 82 94252837
84 82 688823395
10 72 638817335
97 51 567340098
80 31 522351759
76 59 213833197
25 41 290652158
25 86 49926696
24 96 297927745
37 98 369263586
2 30 214286502
86 64 576106059
1 53 756048563
47 75 321908583
74 57 177182745
39 8 224481180
14 87 107170512
33 41 576577160
84 63 350608476
64 99 210126220
48 9 896014990
54 63 482261117
55 66 223749614
43 47 179854844
65 53 935778540
16 92 460265523
8 66 962129620
33 99 573618859
79 22 795004841
11 65 143649254
14 31 80903648
61 85 190290430
59 54 721109828
51 56 649605068
91 89 329251300
8 94 915711810
24 43 329424886
87 82 146030714
25 7 661791672
62 1 534814004
21 98 369365079
52 90 781409748
26 4 942762680
74 16 858086355
25 95 675265878
66 99 40210722
37 39 524874786
57 36 921175464
12 32 131745549
66 23 463662479
91 40 578907885
33 52 107167322
31 98 952202160
36 68 3041008
8 77 398475645
52 72 662998766
74 80 917523257
33 9 120937179
69 7 41503287
29 23 535128263
46 4 708274271
91 86 758439434
39 26 244443804
38 72 824651157
60 94 640168887
60 45 262741651
79 68 467589294
49 73 451388644
62 4 481694140
85 25 760983026
88 86 771071452
37 8 55659624
61 8 619124046
97 4 568333758
82 100 837035594
77 64 94277616
11 99 756051329
11 38 439147270
57 64 577429393
79 36 556288562
8 19 784907209
91 41 509473349
38 51 786912791
59 44 290253254
4 100 748177717
57 23 420823853
74 12 998358701
50 58 871904544
2 10 744096809
48 10 735912041
3 29 194211185
38 67 616242355
62 51 116720440
55 21 554697613
15 95 845193266
96 19 589922379
64 44 262872063
69 41 987225685
85 56 7017008
79 34 932823318
57 65 225800447
16 13 193976844
80 95 531024547
61 26 491175796
33 78 454093457
57 40 237766805
61 5 368124835
32 45 956010422
87 41 490078024
52 53 111310852
94 75 216759442
26 35 396450203
46 40 811152694
50 70 883054612
84 100 147622367
33 22 726993217
86 17 386470095
67 64 674281988
87 95 849564756
91 33 188699715
3 15 836030683
41 56 412544012
67 54 987810742
26 76 314099950
43 21 152488032
39 60 415161364
62 34 542571509
26 21 680373293
40 56 437395870
4 68 275049590
28 72 794474369
99 78 460776821
44 53 581518855
15 51 367971985
44 78 826691259
81 11 364144462
76 82 894801604
87 67 398716658
14 92 19550437
43 35 340036651
91 95 274392929
74 31 828798313
15 82 902272390
81 73 826410472
84 2 406483764
3 51 362929323
30 63 595560498
33 5 648802068
49 19 668900182
40 95 229155127
33 65 442295369
93 41 525902876
18 82 418204930
84 35 415094195
57 88 808901158
18 49 539571291
74 47 943396038
61 1 183671768
11 28 127265484
14 60 941691543
76 11 808903001
7 50 414513060
81 71 492992612
25 4 218581021
84 12 886313219
19 78 734981671
64 9 521985697
3 80 714299769
13 43 288834080
27 30 680201487
80 59 167118997
84 36 554093732
31 75 625317949
18 58 518376764
86 63 502472399
25 71 860661025
36 45 837456999
32 21 695225788
76 44 312767390
81 20 352232553
15 50 144079303
50 17 901722465
34 9 516348643
48 45 48857016
21 82 58027369
3 34 214078937
88 59 507976884
37 5 129438851
89 41 70649291
62 71 132848311
10 7 100601556
13 2 904155743
21 66 672463894
16 67 779770298
38 54 550406279
74 11 881886577
18 76 275366637
73 51 685114708
47 100 134213422
81 92 500473551
60 59 648016340
96 93 558405300
39 33 586611311
62 85 831796821
6 94 658548310
40 9 954801393
46 97 526391013
26 98 132841026
90 19 333722954
20 40 523576132
57 82 615787262
98 28 452497783
88 72 884493007
84 53 163694748
79 50 805867846
8 50 399459024
40 50 978139662
85 23 460968536
93 51 185323904
97 99 63240956
16 82 355870436
80 100 377114264
35 7 929743123
67 9 75969687
1 67 888732868
95 53 116452589
74 30 668703420
14 36 591437729
69 87 373344525
14 71 785053563
87 92 319312126
33 94 21955416
12 10 459417967
6 59 313163983
57 20 963058940
83 34 671088772
87 4 933960121
11 15 719708850
48 64 431513934
85 10 878443283
32 56 284282665
74 95 786972877
74 4 953218172
71 47 184583593
7 99 904811596
57 7 442572570
13 85 274092025
24 90 613219589
41 54 175250748
25 90 19191842
16 76 183795859
25 94 420227051
1 46 558594127
97 7 324395501
25 70 803267852
67 63 372539542
27 90 603232483
8 20 92183073
31 19 635083224
40 47 454556104
40 64 408086661
16 22 66084515
81 50 86913290
99 23 805788348
1 25 434551564
52 20 729178032
16 88 666744246
26 65 410332639
3 62 267591856
5 52 221689010
62 9 393099586
49 4 589768548
8 4 364306129
79 72 40719907
8 56 392260153
59 78 797222425
26 28 725020802
74 78 565724351
87 66 64355007
39 49 826804870
74 91 698268942
14 78 971195300
82 70 501371741
24 65 583493848
42 57 413527601
16 57 706469661
77 35 675857717
90 7 868149512
85 21 274011063
24 44 349494334
45 93 146549336
12 7 996491635
81 33 511254999
8 81 309841904
85 9 535463535
34 72 137380106
53 28 67340803
62 45 371058320
21 51 146004663
74 45 446924
79 40 319725907
3 44 267747076
67 92 584182093
34 100 350013449
97 19 83527200
69 25 965183200
35 48 161909598
45 40 493671900
14 54 979300187
3 95 106868023
43 25 926936834
35 19 779643035
35 70 648854271
27 78 906461324
1 31 531635033
83 30 548327911
27 68 862383663
20 48 45477515
52 58 8586743
51 68 123084486
29 41 23125110
26 23 279170971
80 25 428338169
77 83 470307977
94 56 12619911
84 77 867690835
59 53 511846048
6 9 4624634
71 99 755020714
94 100 379159671
84 29 863775360
18 43 57154406
42 44 685988132
26 59 129377600
39 51 782865942
88 38 912991951
5 98 241932369
88 23 441325855
34 23 168819806
76 58 624681439
26 13 585472682
2 63 852273610
21 97 203698975
74 73 305475488
12 27 919461761
81 96 855549420
98 58 940968830
88 75 791898671
57 94 412591451
8 97 733326308
18 4 826725833
5 35 110210038
40 71 179895370
93 31 897008628
76 94 74245643
8 38 861938838
42 94 3390481
84 69 678095544
33 58 810386925
96 45 335582351
37 33 55433952
79 99 355053989
39 66 606531459
96 28 336194395
39 52 678706886
51 23 102603983
37 2 697298250
12 72 253369
81 19 822224352
3 54 830971476
24 70 109927195
30 20 812861070
74 50 386199318
73 41 564283362
60 95 429249796
36 63 573694828
47 95 708827720
3 86 523529000
71 56 725832333
90 73 758926258
81 49 107807756
42 8 623853704
8 10 719599934
69 36 697907512
98 64 410881986
62 77 458602510
27 87 973508229
20 73 545425226
91 97 885386401
39 78 170546806
37 56 139873501
55 46 127852627
29 98 532134311
24 3 636578199
29 25 512138717
79 60 731300082
83 56 33051167
38 58 749506864
92 23 29459565
20 97 371029896
37 87 602344786
13 97 774469175
37 26 991713468
63 68 899481239
49 51 25392647
27 50 742766502
2 86 703887349
32 51 221019482
7 70 105332270
83 85 96657831
11 41 153580107
96 90 703139707
84 7 15557317
12 46 299860666
29 64 992062371
43 70 345511124
66 47 379680171
59 71 743966264
15 67 429979043
33 82 70985929
11 70 305332868
91 72 413607482
79 66 600955827
74 33 869195288
85 63 838407444
52 75 925236920
81 65 235467443
19 7 523709045
6 83 959607430
11 35 133494471
36 28 78769235
61 14 860391784
26 33 250163354
8 83 553136751
26 25 266342586
36 98 628104620
14 26 507380519
83 75 609051508
79 93 337010960
8 79 173265499
34 44 147171801
37 90 649630004
57 51 88072396
93 56 910392972
84 46 948957758
49 17 213745534
90 78 447950022
39 42 597490803
80 97 58752872
16 98 295544555
35 28 428001786
27 58 818409765
95 100 359053647
45 64 332308081
59 95 743651497
8 78 995039766
16 75 897907094
79 75 670992969
71 28 101070857
20 66 486413161
26 60 461190648
13 64 577480026
91 65 36049705
49 100 731251065
27 10 256892491
3 13 140609270
99 58 10840400
87 78 971167336
10 82 243819851
45 71 164255199
43 36 917566097
15 19 781609366
30 59 357007635
46 25 355514523
13 38 955129692
53 99 177109828
55 41 636762700
77 40 63172418
97 82 645397439
5 58 219042449
89 73 963584611
61 23 118853610
62 82 557297912
45 72 440618057
87 64 749255766
60 75 807343275
16 27 802424892
33 55 351566787
11 85 503453097
82 4 426796245
49 36 968403467
2 15 180288646
77 29 592830500
8 76 42741760
4 99 876648629
3 92 830151136
39 9 306684979
62 36 978098131
52 56 809911312
83 4 918280359
57 29 315397077
81 51 398956526
2 98 251057138
51 72 617174266
98 47 763049977
37 65 317341728
35 71 972051234
8 71 851597520
92 72 750936170
33 35 636421695
39 73 896812681
13 5 565710996
13 23 315853298
57 59 677002598
44 56 954763434
41 44 519752637
55 76 446047902
20 78 514713278
18 26 139071072
81 94 977618865
77 60 350692220
37 30 224711024
13 22 639689164
90 93 288577912
42 27 3686457
28 70 936418322
39 36 990313574
85 100 781446911
83 99 788472087
49 43 826282042
1 90 595244527
96 33 731001524
11 64 195448605
12 9 215709460
41 7 649941811
48 90 172262533
4 75 259490728
43 44 316709670
6 21 578994557
37 14 951783000
61 2 812770770
43 38 697021101
33 36 616610614
48 71 617602988
30 48 607624736
7 56 887793975
27 5 176079497
37 9 51855435
21 56 634243956
46 71 890893429
73 98 95379507
10 100 806879287
14 70 167984071
26 73 3932068
47 51 907211679
34 28 521781876
63 56 491228507
69 93 512519425
37 99 59235039
32 99 106625394
64 23 382760915
26 36 292187292
79 28 782297788
51 53 97132571
25 93 720349713
53 70 955040474
86 65 892803684
16 3 893593866
10 9 939406051
95 58 663781620
43 28 625218563
41 53 247655523
83 9 172555140
37 70 692075703
1 66 606471291
30 51 718015339
55 51 744370059
69 40 979524296
24 74 593312952
55 71 888908552
95 23 608714821
81 77 352533953
57 98 881483178
24 61 3212368
35 23 700069988
79 70 623398118
81 86 906155602
64 22 654019316
90 47 873307087
7 4 501672252
77 86 2234869
84 93 465095911
60 23 534627342
88 10 465647727
27 11 362234831
36 9 388856264
3 23 178195160
52 38 862749697
61 33 754070058
71 82 342588344
59 63 289201682
91 32 945914063
34 82 232562372
78 23 116835946
33 71 993837853
39 80 746675425
21 72 694433502
84 41 494169917
98 92 396416240
71 72 668284810
24 68 682251235
95 99 924847178
38 86 950752919
44 92 573195988
47 17 706376740
3 46 196279335
14 51 451981547
61 15 652245556
89 71 253132675
79 1 499282271
62 93 84454475
55 90 528047128
5 17 439294912
26 70 254906051
77 68 73981675
91 49 194506372
90 9 898732662
37 100 12122919
21 86 843142403
86 95 93561217
6 3 746563971
41 82 256819815
36 78 327498593
69 100 930991837
1 38 521765407
22 75 861893095
42 36 367710487
79 25 624224859
6 65 983234017
33 38 796908912
87 23 312686953
96 64 902760891
98 82 960089422
33 1 405618307
74 38 959439070
80 83 278622589
69 38 193859396
6 58 236640340
61 58 654874385
26 89 517640557
36 92 672879046
76 47 962602949
69 54 655500887
83 31 420763649
83 50 947210490
37 94 59254823
84 45 715557364
57 58 889824909
61 28 901244801
24 72 747086817
5 15 455353418
77 7 286357041
12 1 209755536
39 15 735885631
55 31 214913177
54 72 141494974
1 44 298455990
83 95 563814517
3 94 480617516
86 99 376781591
2 93 61042588
12 25 555370661
97 64 650900852
62 67 270836741
37 89 615285596
85 98 927742055
14 38 380719537
2 21 725043602
84 52 193061967
8 40 577149983
26 86 187490860
15 54 933001687
67 75 454505856
36 20 406415863
74 59 315787785
85 48 473569454
81 75 336275149
80 53 921561595
61 66 110862788
96 40 374545833
79 20 730860726
71 51 832755585
32 41 24389250
98 34 178301312
16 86 512787959
32 15 125137604
18 94 603626474
12 57 498009131
96 5 93834804
19 58 950317102
71 41 679588656
35 94 934010334
61 30 876343974
94 82 632922847
30 40 394019222
8 6 274980920
24 84 253111694
77 33 173735470
85 58 851568117
3 58 524004950
80 89 85652831
55 50 37023700
55 86 442390580
82 63 105370961
87 45 824733867
73 44 882802717
32 5 910009049
96 41 705494780
1 86 710646986
29 100 348108119
19 50 448642356
46 64 237266315
49 66 753546938
95 17 781750633
18 23 559979155
49 5 468474541
27 51 972153885
77 20 354430658
43 99 49731462
89 4 522984218
80 20 992593256
24 82 522388807
84 40 738303259
37 18 203771271
67 68 277973546
53 78 834252978
26 7 931650810
6 87 838817527
76 20 55787676
42 87 286378872
74 8 66941268
26 20 222159872
97 50 495480683
3 59 741271566
38 40 481498063
69 2 769035297
18 41 802297180
91 62 324594653
24 21 368941531
61 20 851251349
83 87 628807775
19 72 723149168
14 21 496009327
61 56 27959394
16 71 867804789
85 99 21894709
52 9 184482864
74 13 688926627
42 13 651566573
69 99 80175663
36 30 357050593
24 53 876823770
76 75 789014393
8 17 176773264
62 27 79025399
16 77 673860742
95 9 356341824
91 45 163685805
60 43 924577612
65 75 245571504
76 22 385564528
5 38 940349470
5 97 408903105
88 90 69788648
77 43 461771736
69 96 388795375
43 97 840481319
59 92 751645589
88 30 355770238
49 15 171165898
73 78 118584597
5 85 958064999
3 36 728450305
96 2 558422393
31 58 277258578
89 75 506040832
14 28 504924973
97 53 474330632
65 70 621675975
16 99 673416572
2 71 29739699
46 92 601902859
52 68 669158535
60 17 700700391
89 17 824634117
16 68 524700276
26 53 715698656
34 56 446882990
74 87 830911460
49 48 43394721
29 17 837771950
9 17 806201638
31 66 642888564
12 14 413357671
20 90 680251336
8 98 322267079
26 29 275647266
79 65 823192077
18 60 801498818
26 9 979220216
80 19 911790124
25 67 117673138
27 40 488943282
40 78 786043828
57 10 926860727
20 71 72158274
91 87 489805169
77 15 714523652
38 10 770162401
74 51 98109405
12 62 810354673
59 94 958338794
60 1 668956711
13 17 22064688
19 17 443960473
84 75 523627760
27 47 259367501
74 92 481897482
42 46 147254816
89 72 211731630
14 56 207315436
57 83 754056373
48 54 852633429
96 22 670275309
30 44 301016863
98 44 631833438
20 15 366965860
27 76 38654629
36 35 461330057
87 97 726916731
91 48 912866984
18 31 519253446
35 75 371099496
79 98 286715372
5 63 873722343
81 21 798851864
76 73 58986331
6 49 515570655
61 71 150164396
81 55 341483549
80 13 640432647
24 63 89159259
37 54 123425948
16 100 33102983
44 68 258152110
84 98 480238861
17 78 497527859
83 76 987375146
35 21 586876384
57 85 501836775
15 4 392122210
14 10 954470212
32 28 565894292
87 22 72163100
37 31 721723968
2 52 51101659
88 15 517331800
69 72 615628030
84 34 225446297
85 4 511507752
26 100 837261411
74 85 67729963
39 55 451913837
42 75 12637973
80 63 444474727
13 15 68764858
65 28 300090463
16 89 704860563
59 66 5587269
60 58 510911663
5 94 708409765
1 85 863245634
94 58 588445101
25 53 855723270
95 22 770937982
21 53 582234755
35 40 999028546
2 99 241802154
34 4 707783765
83 13 597684600
44 17 687930473
61 80 503099096
46 94 238167853
39 91 418183993
39 11 693444197
16 35 66524299
24 94 712934585
49 82 740630142
3 20 619268409
38 99 941764683
71 53 611555863
14 27 459386214
42 12 904406062
33 59 180721190
60 53 678255620
14 49 230944222
74 22 916172585
59 40 994403183
15 75 700400345
62 53 334355804
76 31 371068814
55 98 141996383
8 58 238529360
13 11 756171412
13 92 207156722
79 89 396859752
49 94 991681956
69 27 930672944
32 65 197955063
89 93 236230541
21 17 360003013
48 7 206906269
84 17 282032119
38 78 359568003
62 65 878849329
61 75 524735905
48 22 221604525
31 94 892151816
76 97 684413214
45 75 898262082
77 70 89319186
9 53 266615805
45 4 616906526
43 85 857715770
69 55 15044351
8 82 400308687
77 54 183665218
37 21 625792877
84 94 775629274
79 92 736511255
5 73 596881208
52 66 676528525
29 21 487156073
78 70 75352494
62 44 182703506
83 90 246546926
59 64 910826153
6 69 11164267
35 66 148604120
62 7 981407168
65 17 506018336
48 92 275533658
97 9 21754441
74 99 134457628
74 46 105559066
74 93 785334517
30 7 382422262
95 63 982996982
36 44 12077497
36 40 474502035
99 75 440191322
24 80 808896977
21 4 694702474
37 22 435330685
21 95 59334241
21 99 101095743
26 50 33479925
16 83 766919360
81 63 456424109
10 64 110073555
10 78 221564305
18 34 173267170
88 17 566249753
93 7 110965890
24 64 632936564
41 23 174077510
42 6 80113344
82 17 558589730
84 58 817437886
37 73 987807600
30 86 463990151
61 34 609500597
57 92 42668460
25 22 745814103
61 79 200685486
31 56 675361376
32 43 125078778
24 19 931669203
89 58 491582924
77 45 47673759
22 23 50323065
82 9 93751307
24 1 998384385
12 99 327618576
32 87 449908762
5 22 628026967
77 27 280886544
74 65 877610031
92 53 732990141
2 51 33875229
64 53 878909950
36 67 458292940
96 58 908070028
32 64 116927406
35 4 804622093
43 94 562732218
84 30 5017002
81 36 691108466
26 54 442612818
44 23 984742384
33 89 71962720
35 10 915894206
26 49 26136744
57 38 738819389
66 63 221135642
61 25 705275288
80 43 438025131
77 90 267053751
84 96 943354673
62 28 213941964
31 86 290958513
18 51 148625003
56 75 709552611
31 10 540986496
98 67 357756249
71 86 220315923
11 73 189498567
16 5 771061358
81 27 68728782
80 78 39718985
48 94 924436888
40 23 571766137
36 93 997498935
66 100 799575351
88 79 51934885
54 64 117264247
52 64 294245768
21 100 15722419
24 48 921810885
80 28 422340377
5 30 770160347
94 67 800433418
55 9 657190132
27 20 363524090
3 71 567278064
24 49 682751374
12 34 344772935
5 95 838951262
85 92 613118152
6 95 537510507
45 82 426285533
80 58 868242378
77 4 453588921
91 78 157980856
43 31 499090931
83 25 178519890
80 77 764423883
80 56 577868154
19 64 201603318
43 100 764923926
71 44 716278709
86 92 196377043
73 100 28127958
11 92 468485362
37 27 714367000
11 82 639968769
14 85 929297971
74 6 711922604
100 99 839805033
43 41 564365580
29 66 468411002
95 4 868508335
3 90 239731166
6 80 151713768
89 9 232238058
32 92 906416581
60 93 330482187
88 63 258620628
22 68 639507771
62 48 531908173
49 92 620876190
69 46 183589349
79 95 103140020
69 49 170305773
36 19 672469211
5 7 721182476
45 44 582167205
14 95 870957667
69 28 125821772
41 50 588004871
43 10 91581867
30 31 215500738
97 86 805226435
3 28 237264650
19 63 359789314
54 75 62664118
43 98 720647469
91 100 657980147
85 28 918377957
49 76 670559170
79 45 820574134
6 98 632036758
24 20 860651812
51 70 944735650
15 10 508591448
16 53 907393496
100 28 66160050
2 25 729990006
57 50 766153490
93 67 93254995
12 31 417186957
37 79 240083181
66 67 375256061
74 15 711281365
90 70 545423845
24 55 873279295
11 40 627750103
62 5 522980203
29 55 715584179
12 13 177602639
2 20 420516159
69 44 895097609
18 50 673615871
32 52 19000773
44 22 354600731
42 79 370133920
84 19 477361922
2 4 206977375
73 67 231888937
12 73 438067683
29 65 121543449
49 64 848338125
80 41 29150127
91 1 653422204
2 44 651806069
83 20 321572631
57 15 718951488
76 86 735119925
61 93 932109242
16 10 797920771
10 86 897359235
3 89 561433698
32 31 297282201
42 45 49890297
45 90 910070497
55 100 228828518
15 28 386048852
84 26 269256125
14 19 387614618
24 7 135273954
60 21 453093719
31 41 822969708
20 99 321822318
85 71 729085197
87 44 564766155
6 90 192725928
39 6 815978075
29 90 277504300
97 31 952653895
90 23 121441445
45 51 301241849
36 53 299299357
49 70 963275832
83 71 991865905
19 99 980977022
43 75 650229440
33 95 494807940
1 30 450231904
71 65 72000053
49 52 465141772
97 92 492501443
37 16 295814756
71 68 176213267
57 5 557811162
85 20 561139563
69 85 295363018
5 64 128230436
36 97 396435504
41 63 207639557
45 94 901517575
46 99 77942441
52 97 594262111
85 30 766278480
18 83 510751376
32 3 481039524
40 58 280628278
91 88 166008999
55 4 156969833
24 33 697173276
18 11 424943987
47 64 864813600
42 31 474019189
38 94 682685701
14 57 967485945
5 66 157391005
76 54 571722301
1 41 757304488
68 78 732878090
91 23 503052718
69 64 210542766
25 66 426794318
3 48 387214462
8 11 616656678
80 70 222215339
85 47 971177862
65 58 492822434
83 66 750806744
49 55 601064576
27 7 438513276
39 29 888171093
24 47 2294893
42 14 75078763
74 14 797379078
62 35 358200700
83 52 75672381
96 75 707843511
16 52 537746466
32 59 583929595
96 89 306248337
13 9 707009239
46 45 693010151
35 41 527911528
64 51 298728716
35 31 234573211
83 59 693723236
11 20 495025351
39 47 107933759
85 73 988653690
12 41 126680569
38 15 678596406
12 4 62404466
33 31 206478380
96 34 164631301
69 60 831717101
81 31 814277065
4 17 948316202
24 29 310209826
49 83 36456480
66 95 303802061
80 49 637290823
41 10 721991541
24 26 926453384
88 29 527901813
56 72 983509914
26 30 133287032
37 96 698317992
51 92 356160569
80 55 776240381
96 10 87749775
45 25 341505606
14 58 967329586
29 68 219697942
54 56 734428219
49 78 266015677
45 41 70773869
89 19 289275986
49 22 814768269
20 67 380434171
39 63 629196053
24 95 21361914
3 76 980750623
79 43 363559024
8 57 400905997
62 59 631654286
29 28 638243435
87 85 745589948
48 47 168603631
35 38 63148517
59 21 237746335
76 52 949931937
41 58 745772657
13 47 838049831
25 9 526229012
3 41 610867540
69 23 407284996
93 53 600612391
43 63 481256968
49 33 583580222
89 63 881780279
32 19 977328327
36 54 416682708
40 99 443282519
33 63 975714588
14 93 312543779
67 51 899670951
6 63 194491239
32 17 230716337
35 68 537984832
97 67 203561351
69 31 596141926
6 4 629042374
20 72 774311638
15 58 248870024
38 66 503390891
6 79 611127436
86 28 54438958
1 20 502363008
83 64 144399931
49 99 391819319
33 44 91422700
32 7 728116371
88 53 854211397
49 93 463716414
46 7 739060102
89 53 791295133
54 100 853836761
66 72 533378680
12 11 115745647
73 7 686968069
18 79 346322285
3 31 841735099
8 44 402058117
13 36 583644838
76 1 252051126
24 58 599014264
12 64 8093765
87 35 882248671
88 99 923141563
46 65 111305938
60 51 236118773
8 63 509161813
33 50 388003254
38 22 891181143
44 82 72429700
15 47 651273136
18 70 130356001
21 75 448774644
50 4 381647516
98 23 207731012
50 92 495956450
71 75 632528644
59 90 598514316
62 23 954966505
26 90 602499559
89 22 599302551
29 10 794553925
2 92 418019691
7 78 804011342
8 65 853084902
80 67 674724842
16 38 909960850
57 1 997787072
61 72 628055763
8 75 638762239
37 72 638640428
80 5 657025272
74 10 851801817
39 84 538824976
37 41 406000134
49 58 820614887
2 89 509924900
88 45 457294760
87 20 261797566
8 33 204987072
66 78 190785289
76 40 308759329
11 59 249085135
37 25 462497595
11 45 917699173
45 15 381164782
44 70 801110718
66 54 648571650
65 56 457224948
87 5 957630938
43 54 700061418
89 10 388144666
3 69 664900489
67 99 138633988
62 49 214486676
49 89 372241880
91 81 230848261
25 23 93821284
86 23 322275575
27 83 922149926
26 92 978296475
18 77 613511340
12 30 345481450
84 97 750194269
82 92 55392096
64 72 939962672
31 78 118074331
45 19 1021346
14 25 85823433
6 57 19407010
27 21 870529585
8 14 948059657
12 38 955192493
84 57 197155714
76 9 837645916
43 5 43275138
18 30 406804976
12 97 548503131
43 68 389980478
61 83 67742268
71 67 150124497
55 53 31003613
14 68 719132383
32 95 333014800
84 25 220850657
9 68 133684099
37 34 928141125
11 44 199948118
1 45 376289177
35 44 303878978
4 58 874069997
90 92 164467109
87 43 890058150
64 70 625577635
67 50 174607166
64 50 712011201
83 46 941753542
35 34 423629849
62 75 674118069
18 96 248374983
62 76 45819790
1 71 457765476
57 47 122288658
74 34 319332861
73 82 399559873
78 75 645776683
2 65 734076583
33 66 126280279
57 43 341305617
79 97 414513623
17 70 300292759
8 62 870753267
95 72 447755415
49 9 649497688
13 58 900137354
30 25 9499290
43 52 234474512
24 6 715558155
90 67 583438054
52 17 341064997
60 11 953571261
16 23 352116632
49 7 106755619
8 46 883993656
69 90 933448592
17 75 782509975
81 54 781740640
43 34 424232554
5 68 909398678
42 21 793379076
66 56 214261648
1 99 276258792
53 72 913424232
57 78 774781620
26 31 753546579
27 72 955331506
39 27 677155634
19 53 778031920
77 75 907566107
14 46 782582143
49 75 386479772
86 68 353658449
16 30 536675269
22 58 383856645
39 14 561942295
83 60 728300314
48 17 302325453
2 47 481269772
92 22 608638492
69 83 559390381
84 33 48018829
53 68 491152590
46 53 980613226
69 70 363313694
57 44 353721105
66 53 253547358
73 56 206114562
26 1 421100678
8 93 622314702
45 58 678925171
62 64 250874622
14 66 265910123
63 92 773584644
80 29 985252093
39 95 319493761
2 34 2739507
83 63 980165492
62 80 160123104
97 40 38898747
63 53 516359482
39 88 841666410
20 47 642362861
61 38 574250877
45 68 565268064
3 9 46302213
86 72 643022850
21 31 146161317
37 36 806090075
48 97 490076447
32 50 301911583
94 72 350406272
48 75 797555366
13 40 374445828
39 35 536561006
2 72 240390484
16 1 981611792
79 7 625809879
41 19 637530351
62 21 584028615
93 73 417811140
29 71 357250703
4 56 255210885
47 65 523157280
85 44 506316601
21 19 678183318
77 78 480235095
91 26 238893429
71 4 640549724
37 74 585461341
73 17 901146272
26 93 847865905
2 90 564720450
20 95 139349136
37 55 601951918
42 2 804139269
6 78 727567091
90 10 432714739
14 76 849559672
11 34 56933670
6 82 551739345
83 45 893157023
93 10 925741904
80 35 536422744
6 20 569128094
94 54 408776529
64 63 541923368
80 86 858741517
39 50 895411388
12 53 299717890
6 27 484884801
42 70 219204194
66 58 179461904
94 92 682961890
79 44 329406451
59 56 213998980
