99 500 42
903 29671 5847270 13223869 41724254 52454136 54042924 56168839 61974109 70862645 85534486 109615061 154661648 154867061 166469462 179978924 196644617 209377121 209795176 211887888 222250463 225661664 225952828 238289563 243335193 257619523 260645639 295299776 299863259 302191260 303432489 324075822 343564755 347032308 357606747 360481558 377486314 399611823 402464507 407487325 426993045 434180047 452907305 478672699 487155309 506213033 506540907 510893266 520212390 521050119 542276661 544283483 552168911 573800982 575131080 594338899 596875163 610995029 626688305 660152519 670861625 681222333 693509144 697833307 703835785 710519493 724515179 739722799 761398460 779904809 789501072 795894081 800856122 808806461 810262636 827379679 827769044 841350845 843198508 846593075 852586818 867547533 886138834 892180185 895486710 902595979 908249457 908624826 915720440 915869343 919428912 936960880 949369979 953988407 955072117 975035600 982633688 995541663
41 4 564116751
26 15 464857905
25 97 193627942
12 8 425022894
18 78 630886747
45 32 815907168
60 69 418519305
79 84 208873035
79 48 157630727
83 71 349400092
4 47 401239903
48 66 25866877
28 72 103944845
36 21 893092121
10 47 963053790
72 84 627907251
14 78 544241230
55 91 713826095
16 56 404590158
33 69 320692338
8 75 605537352
9 15 874342902
30 69 71805693
41 83 521324729
48 24 273518432
38 69 496139127
60 84 551064845
28 20 369395901
28 33 294160618
37 6 468411185
31 74 927508487
17 97 269079458
25 3 819665008
28 19 660847536
92 63 379516963
51 34 800577375
85 24 419255054
29 98 432811611
80 66 596051963
53 64 456954934
72 11 344883136
34 54 840073808
62 3 953050170
34 98 873650816
27 39 534147804
84 33 944693503
9 2 652952579
6 43 366706109
34 21 571819965
59 29 752873172
56 66 509666357
73 60 770476692
49 95 723596087
54 93 579610815
9 86 162563014
18 95 778604625
46 84 25224888
45 11 56138042
5 9 952371820
26 94 737168019
18 89 798000851
83 28 761140068
46 50 772560378
5 30 641984886
88 35 568249338
46 95 9739041
55 20 808388821
6 76 86312260
55 25 577369481
15 63 691025301
68 93 255787661
82 13 25839756
9 88 155157778
36 92 817794504
75 50 273554945
83 36 465102498
28 81 750211949
22 77 870795942
20 97 383786392
46 35 444933141
36 6 560191826
20 84 992711420
62 32 214856541
23 4 399190843
7 77 319072351
27 77 100349062
23 20 491330882
81 75 396657039
81 94 362034681
32 50 376929607
49 59 151077422
92 68 220808452
31 73 911950510
27 59 538236565
21 58 747972017
11 30 540397815
68 26 994269281
60 12 185775025
85 15 938291195
65 67 570865474
28 53 682109977
9 67 250485122
77 90 105671910
55 15 274644118
36 95 388484687
92 3 516550649
36 74 357798115
19 26 427663880
36 16 181079247
27 35 960998342
43 58 113246708
89 29 84888866
30 12 661872928
70 73 190809723
82 65 410028145
57 55 795847515
37 63 858196713
46 89 994404280
34 80 851262871
57 72 532036477
57 76 548891246
61 23 182021807
19 82 486907704
70 81 567629085
6 21 261454787
57 92 240873431
39 91 195163953
32 67 690172282
14 64 253693089
61 30 116165629
13 64 158768708
51 59 197460772
39 77 606644380
78 68 599124110
43 60 774272645
73 76 25895989
36 35 127120069
1 50 865000908
74 75 437034070
66 60 71523239
85 3 447477797
83 49 228708242
42 53 416492620
42 75 262935589
23 64 408335810
76 54 785520200
43 77 125489628
61 66 29818245
42 66 261901969
48 73 16643260
42 9 945825873
31 93 367738924
44 84 366709851
19 55 957804750
36 5 718287901
41 69 777223335
57 2 779747170
76 90 10808570
94 33 101635543
22 3 129802975
93 64 208456842
92 87 606387220
31 47 522120983
30 93 646981781
72 17 677367114
9 97 388922663
74 8 280881816
79 8 749770592
2 43 717452935
5 67 919936019
16 15 251818636
70 9 459389234
41 16 681566751
91 3 639420893
91 97 393688342
40 47 50566681
35 67 515383153
14 85 259293876
37 93 795442214
77 24 304434737
28 13 664367498
11 97 887955996
61 17 139321431
53 50 968687288
41 26 451998466
25 58 996078477
53 68 820001682
70 24 12155642
68 30 307223130
32 73 622634941
41 44 886608421
82 98 745939653
5 54 394616758
80 67 336601329
33 99 682609434
56 54 824307255
59 75 980538597
42 8 35569375
43 47 65064788
56 35 159002340
10 33 336346547
65 8 209965984
71 80 970342032
98 90 573564938
14 43 294300041
72 53 759155616
46 33 206542330
28 30 236153384
96 63 869280470
39 49 311270084
72 43 979302574
40 86 689045598
95 96 722996260
56 25 812616086
86 99 308802826
87 60 828113597
80 47 788582519
52 66 90745336
32 9 754370923
21 23 818852675
83 22 761509388
74 33 424403544
59 88 683759768
82 93 280179930
59 38 471844466
41 30 832027038
15 90 791323057
5 31 569525537
9 35 459815394
49 66 845410018
36 32 884574689
87 58 93495776
61 52 805204535
8 64 237233701
37 69 915935800
94 98 756083400
42 41 523514382
19 66 721716357
32 93 436268648
15 20 259588675
36 57 561273833
44 18 96925142
38 58 125637562
87 24 685810298
83 6 684986041
45 70 274041305
83 86 978004536
55 76 224003919
27 36 765205437
68 67 569474859
89 34 497006829
45 65 782615724
37 74 647997925
44 35 366543159
52 8 626004544
21 69 835500421
42 17 51452982
79 6 302551829
81 7 248818516
65 99 383135818
10 90 153393686
97 93 546050586
28 45 521400146
73 90 280696460
79 66 310309924
94 77 833237626
5 40 290856457
70 86 896900694
46 57 725896875
71 87 576606217
73 47 587407497
79 25 482938508
36 90 675873960
28 82 7643619
10 52 396280804
78 8 38956497
5 80 901111076
36 78 487015557
48 49 44373996
65 63 436713524
68 69 647322412
62 58 970077782
59 65 451499681
70 22 815043334
79 3 283445721
76 15 743331624
94 75 197248962
92 26 670861983
86 23 27490165
17 20 223134995
78 61 896129840
16 75 632186361
88 63 765120594
83 95 155762034
62 37 328305335
87 23 677053353
62 71 325778633
45 7 427399442
22 7 166243639
40 23 807191181
91 8 862272764
16 25 836289511
78 95 394365602
27 81 300471745
98 64 648845531
68 74 885247253
40 26 60507833
95 50 607118536
37 25 642406728
93 50 498120572
49 60 17200960
19 17 482892035
23 8 562882857
20 3 249780188
2 54 106582859
51 90 758720736
92 96 994658027
68 96 200846838
82 99 263653473
81 1 468082523
43 91 966146749
73 71 390664218
96 13 558227408
27 38 158264363
39 98 236597975
59 13 662172428
73 91 789936712
49 75 251935373
89 52 342444741
76 74 570195958
14 70 218404152
66 58 991219470
21 17 574243050
61 68 229816172
56 47 398019823
44 87 277513966
49 84 392463878
82 78 483459533
79 91 662366444
28 10 281060082
72 30 860115602
98 67 857438799
6 68 652323294
49 10 381609169
56 92 894678620
7 97 568090210
42 27 542814388
74 17 441439183
10 4 728359496
55 94 543160180
70 72 618692620
76 11 599496926
26 8 901358020
41 40 746911556
16 92 341111216
44 62 154194996
34 81 874002013
45 15 733784365
49 20 215842841
92 15 847839456
52 54 643865520
16 66 709405883
19 69 569749927
51 2 127011163
72 54 995806328
18 88 103154437
52 75 803524876
41 20 142359359
79 24 901590398
34 40 597382633
19 78 140673330
92 90 628288521
42 67 57015080
88 97 806099740
45 59 198484117
86 54 576152198
27 21 996861983
29 66 488732102
45 33 825705484
52 13 124558320
6 99 735355676
16 91 585605076
95 80 833765345
61 64 495144073
79 88 396738733
14 91 668012924
73 8 168329054
45 90 125624001
88 15 294645805
30 43 181401865
5 85 266952192
42 68 117956353
27 45 762452824
70 15 863748725
41 48 502467104
14 20 633607645
78 12 840838695
82 53 616698317
62 7 195467166
9 91 916267594
66 3 262874628
83 79 452907020
51 30 876971683
48 33 611727604
41 62 258943335
13 22 915542327
82 92 60446845
42 5 42865502
46 98 336778108
46 1 666079719
73 33 359889208
62 61 516309852
82 64 953953543
14 52 616543760
96 67 980186974
29 2 501197196
14 77 108210137
52 63 918657493
29 76 69466337
39 20 106652720
30 3 779337812
60 99 969742738
39 22 188758962
36 65 482535460
85 26 429879676
62 25 863616709
27 72 776691706
14 98 89966236
57 74 867864893
48 34 963823812
48 1 989849592
84 67 127349491
24 99 663705293
78 77 141113914
80 97 489425770
63 58 125263568
51 94 598612589
49 40 413643720
29 13 706545304
32 4 54580879
57 31 746594523
37 12 228602442
45 2 64821192
79 61 487092437
41 46 696300863
83 81 250328698
48 96 854023250
16 19 92216404
36 14 337266684
45 56 528089835
89 94 40767953
89 88 629195048
83 50 848571828
49 56 341339593
48 2 620410019
72 4 274435779
55 47 140860394
65 2 481931045
59 33 685238648
95 26 519547463
44 9 931096214
7 58 943468751
22 75 773477372
16 51 755083115
48 61 837966014
29 81 182145612
92 12 8846054
48 10 222889352
81 65 12339103
59 15 202597968
81 98 709746512
37 91 11300681
35 54 92082552
48 11 621475286
52 50 918743972
40 96 497462983
39 40 999166213
55 33 643467913
7 38 910585440
6 96 389432635
39 73 872661226
16 82 59698260
25 77 743811857
88 74 543031410
31 90 675076145
44 31 500292524
92 1 233422782
88 38 955075871
79 58 7005401
71 99 91149674
60 50 299746686
68 23 12725256
9 38 326958495
41 89 117517622
30 91 162034742
51 74 418382762
51 7 87794571
34 43 666229172
53 66 53472365
74 22 54354847
