100 4949 93
3 5 6 6 7 8 9 9 12 12 12 12 38 52 61 61 62 63 81 126 136 137 142 151 261 331 457 580 684 1340 1580 1641 1695 2066 2125 2150 2353 2494 10439 11550 11817 12615 15604 16565 19134 20751 21116 22640 28666 43315 125397 126419 129978 143658 144673 173646 229422 236374 256711 323021 407148 854932 1874763 2505183 2595483 2859042 3389653 3546327 3649428 3968308 4208459 4553804 5084270 5435197 5657711 6511015 15467717 16087040 24848524 26488814 34295692 34615891 51123022 60795788 66178218 70437048 91597578 264009291 275258977 302185601 386690355 402309722 513020692 689538069 690277707 733395371 791587229 881623023 897682699
46 83 992323434
98 41 533775320
59 91 346406220
59 98 53379338
14 13 735531317
32 96 755831260
75 7 830050710
12 68 756776844
50 6 927185659
72 58 606448029
84 57 852439538
32 17 631803962
93 46 781494498
32 97 552795438
67 75 975383199
96 33 955174501
14 72 413804768
62 98 279409581
90 21 792341712
72 47 473666338
86 62 469077231
81 40 737508332
53 9 602613672
100 92 519340017
14 52 971873738
66 2 949998116
41 95 392017183
46 21 330554389
26 69 334098075
57 87 902016220
41 20 286264194
17 4 286745645
87 88 297313282
77 58 439925069
24 52 206461168
84 45 701640673
6 7 227976640
28 23 906253337
81 97 290204391
74 7 299284507
32 74 90986402
76 88 786162712
25 97 137076549
99 98 687663591
44 71 775084368
10 34 934395980
79 17 559788082
56 95 218033593
25 47 702838282
41 37 858005165
48 22 295659388
76 60 206201939
40 21 984109986
65 23 35014990
70 96 847664262
68 49 195232146
31 50 817212571
50 80 749204066
84 39 348361010
6 42 102456200
82 85 192894346
32 40 940739071
67 21 407314425
57 50 280299769
57 10 335236900
50 16 740339599
39 28 345726162
26 38 412521633
53 20 601814157
25 53 832165579
28 3 350581113
6 66 479140028
62 100 391827557
60 3 768918235
85 78 616558476
15 43 919647190
56 20 181665255
32 49 969630712
77 85 303453844
86 13 552253592
20 61 211689512
84 65 352051035
80 53 71327467
51 4 18998838
30 20 38102201
51 1 427481393
70 100 964707522
84 20 714890645
72 35 907971674
99 80 333029705
6 35 857759641
67 95 453896421
26 41 222274762
76 29 322046426
70 47 538678691
55 71 724186217
63 4 304694690
28 38 410306489
31 7 77276397
41 75 297756353
67 24 818767256
26 55 952298896
11 77 585551407
66 53 232029230
11 64 629955710
62 21 698834064
93 96 89381350
33 42 960248962
67 100 75534479
12 70 320980634
15 14 891220452
43 14 259323261
69 7 128725751
91 21 525961691
51 82 104316784
76 34 850758886
13 18 374952806
73 21 256135413
15 69 146976287
69 8 387728924
99 81 401085618
84 24 616487372
84 14 900276013
86 92 553471128
25 98 637107965
33 21 650053241
81 10 193088985
77 67 115977603
26 89 552323768
6 68 145695707
30 92 117535590
60 68 341643247
40 52 20656058
31 39 40083617
16 38 58723215
12 53 22045617
2 40 163876464
5 71 67342886
86 27 864737918
60 79 393449933
5 72 754463667
25 95 794945436
87 16 158735751
55 37 837720196
25 55 440061353
74 38 795866596
67 35 530153385
84 27 400376135
98 3 228993697
99 69 457104274
57 4 477722048
66 89 351210599
14 69 529397828
6 69 773694283
94 15 516481904
85 35 121675421
81 52 443488333
41 39 279273003
8 58 670198438
81 64 534064999
77 6 618881026
86 64 645853155
31 33 420156468
10 13 710870265
13 90 598355836
80 67 490137457
76 42 872607024
35 1 112061091
23 95 733473044
57 71 224438289
59 81 527952461
51 91 186408473
56 71 685898550
36 88 313946957
99 15 568041646
57 92 64060968
17 88 811645796
62 28 158908792
5 67 939821111
55 80 968435104
64 71 13185685
16 43 612849688
94 13 816659948
17 34 972477725
31 54 763929376
90 38 606668488
13 1 147215362
25 42 674046116
27 100 414290070
30 9 236808730
73 58 648415464
25 17 468737631
55 21 372460959
41 13 517561354
32 82 736121436
5 55 85868453
53 3 399604682
50 20 264327569
78 74 635043506
13 28 192461555
56 1 159414367
14 71 849952728
30 72 524654887
62 38 764846703
54 23 564532460
22 71 117360673
56 39 169243346
19 11 779000320
27 98 493803429
93 67 61985070
40 18 101935767
68 3 123357139
84 9 864129928
24 9 82533184
9 49 426011073
2 74 800973453
5 12 532240553
96 37 403607136
31 4 673661045
97 36 106976515
16 98 616923207
36 4 304487720
41 52 794797259
68 4 363971874
25 46 913655673
60 21 798353963
79 38 325493245
73 56 432868563
76 8 314282265
70 28 728082558
100 49 290688899
60 45 533696473
80 100 590300614
25 52 939222367
54 74 582758315
99 24 862584723
79 22 754402680
91 4 457220983
60 62 228749457
59 37 514285862
97 30 830101441
64 43 963127712
76 74 86836236
99 52 219359049
67 2 684109663
72 52 758385167
98 10 820788806
75 49 540957943
80 46 915281173
73 52 381382536
77 78 456993441
40 4 266003616
64 66 816705069
15 24 622172321
33 4 100644739
14 35 649437818
29 1 771363996
84 12 595889078
76 10 514619041
35 58 582178520
12 20 286274558
14 33 479687782
36 96 370885325
64 20 254436300
26 28 663004811
33 71 720082858
17 3 108325799
31 66 55924039
43 36 905884587
99 44 363764510
99 25 365834608
62 96 111805149
86 61 127680089
25 82 63687063
51 59 731416313
11 12 687682632
72 23 514941306
99 87 438045461
31 65 588781421
90 7 929479255
10 46 262808311
86 78 32167466
15 72 15491592
25 72 348841607
43 39 76402901
10 78 690231689
47 20 609926738
55 16 691012275
40 22 819845558
73 34 765853936
91 35 199524310
48 52 311819247
26 48 770832648
65 58 897511810
77 97 701095578
73 96 660566139
53 23 319389280
47 18 515349033
86 90 108283005
31 2 809947741
50 33 105423505
93 16 564161865
57 47 430861241
5 81 825753036
70 73 177093534
86 24 447320383
62 24 226197675
5 6 107110689
59 14 637234816
79 4 304256104
93 49 288054607
67 58 266961678
30 90 638030467
96 53 462413080
62 9 679267111
24 65 766914439
34 4 254437424
55 69 231782399
55 28 855263083
50 9 798493825
29 9 5042838
32 87 162883367
12 21 49624822
36 65 974219371
56 29 464239469
70 83 860330219
5 79 668864047
79 7 91167100
51 31 251092100
25 34 759234464
75 90 921536539
33 83 697180380
59 85 253442976
76 14 900985755
73 10 593298275
59 86 895435452
86 29 906981612
79 28 282570601
84 66 848090527
11 73 335700689
84 58 331325440
24 40 39873398
56 18 186095249
32 35 748804372
12 35 61036725
19 49 243470334
34 89 163623358
91 1 621943064
27 49 900550072
59 48 235430560
55 18 57983180
65 63 955798558
79 45 129327204
70 37 387459381
96 39 745111254
72 42 57529791
96 47 60098441
69 42 624859820
4 52 492468707
56 40 870413498
87 23 7840726
91 16 832192464
51 22 118170388
15 56 793883776
57 32 649379727
97 100 546873272
67 74 346614553
51 94 482757398
96 42 816306765
86 41 759232623
19 87 532701871
79 3 65781444
41 69 553037068
19 80 318815697
17 48 526520206
29 23 295415704
22 47 36151232
84 29 447679603
82 74 805779349
70 22 856669222
13 23 55849490
86 35 479408686
26 2 499884469
50 92 348128822
67 34 117936534
76 11 847689229
98 47 988377406
68 44 782749596
32 68 724244277
14 89 971241847
68 1 726377202
12 29 82650306
57 67 731546226
50 73 600229679
22 34 397397211
53 4 409915281
5 23 819391268
97 42 315581921
96 71 249926320
15 23 822634345
25 64 488934402
71 34 929230209
84 70 328298844
4 89 4279360
6 14 724615100
10 52 852029127
75 48 519559869
36 68 640972992
71 23 553318459
91 45 310240982
56 4 544074059
78 49 419811042
2 46 368504166
94 70 601010463
30 100 900234991
94 83 891154227
30 74 403334895
12 34 13996916
67 36 610927463
28 1 691141434
6 22 25215764
67 41 319667774
91 96 678367660
80 83 440688745
27 37 942640704
13 34 557146689
80 90 533081134
94 44 16396519
19 48 588200534
81 83 267013002
56 52 97404809
27 46 301492758
91 90 370032813
79 100 620239926
88 40 180256093
66 4 901115990
90 65 358811827
36 49 541475029
26 85 558283263
76 55 608138923
12 90 224612944
80 34 450131927
14 58 935492762
97 90 696991826
54 86 576480533
33 47 233012807
91 28 243820843
57 29 683041746
88 74 961764853
82 90 147817772
87 72 757251757
84 4 266688394
59 63 229958799
60 88 327573496
34 63 436603484
16 53 150475334
66 40 51199734
1 52 940149583
31 36 771624185
80 3 568592540
26 18 27540949
27 47 180113618
79 80 637411308
54 100 743496175
92 7 666087101
56 13 227775233
2 38 350930811
97 55 721923967
84 37 511111373
93 1 479774308
17 45 886859644
33 61 747421910
93 61 905957249
91 49 788938079
87 63 118150209
5 100 397967117
22 23 735508701
94 6 681326489
76 7 248253076
76 85 326735495
87 48 157992688
10 41 521865711
44 49 683392554
10 8 542853229
60 66 712747306
64 18 439082874
77 62 957400120
16 30 463367645
36 22 627522763
56 33 518318013
62 46 829503645
76 25 369397871
33 23 788157194
68 34 69399431
59 12 543299603
72 92 111865072
51 2 741277524
71 8 847433693
19 59 557605559
48 46 521238228
17 38 353248060
10 49 936860679
97 44 774024378
96 69 358012291
28 21 785254347
26 58 444454261
77 3 408314931
13 100 737466279
68 58 11800729
85 46 880851034
37 69 429289917
53 48 113530151
54 14 506853192
75 28 500350589
37 61 114476560
99 66 456203574
88 58 11849136
48 100 245005962
19 60 387325292
63 89 835459041
87 37 547151030
16 24 828568726
88 34 359923906
32 85 9271383
77 49 395002919
73 41 674076244
70 10 843749688
55 27 492305143
12 4 132580210
97 67 194964651
76 31 118581902
35 37 516682070
12 89 277676814
26 78 952002601
82 100 981376533
86 18 635296091
91 22 246633927
80 44 716044843
41 63 987959684
5 85 142591860
66 88 300110223
87 47 814912661
15 8 766698273
35 90 369519908
91 42 840591512
36 41 726998304
59 66 999441592
91 47 138160700
97 78 865791730
54 75 996316335
36 90 931230279
31 83 194088921
64 38 161423806
94 91 175988858
86 9 705704987
84 40 785548930
81 89 590416443
11 46 442881020
70 21 232210930
86 38 256223895
62 82 651792917
87 81 241497036
19 1 402408355
86 74 482679927
14 74 5833620
91 24 382265946
77 65 14764078
45 37 810834412
12 2 314014790
93 19 102406705
94 67 591254163
35 18 428965447
68 39 322709044
77 82 504159769
70 79 794482192
98 4 101302758
44 9 458211597
27 58 850620033
29 90 543249692
56 69 179693361
28 42 58951326
69 100 156397393
59 70 972559642
81 75 426590738
88 92 51150873
31 81 917222610
27 33 530119865
66 75 406493765
59 46 739897559
57 74 353476410
86 100 61857197
22 8 423063737
80 72 152334791
35 45 893701818
45 40 861524021
59 21 949690521
94 86 257039209
26 86 758820459
29 96 170917420
4 7 974729153
57 30 907262911
84 61 481632570
46 23 280919025
98 49 826791949
77 70 750803898
74 69 299759098
87 71 733444141
53 24 13672475
63 58 3330923
78 8 510763113
31 29 779542053
87 98 276555163
32 24 849896468
11 39 682677558
27 75 632718426
30 88 137085487
82 66 694697937
82 18 797846098
12 24 606221952
68 29 922823650
88 89 195375090
44 47 380581126
57 1 992465636
11 75 187918568
70 48 258269450
11 42 513116746
70 80 40518056
32 71 93381287
22 69 733758515
88 7 846645879
25 50 736054516
59 29 463025395
50 44 361444833
62 34 354433962
40 34 18217137
94 60 991459439
84 71 818850960
72 49 198977597
81 66 216985208
32 80 353986889
66 20 659013016
2 78 43888656
17 53 474196016
7 89 38408416
76 45 344293011
41 71 317666079
15 100 382792854
11 7 850913348
66 46 284946666
12 3 179986491
72 24 189986193
46 58 980754271
64 2 112768363
10 1 660680352
84 34 437738583
12 72 493971151
32 15 360906954
56 68 775615259
22 3 61920451
60 78 285554778
33 49 818776422
37 23 924248219
16 82 730779819
98 34 702102149
22 95 649642551
30 83 285355089
77 45 729442661
35 69 66978296
67 61 338051417
13 53 576581428
77 88 774799739
51 47 75639804
96 20 703848976
73 20 337972370
93 15 572557872
59 44 498712273
79 88 647086182
6 55 116046450
6 1 284143651
91 34 948778976
81 4 87615895
64 28 434168774
74 47 534138225
5 99 947298998
96 65 592204181
98 74 196747024
17 18 992028436
19 63 961993140
91 64 961133153
60 75 845645978
26 98 705941683
16 71 896386860
71 89 686389492
80 36 382445756
48 47 256630819
1 20 783426897
67 9 276643795
8 49 281384751
99 74 740655937
16 62 42257210
24 1 942444718
81 62 72459116
25 74 930837503
13 3 733659252
68 47 700900539
82 48 29704801
96 83 663021169
59 13 156567333
99 92 619318497
31 55 738430076
75 2 860107247
93 4 16109883
47 63 808994107
23 42 673275794
80 74 740596070
14 78 853191111
87 56 628564974
10 63 522466162
75 46 382883134
82 44 820213598
56 46 946970846
67 8 489681611
43 17 946405626
2 21 842431902
10 4 440479555
50 96 721405549
98 75 931271903
30 69 605031352
93 57 403118904
50 29 121525180
79 72 703993722
67 48 219663408
13 40 467367930
39 8 121031074
19 21 391636562
27 29 890635124
76 6 819683048
16 36 14478420
15 38 921214838
36 42 322258936
62 22 555370030
28 2 348245648
30 3 215012961
12 15 538484993
11 74 644214385
69 63 631191008
30 66 356378809
51 17 252259397
26 66 354408231
45 71 282419358
54 29 889278914
54 10 993504625
14 96 371188598
56 23 706133043
59 10 444286793
91 33 464685274
33 9 175611068
51 6 119966266
19 16 340263109
79 55 239474539
99 18 968512778
77 25 978075916
64 89 1482109
47 52 583795472
54 97 616252737
57 14 381315279
67 53 768750003
84 92 864774772
8 52 650194029
63 95 411368520
5 1 767025732
68 74 781755729
79 40 345418732
41 38 719576486
19 41 927277956
19 68 13488158
11 96 820773261
60 47 908121134
71 78 641473192
86 68 295083099
85 41 37617891
80 7 294907153
12 13 452468
77 28 833577146
99 35 128209692
80 68 877136410
31 40 346910540
36 58 125117945
10 35 794082103
32 20 356655435
90 92 32642472
11 70 903862775
88 100 425977587
85 39 566178086
70 58 270999875
62 17 698251581
65 8 608250433
36 9 112934502
76 1 967356898
45 2 560963453
87 4 482734142
16 7 730114133
88 46 653232017
37 40 437862888
6 83 977231838
30 35 553565548
31 82 828689635
46 8 748056887
57 40 70963602
3 1 517107770
80 27 48018993
48 40 446609098
1 21 316730073
14 53 369455338
19 75 372556936
87 95 3156602
54 92 38137029
71 42 20599062
17 100 416027583
76 53 487391479
87 15 747140499
50 79 379228391
6 45 811731694
70 52 618874353
84 67 741071469
68 40 96873524
25 48 130843520
19 98 331138924
39 20 952303133
36 30 206136260
59 60 195838423
5 95 441001933
98 18 349847471
84 46 15835473
53 69 194287588
62 2 939683635
76 26 838129243
93 35 576518754
15 13 860190977
94 25 857143162
100 7 900427824
74 42 261612943
91 26 644059045
66 42 96559375
26 39 89775604
94 97 973292461
77 34 725090024
36 98 315841236
78 9 940874422
98 23 681172361
55 9 284042490
31 47 73975004
91 14 424242627
84 56 528851236
31 17 710917517
75 58 788165301
5 92 889177585
79 6 878209030
19 9 394161022
40 69 702545566
50 48 93140893
24 46 556945054
74 92 35759497
31 62 644231902
68 95 896354070
85 21 599714073
80 8 156738020
27 23 282582911
28 100 130401243
43 61 897394075
30 71 61966528
34 83 426153385
72 1 32865943
15 9 66859126
72 89 512457616
26 63 147459397
90 89 180439008
14 100 288640879
100 42 976978066
84 44 26085403
36 100 921836430
77 21 473096824
41 61 444148
51 68 394678954
78 100 240784810
75 3 328414283
81 71 117143324
99 86 517228880
77 40 185269315
73 80 603775369
31 49 232909474
25 15 594568172
54 70 189721797
6 43 829643353
5 21 838736544
54 3 204277372
26 20 350709800
1 7 736309777
64 17 937029245
29 33 2031074
19 57 482873554
6 78 765038168
53 33 317015323
91 74 77553370
72 95 602108603
77 7 584218702
47 49 21511017
62 44 766132990
75 24 121861878
88 3 343356913
70 40 316237613
39 9 117355478
65 18 210389582
91 37 426335927
73 33 355078316
5 68 301290274
57 77 417610375
85 52 556975930
19 62 94636881
22 58 709637786
50 86 295421322
30 61 239096729
50 98 714590425
93 90 307496932
73 83 391808681
94 20 993619834
42 21 584855950
11 99 971447712
50 88 500657807
17 42 734195638
81 26 955956992
54 61 853034859
64 33 648861377
98 29 178088593
84 2 947355863
11 33 204800072
84 21 832728858
87 24 413342822
1 100 642727349
64 34 723412856
73 13 799576628
66 28 623282357
94 41 997642355
38 7 7409737
59 18 650437368
45 39 714405060
14 22 539303533
19 28 378403705
81 21 189340875
54 78 608257255
1 49 411904429
86 98 265045190
51 28 471720643
50 7 525431183
48 92 371400834
84 68 20858518
59 4 386025170
57 28 826566783
70 68 584298850
44 4 497764344
85 71 925637104
66 58 68093279
7 61 478452636
12 61 991256876
85 58 999306546
57 24 676367810
21 58 427174160
87 7 866043175
26 13 562790980
5 56 947226005
9 42 527421693
70 20 197585082
87 6 223245016
28 61 164775568
94 75 423643589
27 28 962645938
82 49 661337698
64 40 508546191
5 15 900424733
14 37 70408133
80 14 434124846
67 88 934534569
49 21 330832274
12 46 887987949
82 98 50196821
5 75 809537975
55 100 377256266
94 61 77646037
80 29 569741172
12 67 854095484
77 56 325527027
19 86 315936453
67 20 786613021
29 74 668867418
5 54 645853789
79 23 206429536
93 77 864268669
77 17 898206885
54 91 371465961
88 48 512881130
66 38 918639269
32 98 690232358
5 36 479604314
75 83 507083871
73 45 314304401
27 53 761590600
72 53 210758861
57 45 131537730
85 36 539805816
50 43 428592611
65 95 830958264
62 58 386042227
19 77 72156787
59 64 185317219
35 38 13775383
27 36 907185504
98 100 90246033
12 96 444229019
84 7 380631306
77 35 774688722
70 62 816877903
14 63 639044631
19 52 50713067
62 78 355011527
60 81 702162317
15 34 493387179
94 40 440884975
10 3 974623477
30 39 312954607
71 63 952263041
87 28 129955064
31 10 465306710
25 73 253268091
82 39 279998809
10 65 634953908
87 9 834986757
24 21 176370506
78 34 487295612
63 21 125476819
32 48 257287184
59 83 225008714
16 4 821421865
68 75 470991405
10 23 449762500
27 7 86575867
54 7 94549894
39 71 42495785
11 53 441177115
27 3 368735653
11 20 486770420
26 82 677316408
20 4 250497851
54 49 681245850
73 35 173403533
12 41 832346088
72 74 554614774
70 55 824853453
75 74 159455719
43 13 812677096
70 24 330093074
25 18 642178604
11 71 611780528
31 37 763977188
79 73 206851766
99 27 920637958
54 58 652593287
64 10 747032858
87 91 881943129
32 73 707357251
22 4 216929690
2 61 747650751
91 36 818737352
97 68 460960945
32 14 745025712
71 9 273030645
28 52 136553478
72 20 189755742
44 23 967538711
12 88 960156314
51 86 566569391
54 17 264626773
32 95 464505585
57 49 938262587
56 74 108102614
93 17 319605659
74 52 334008603
86 14 807432562
36 48 317983703
66 44 538722395
56 22 10166414
22 21 415567626
87 39 211698750
29 75 445642060
32 44 126725742
41 34 633035662
20 42 149333780
61 49 785175250
91 63 852597898
3 83 586499599
59 32 208718320
29 21 928832840
86 43 630155981
38 92 105125554
93 31 293261261
20 23 314217989
16 35 105747574
96 1 109448365
80 45 303343249
27 65 469783937
33 40 919698207
67 3 396997727
5 52 987078120
43 100 982866357
81 2 167655640
86 70 909519131
20 21 613312468
81 73 482544692
25 80 853057245
20 92 770930395
75 100 879024593
59 97 395569179
81 17 422620686
10 39 328687935
28 22 195429929
79 46 976252367
39 3 854926622
14 20 901626866
28 9 788226075
94 53 870485118
85 27 973553724
51 30 834567082
76 69 82726815
55 47 526668086
5 48 536716143
13 7 913681806
12 48 571864257
70 82 663199840
32 33 316235565
84 19 22189865
43 89 147757440
35 88 258956245
26 21 433598930
11 85 425479711
73 65 599688445
82 71 457107912
43 29 471783497
87 67 846020165
65 34 326168075
85 48 713641056
14 34 985542940
38 52 26353651
59 43 565254335
91 3 632980586
15 22 26529896
37 3 723856446
11 17 791341545
68 78 85574207
55 40 287068680
69 23 707730143
60 15 903213141
70 13 289655215
68 90 50288523
54 82 567889283
33 89 423724264
2 8 966972167
73 66 249379560
26 64 343632544
32 89 19386286
86 40 69198843
82 92 592142933
92 8 200879820
66 1 49416019
10 61 787574332
40 8 28056364
14 23 776372128
99 28 171558818
54 27 488516858
44 20 154619323
43 37 902687780
68 65 371443797
84 62 17830502
70 8 3702148
94 18 816667500
94 9 469133709
78 7 253619393
90 9 398267334
93 24 794083818
83 9 97414939
33 100 353344053
3 100 232457869
60 70 111382717
30 22 337881325
50 64 574015217
57 23 760552151
22 74 160566718
82 27 91057777
77 54 704459518
51 37 717102862
40 95 800870046
50 61 796947691
13 33 765205050
60 52 637036813
50 40 284770693
11 60 723726279
2 89 779246225
88 83 604732369
69 38 308412728
32 61 295035250
71 83 608994152
86 69 624324453
6 8 500798711
66 47 152809773
82 4 657994798
54 80 725228762
38 61 269414636
64 61 770364244
25 62 273052887
81 56 69165344
5 31 976853097
70 29 87050893
59 8 131059395
77 64 135483381
66 29 172688348
88 47 63644578
68 66 35995536
11 1 865296624
39 23 907324207
32 92 95145139
31 70 203634032
99 40 395734515
24 8 303599470
73 46 924879951
17 47 790933010
98 1 33334263
96 4 942115435
36 52 99567183
88 4 273194098
45 8 218100360
70 16 921610708
77 74 367099778
85 69 391788036
97 10 786627379
55 78 332285653
27 69 380548008
35 40 854732839
85 49 321197976
47 100 39597389
85 4 616608305
99 29 809825798
97 47 373882791
15 16 785101120
45 47 650189288
93 95 944175502
80 52 353771601
82 63 345077416
36 20 930608363
56 98 617397289
19 50 303157253
22 92 931622780
88 53 211228852
86 96 902217117
93 48 24200428
76 36 390183165
96 61 412230579
12 1 224645105
16 8 387831958
84 30 788401899
10 47 340215377
32 58 136128490
76 5 9468439
28 24 300312936
84 38 554754599
98 35 243403234
56 38 331605996
16 17 578155266
53 2 263052582
62 88 46930957
91 85 733908735
12 65 511941550
43 42 420942330
57 25 678671148
97 95 512859847
11 88 431159143
93 37 288360900
27 8 970078812
68 20 564931305
70 85 920270330
62 83 542862612
43 20 737628487
84 26 568022675
47 92 966974731
94 7 112524061
64 83 384230097
70 2 397628793
48 21 434072232
62 68 211165334
36 53 683652318
53 100 550799482
57 78 690094806
93 27 489671033
62 75 244310144
86 80 18531049
27 88 698865447
72 13 522423709
35 46 119452489
43 4 636730868
87 50 450729197
16 56 887765056
31 56 448410025
94 54 160712028
75 89 648975614
11 3 910598843
79 8 611513692
97 53 317527512
29 3 381311667
12 36 327226798
78 83 801292144
47 65 846412608
54 63 148712347
84 47 882749416
86 8 348662464
19 100 841201523
5 57 933386550
15 10 853801202
29 17 806889794
93 50 107765047
87 96 8235816
98 7 214508232
80 37 835504939
67 78 560492677
16 34 916018195
31 78 547574511
94 77 436434131
30 29 447645602
88 39 835667178
54 4 173428661
67 92 277635015
12 44 650520653
84 88 340244184
29 100 188741646
77 46 190310640
74 20 863877669
48 90 122792901
11 87 221782148
15 98 708939078
5 47 793096578
87 69 571983874
37 92 335586057
56 28 191701856
26 80 78745209
55 96 118602272
26 22 395467644
88 23 712215518
17 44 388844891
86 42 628946688
94 29 996653891
82 96 79858888
22 42 765509149
44 2 259689094
6 2 203948256
78 63 324149748
17 78 710545719
50 82 637919624
85 17 326265475
50 89 6838603
2 49 691261276
46 95 786482385
15 42 880562484
1 23 342845745
53 78 639904508
77 43 303580656
87 26 788457012
64 88 764216051
11 66 663342523
72 63 436985846
73 78 205259613
59 36 548773371
22 100 881467449
5 35 682412364
76 63 149500079
59 22 333637724
59 71 458165361
46 38 611107440
15 95 649047227
40 65 4595900
13 71 257871536
76 57 699533003
13 58 188656082
14 1 943332121
81 9 40975123
39 33 173541013
51 99 780365109
53 58 540446673
91 97 700718883
29 2 917464271
81 67 566566705
54 79 286924985
41 33 644401374
90 1 250551437
66 41 406099155
93 9 443745160
24 20 39785710
48 33 115429210
60 50 697491267
12 39 548410488
81 63 186073290
87 58 205857909
7 42 830904688
56 63 805208266
51 34 852600617
24 4 883482529
1 4 279062146
76 23 276182541
12 8 920685778
10 9 765289672
62 41 148290783
41 18 826979895
27 24 904642481
50 78 38850609
59 56 467675840
26 45 432104437
55 49 390546217
81 41 590026335
14 18 982190000
32 72 72044760
26 68 832118310
26 95 657143164
6 29 480504436
80 56 822696556
37 58 639445501
17 90 841273402
43 88 475134604
94 52 359888817
57 11 680862939
45 42 670486270
70 49 797527363
30 95 392306048
38 58 324315996
25 8 728134501
33 46 480459449
44 18 100451044
78 42 994638007
87 14 147030367
99 38 225830965
72 10 381323270
60 65 576338046
94 55 763984903
35 39 215079788
98 2 226677477
55 41 251775398
36 1 994965080
30 75 617229789
72 9 105683325
68 23 945928453
63 83 20634910
11 4 374381572
82 46 367603692
41 49 241053087
83 58 149661084
93 44 148498826
73 8 776306373
39 58 747813427
87 42 829002925
56 88 215123240
97 49 850262368
68 33 112729318
15 44 481807138
25 90 735447327
64 75 636094145
28 53 702388452
50 41 928264572
100 89 123089625
15 61 222830708
10 96 436863277
73 24 288758384
94 95 886781958
7 21 590700128
56 41 63255878
86 33 874148350
99 95 450552265
97 18 938715178
56 100 174706930
80 82 3232320
48 7 813450196
29 88 629254513
70 1 673395214
84 94 969654650
77 31 524814589
35 75 400825004
57 88 925454670
30 2 498800135
22 20 623014081
54 48 872152578
59 53 759146038
19 36 532714529
6 52 686269467
51 57 623702137
88 37 50305838
25 2 946183423
13 38 898379927
31 3 690839990
73 95 734442247
73 98 919698953
50 66 80372209
84 69 518864586
50 68 530289977
40 1 211710208
78 69 400440549
94 100 955823684
98 78 921740326
85 29 207598436
43 96 158144982
81 44 279856343
50 46 472794133
19 42 9648655
16 73 499702566
4 61 403801736
29 48 810319493
15 78 92822370
93 94 884746016
93 33 422189074
70 7 63700518
46 42 874982128
60 1 790182964
12 86 779303442
74 1 558871662
43 47 607613982
56 3 970367408
43 66 853929911
51 35 508177370
37 1 219224867
99 97 955739870
5 10 744004451
5 64 978448575
81 23 157818956
80 9 680876489
59 74 144854472
76 77 818339391
14 45 873161284
68 46 6442085
11 50 857571794
80 85 170570408
29 49 290036695
14 98 419913820
59 55 293493601
37 83 882236681
67 38 72430213
86 89 68736321
51 20 964283509
14 46 468828683
50 37 83791268
68 89 485245049
56 45 774774657
35 17 465208934
26 9 710876425
10 42 165102265
15 79 882451000
15 7 743269686
11 14 560489143
66 37 14140397
11 80 630255001
54 64 910442621
36 21 369145470
19 74 8890950
31 69 135549324
84 81 436843634
30 44 61825927
25 14 538757322
85 28 96970659
81 43 782960216
44 1 326969873
50 42 402744060
23 61 978964195
69 92 817692247
62 80 593116650
54 1 312165697
88 21 77915147
78 61 941047605
31 20 723337945
72 44 26079960
64 14 954048797
54 62 266732095
70 56 930382307
2 18 452805829
99 46 992942395
32 45 866700595
60 96 212358276
91 100 502103305
77 23 206004579
94 59 435334383
24 71 904688472
86 7 446361878
59 82 990302060
41 28 900891828
11 45 177080590
24 69 961912210
35 49 433824814
80 88 843407481
50 56 370038096
81 78 958076100
87 82 128690998
19 97 447964147
60 80 148816181
82 2 718362630
97 2 367817441
93 13 321328676
17 83 186246314
77 13 859182946
25 79 572637783
63 7 520043397
94 16 411607338
13 4 790627587
52 89 869798941
36 40 787359321
5 78 706154599
93 69 406718045
11 97 157139755
93 25 113356833
77 63 741768392
17 2 807548296
2 47 105382449
76 75 517273048
32 4 765601606
45 9 194175000
82 52 406394124
80 22 983104370
99 26 372975766
86 20 575199289
85 7 973639448
39 63 272595782
6 64 927310624
41 4 452597555
99 12 979539027
76 28 850485024
19 88 786836900
77 8 656505137
43 10 50805589
31 96 936595617
24 61 117770698
12 10 94453815
19 8 944408457
1 42 240148296
11 61 413490814
85 10 465478587
25 85 638767266
98 9 846531213
26 6 899879448
19 26 800657302
76 81 842996491
27 30 727480404
71 18 536042331
19 5 520047630
86 66 354130928
37 90 691214377
31 73 234072942
55 38 151283637
80 42 679917017
84 98 247830770
31 42 301618068
16 40 463251216
81 98 871708386
90 20 453466538
55 43 53804968
27 89 997409650
86 44 608551505
94 26 526993116
35 8 821258800
82 35 152363602
43 71 583424468
59 89 451797050
44 46 215956812
12 17 209366919
44 74 55227535
55 23 161111710
85 75 855274256
96 100 952434382
29 52 943700982
94 49 686771097
51 98 333504893
80 92 701190525
69 18 766332423
32 21 594668599
79 58 673475411
44 95 372895989
31 45 732449996
31 46 478475852
56 2 433276411
12 6 560920111
54 50 956702705
48 8 498026561
12 22 944333377
79 75 693495645
19 73 262644758
70 65 983628095
60 89 154736388
81 69 107384169
71 92 316683374
43 85 393321842
64 24 25189458
2 9 292566221
17 75 584346622
82 53 257652181
11 67 963354161
81 61 940846617
60 35 41356456
26 30 94765285
44 58 882336945
54 34 520987625
31 92 96563139
66 92 553014261
18 38 242847010
85 90 690692909
23 52 498056489
85 89 761951039
80 13 982629733
31 89 937452350
46 61 223179597
70 30 283865102
73 85 478804159
18 7 364104131
53 42 310657593
82 42 347391889
33 3 227268809
25 16 443576121
64 52 702170078
10 22 22853624
53 47 764704594
26 1 400872529
40 23 959369059
62 27 822594498
19 37 41613057
37 47 656060467
76 24 737142684
18 61 388054156
3 42 461015618
13 52 723336836
66 65 355595068
5 16 898556502
44 78 791734527
35 44 35800249
54 30 270869789
73 27 251814657
31 38 769681536
11 91 109171013
12 78 938024783
91 44 259105251
51 38 358493521
87 12 591536865
35 78 148330049
33 24 904814394
35 28 562944588
73 47 568085028
31 91 821614375
99 6 549242538
12 97 663477480
65 100 58464199
64 37 74490336
62 92 699674180
6 24 759038714
19 32 728639238
43 63 207699405
31 23 481211675
94 90 268719728
67 23 89273050
27 2 866561842
64 56 268977096
14 95 824683934
90 34 659334028
98 17 539122258
5 24 456716529
57 73 646594898
11 79 893678985
22 1 83670720
20 38 709680655
75 23 211760186
15 62 374951303
23 21 928550815
43 82 149646574
62 33 504009727
79 9 745751068
67 44 891281676
59 2 576129636
6 63 883428467
81 53 637355486
28 89 5389246
45 90 56358032
30 24 718133213
26 8 405374964
27 95 588108928
79 43 661285391
70 66 320800412
34 9 289926837
51 44 466394799
45 74 489335130
5 58 458920743
57 65 259216038
55 63 645360845
18 42 267188544
86 36 748316350
66 61 245028428
81 49 137924084
97 86 611918250
71 65 563361714
99 14 417949029
99 8 473860319
70 9 92304439
32 23 831910584
39 74 188179365
25 92 175490812
26 62 166292349
76 2 976902596
53 8 370192175
68 38 238264695
93 28 151203585
54 47 913134397
30 1 779825154
93 84 322454158
97 1 707890108
67 30 720643267
11 82 442276468
83 61 331673906
16 52 355883002
44 22 963387862
54 71 84482432
51 18 962768563
84 41 459891274
57 15 223722144
19 24 37679264
1 9 618042524
27 42 796580690
19 34 232910587
12 85 841195278
78 89 311531328
57 31 734118415
39 22 806026509
28 71 34946528
72 71 814323001
55 20 722991900
57 12 26412494
30 37 769636301
74 89 391675491
66 21 398112616
33 22 928492337
36 61 123094386
76 27 309167524
16 92 196956531
5 90 929926075
71 38 725275345
91 8 752097937
4 38 595239410
26 74 131225796
77 66 555671098
62 53 418106856
84 15 435666482
81 34 204656597
5 30 356633625
97 73 241794800
61 58 253658324
60 55 127440045
45 100 244391408
55 4 417962101
25 66 961211793
39 37 155782040
45 69 640724814
37 71 174935571
50 55 412564403
69 21 652351989
76 99 261946563
60 83 419865395
64 27 564307082
85 9 365584950
85 8 80794541
20 49 146698801
94 88 643345953
31 79 788142655
96 95 218327329
16 63 329214235
74 61 472765023
19 18 409445366
28 37 53197107
59 88 639745784
5 44 41443936
97 24 802067561
66 35 906535440
51 88 715020200
57 20 378465193
44 89 230687006
87 33 662801350
29 35 960993130
56 90 999440539
12 26 927229789
60 87 555800499
60 25 710640921
32 16 552819192
63 52 919490728
80 4 539699994
85 88 408670497
91 62 178948011
51 15 543420106
32 3 177284877
66 100 422278608
18 52 580718461
10 71 902663393
15 3 488608127
74 58 612275973
94 47 858099637
30 45 71932693
75 21 724147030
19 23 949301797
96 38 325552001
29 44 451571715
10 83 725448100
4 83 178583421
74 18 341066984
12 63 249389185
100 23 676758069
76 87 652096487
4 42 388167450
60 86 85752406
12 71 152634515
97 39 600595728
94 17 303003511
14 4 764939468
93 60 993151857
60 82 6195022
16 39 108854059
96 9 940631774
60 98 584546761
43 83 717748203
87 66 500551777
12 83 81286911
90 78 505158696
56 92 616060551
80 95 985329308
53 65 201285388
6 53 249147340
51 95 496460338
51 84 812346748
25 70 370742158
5 49 546086179
54 89 274927571
88 49 855526324
24 83 983191750
6 90 438324643
78 18 378480080
16 65 591820568
31 52 994961933
39 40 898125749
67 10 947064533
93 20 515009040
85 20 376980582
25 37 764146136
80 41 581290724
94 64 702685421
53 40 575969929
76 48 614348214
34 20 34739723
33 74 767369938
62 37 682604621
66 90 947630444
51 12 551793572
34 58 555591434
72 18 481611361
57 82 250475708
53 95 671220378
36 3 764842326
45 22 70321283
68 9 171442143
60 56 497420233
51 71 113770125
36 7 367775907
12 23 318821791
51 63 378263607
85 74 660828531
32 99 923609343
36 28 472611784
53 63 711939029
49 95 951707401
97 79 22926431
100 18 508387152
85 67 635416623
38 9 395212168
31 58 646515307
57 85 675327726
24 89 948080278
39 18 812487367
31 53 50191729
62 3 903719226
93 65 208949509
69 34 394314642
99 4 302642705
99 22 980863986
78 4 964160944
91 73 67951177
72 41 832679107
17 21 2131659
32 29 544365703
96 2 632926409
25 26 12447930
91 18 957270343
31 34 883278227
81 48 469434270
26 49 610140921
46 74 653204120
70 41 753047199
51 14 319561655
47 3 383672275
13 88 213283804
74 63 937544963
56 53 84393779
19 91 115381014
16 21 850556543
34 42 486177569
26 88 343284503
67 45 578884065
65 83 700522437
12 80 703879533
99 48 982709067
62 36 492366217
31 41 372875470
87 73 444853779
26 92 237625683
14 66 166771819
35 34 749514357
99 47 330214903
93 21 73159461
67 39 96667763
48 61 242348054
70 33 163264655
90 71 785578824
57 8 228960460
55 35 46845496
68 45 914323656
73 39 386210665
97 17 443246442
32 41 835592499
39 38 444123889
93 75 770224370
31 61 193431856
99 73 325250732
14 88 475600581
68 28 510512679
97 96 408860146
27 63 717720736
96 58 256216121
3 58 476796950
10 20 864792770
50 75 291434097
75 18 999618353
61 52 659138152
75 42 456504114
32 62 57909594
25 35 633972908
23 9 29888689
81 100 934449614
97 46 626013187
93 97 839845329
82 78 178353694
65 3 164410760
45 7 179491489
17 71 592905542
45 63 487152726
94 73 713779712
54 26 711363238
51 75 308866945
84 10 964058135
94 68 725932629
72 90 798229257
60 22 470888366
13 37 579734720
60 67 64618225
77 16 430225301
85 47 8193293
57 54 892637923
88 45 382647981
56 72 325463533
25 100 162068826
59 92 668535855
63 100 902839970
33 90 725381404
81 55 334835664
64 35 531038276
91 53 392934626
16 23 809229940
87 27 475502891
72 34 496855032
59 38 922258931
9 58 626159142
62 7 758484109
57 2 314053487
94 2 94014142
76 3 680143741
37 42 514796407
56 67 352274132
70 98 766564488
25 88 23710195
87 70 385845883
12 95 244188557
54 40 957002393
66 95 720993007
56 36 380460094
57 48 815529819
74 4 302762117
22 7 691370344
51 72 552186422
54 24 688719139
84 59 698717776
50 90 66373645
43 58 482769682
25 44 815047349
46 71 467706719
78 20 136170963
57 21 229022081
13 46 164908661
45 53 450127292
48 89 338145253
5 40 898759570
66 33 649326669
72 3 775567525
40 90 654852305
56 89 836470542
28 95 614258622
36 10 533892129
55 65 704455754
78 52 318628751
85 63 430157877
66 52 521542822
23 83 631955531
10 33 762889958
19 61 117558685
84 1 278517542
79 44 493567428
65 61 798231676
93 34 312805219
93 32 518006609
27 72 88407360
26 7 504808790
77 90 688846432
81 13 160450408
99 16 700883731
46 52 760591006
39 2 227501807
53 37 974781864
77 36 857672606
44 88 249432654
12 82 593010029
72 46 838644735
87 100 430092468
70 63 995854497
68 37 281298923
93 59 783652236
96 78 281974843
44 40 477574819
13 69 155925254
80 65 160715987
86 71 892578876
55 73 835876587
77 80 703902856
70 46 939973328
29 24 824304627
99 91 47324186
94 38 30023561
12 37 910844454
39 65 239646339
76 61 295134714
62 90 455617907
54 56 705011057
62 1 582857098
91 50 214117112
45 49 823165776
14 10 737018572
54 9 635667952
14 75 562396305
48 38 334142543
26 47 170616439
98 33 198001680
50 8 187290467
57 6 608524606
28 69 187694549
93 99 295536352
27 68 719847365
19 69 374689817
76 58 953903711
16 33 321604446
25 20 439911406
67 42 470443170
91 39 635419697
66 69 802997783
79 30 457851155
70 42 492496629
85 72 722009725
41 2 145387761
44 38 761456621
57 58 929488416
88 20 866335062
71 58 678892381
29 45 530792024
84 82 435837013
91 68 506265079
56 65 727906321
6 72 265772937
93 26 455495336
80 61 938693479
16 27 81829102
16 88 105296837
43 67 987698251
70 71 4784869
88 28 819341489
19 39 300911786
51 26 512833863
78 95 377117945
55 42 611899082
74 3 372710400
64 69 806342841
90 100 723642691
91 29 92819993
60 16 782407309
59 96 843419719
37 7 530674943
72 33 759990723
84 31 731603295
59 87 495755494
91 6 863164282
19 27 108926673
93 81 853136113
60 40 550032819
68 41 226979884
51 53 84465928
39 95 642990568
50 95 669000165
54 44 489646933
43 35 468995442
79 74 335456306
36 75 306373572
98 58 158487418
64 90 30762241
99 83 175745544
22 9 660850243
31 80 994421885
75 47 560734755
14 44 878252466
93 2 467332840
85 18 951880803
57 89 853537648
64 9 211246928
94 42 978518560
54 60 310811929
37 49 921831250
75 33 835420077
87 35 390990898
12 58 388111965
3 38 877213074
55 56 509245675
20 8 726686564
28 78 339324517
59 50 480579701
96 34 543375530
15 82 441069435
27 71 259636143
66 48 512939968
59 77 568795895
94 62 203167642
19 6 619916454
40 78 522191136
12 64 458171016
54 67 117420792
69 9 702931933
56 9 645661849
70 27 426604619
51 21 234763058
41 22 538537430
99 20 626995383
17 89 444255803
64 39 420295870
11 65 50001954
26 3 934922733
26 100 680662953
85 45 501738985
84 63 252313970
81 36 30653337
93 8 638364049
16 42 658545482
44 48 352470836
19 43 114745937
79 56 243412440
46 89 865171954
30 28 25585525
5 53 396826787
51 48 879323874
94 89 386209944
99 64 600907403
60 41 75619616
10 17 473395756
82 47 521203946
98 83 2182342
3 18 65768277
64 73 756781498
31 35 208736828
32 100 894015479
24 7 391618871
99 70 211287582
17 7 55972856
93 6 740398780
11 40 954317804
26 16 314535855
81 70 311427069
79 35 616846808
73 44 163889058
62 95 752517096
67 7 160337127
93 74 197668234
64 96 16848356
91 9 12022706
66 74 177372141
80 17 407880319
24 92 446728833
59 75 484669771
5 86 123229472
84 91 696112282
28 7 771601599
87 80 424457357
66 17 768022904
37 48 781750848
68 71 240903935
63 38 159610584
57 38 68316064
2 7 790681677
64 67 869771019
1 8 535188440
91 71 49272316
84 99 784344297
59 42 602017400
82 1 403711417
97 61 207717891
84 13 171534491
33 92 760782453
5 88 890328643
76 30 112300550
70 14 153814938
15 36 691019022
60 2 188326487
39 53 496531522
99 36 806513391
76 64 434464540
87 30 274238553
57 34 464902515
36 63 562880841
29 78 786632957
96 7 775662940
77 53 111254756
66 8 896755459
43 68 836610417
82 13 387332386
44 52 155973990
50 22 732434889
98 96 402456681
59 52 437026243
36 71 219775652
57 81 244134477
30 10 34948926
44 83 255470116
48 78 830183500
59 40 497764010
60 14 419620417
84 77 262317047
56 47 786702941
53 61 767877809
39 42 286937945
80 40 167526120
67 71 782399889
6 13 77238669
16 14 35215027
44 33 642475005
93 45 773304497
50 67 44922024
76 38 430455202
70 45 195718681
50 39 506601303
55 39 509097052
51 89 252706526
82 30 146428543
79 29 795764577
26 83 379935942
76 91 52758887
87 79 763511046
51 60 205763298
91 98 584734380
27 21 174668428
31 44 786776909
87 65 536870096
85 40 822698485
74 65 272173024
54 25 565620500
96 48 244523606
74 23 803933851
46 4 55754057
64 4 483582914
60 28 243797503
82 56 301164010
99 49 861608527
41 47 418845137
77 4 990409589
97 64 2796827
25 27 120310998
79 33 130296665
82 37 810402575
5 4 811437654
9 95 967333284
17 28 669413969
48 49 402392011
40 38 840896478
54 22 264285150
93 89 204887713
40 9 178564848
28 34 318488118
66 49 222409996
55 53 715084934
67 37 77400766
19 30 817193681
86 10 30942810
68 8 902452803
92 52 38214532
35 47 308462331
29 58 103997917
35 100 394925042
12 100 827691676
96 92 59319616
43 92 390924341
16 1 672299831
35 95 632753854
19 22 243203894
90 83 144198865
92 42 929343021
56 24 784499605
15 67 221911847
94 66 49056523
77 73 213140231
16 80 791981989
32 27 411263378
41 24 689789713
54 13 509079404
87 13 918313774
40 49 589847014
36 18 691976426
72 68 8710322
15 83 550243683
2 4 327048686
41 83 497409943
73 7 744112965
6 3 762222230
11 43 628996949
43 40 367248550
91 82 782908792
79 47 154837913
88 90 87653132
55 45 255610480
36 29 906503997
14 2 975673489
11 15 205169525
100 8 453918176
5 20 134058017
54 21 348617988
81 72 463462596
15 1 258609985
43 78 596196263
82 36 281660832
2 34 615173154
94 45 824060186
56 78 97130968
84 54 435041340
81 39 773878091
89 95 31100700
2 95 624049128
15 46 258308195
54 68 167534374
81 15 898201814
15 66 353206795
51 90 729009929
62 48 653357492
17 92 835764878
93 41 107106590
6 23 801764483
39 90 471765661
44 24 57041457
50 49 580328739
32 7 564887740
87 78 594055817
33 78 926885647
31 43 544754676
64 22 583401956
54 37 329130378
11 31 518293946
99 67 965752166
28 47 190608774
94 33 448258887
20 63 144192736
87 53 734958331
97 37 682850391
34 95 241056492
36 13 391549844
76 39 58530762
52 95 221859714
97 35 768866143
64 3 716942781
85 96 727770043
55 33 970742105
27 67 359311987
15 96 187642749
51 29 282789706
46 47 434202711
75 34 14339060
19 47 604617860
46 18 901261900
67 66 216632185
91 86 369427689
62 30 132014999
98 71 183554057
60 90 486980636
84 48 387744383
94 46 483410939
28 83 458185084
45 33 944245765
26 34 388758428
90 23 235312436
64 16 827752640
91 55 163171358
98 46 329108530
50 23 648835148
29 22 213647882
98 45 580272595
99 63 347145116
14 61 177226449
100 9 638548125
40 71 653803197
79 64 897056922
60 42 749174935
57 35 690766753
76 17 710655123
28 58 345556344
97 52 403191872
50 36 878950411
25 3 941515349
19 64 950850536
60 34 723631038
15 68 197345074
32 6 579092015
45 28 227600619
45 65 546793568
8 21 435899574
15 63 559840054
26 96 248704120
77 42 393444401
27 17 825365180
99 65 123758802
55 13 397810763
82 69 138712387
51 52 476330843
11 34 888207124
73 49 948461106
66 18 842976041
76 32 653079225
14 29 507900573
73 53 674129196
73 36 738372640
29 40 301198042
33 95 188248563
22 52 520156321
91 88 954032414
29 8 679076975
36 45 452990904
12 92 973582484
5 29 245222128
73 82 277184758
4 49 35353272
86 49 463205865
32 81 414503636
55 75 965614546
1 83 547334325
84 18 605949082
90 74 870916529
79 96 211700274
58 95 280754825
94 96 301974269
76 73 724710404
94 80 444919782
64 72 154575063
90 69 110003334
86 88 959484579
81 79 201137313
27 34 62108600
35 20 960922440
26 33 328822620
16 89 892188215
41 74 482355648
6 38 651371685
81 25 58404233
30 46 867695256
35 71 246832343
26 67 666305863
81 14 826861727
81 35 440671516
33 20 589571790
5 80 975577200
19 14 36592862
56 83 14136858
66 7 818497431
37 21 237761935
36 35 195619528
66 63 822341455
52 49 174070382
68 100 423866256
47 7 865461320
25 78 573404737
67 47 604388495
18 4 860217035
19 53 38335097
94 35 426328814
98 68 956806492
78 65 888513720
65 1 513484169
54 41 52688665
27 61 34508681
15 71 84222154
51 69 500269612
5 34 965997060
5 22 558087876
99 55 583673586
5 26 944986365
64 53 109198414
55 1 507763190
36 89 776494434
51 100 937653521
64 48 12559031
71 3 901941786
10 21 897086429
73 89 213849651
79 78 628800213
85 68 745117466
56 42 549221789
19 66 974488328
5 82 875369958
10 95 248608459
47 95 104828752
19 70 197368840
86 21 942775642
43 28 874458260
81 3 414376431
97 40 955130124
68 2 814844168
76 35 956597164
97 33 716297920
77 81 267590743
1 18 402552125
21 89 72706258
60 91 945807411
68 69 274599638
76 82 514702196
32 25 395874934
14 39 191839160
59 3 695399775
25 96 627816039
60 53 210567738
62 67 528108097
66 96 770319894
48 20 708913671
86 83 609040851
99 96 339222331
5 41 877967282
5 45 568970184
25 67 795293097
87 62 13553665
76 16 445418167
39 100 871147843
73 40 715243274
85 38 330778074
79 14 614360278
97 21 480704194
46 49 551684105
35 61 846946162
32 22 544047013
79 53 821667166
59 90 476432697
39 47 892245762
19 82 401192342
44 39 598353872
56 66 572054982
76 90 297048035
72 45 981693554
31 8 270623852
28 65 490083284
8 61 728303192
43 21 122292503
82 3 515481517
93 10 793958832
59 68 983699654
84 3 742908215
97 14 298220576
76 19 187705568
24 49 740774415
60 69 773872243
56 58 560760051
51 45 192829869
81 22 140644248
85 2 255054267
54 96 704306841
87 49 108730154
44 90 330811819
15 37 804778533
5 33 359262903
60 97 69740355
55 3 388947873
62 20 425903580
86 30 491481220
4 58 479407550
97 71 455291520
36 69 505991394
64 13 271566597
57 27 752974721
15 17 783035574
42 58 440898753
47 89 679861769
27 66 669591079
5 25 665438387
55 92 615695783
36 92 648049876
60 44 502206842
73 42 49903986
97 92 181457164
37 100 292928521
97 7 637844236
16 45 325669578
41 17 390254191
66 83 4729026
12 18 692143877
84 5 481205344
31 95 632334496
19 12 50865195
57 13 223602950
77 100 969385404
96 8 181394548
24 22 797414977
9 52 166014272
91 23 994331384
30 68 762785860
75 45 580538074
55 8 817157584
84 78 778989718
50 71 301307668
47 34 490778778
59 11 827940430
11 37 917152381
50 53 177131379
47 23 829657442
98 42 655184474
66 34 674590885
64 82 389417080
67 14 995313186
37 74 124909939
57 75 539010633
27 39 787961786
55 66 625960254
37 8 374997344
81 90 843091703
30 33 569153850
59 69 680629418
5 74 117712288
36 34 9774158
75 69 61661337
59 9 738596471
86 15 751950654
55 29 419323029
1 92 536573633
76 37 506383862
40 63 124683994
16 75 403493175
96 49 953504797
1 38 591701714
41 1 132210810
10 7 110908352
51 56 934584108
6 56 984897019
98 89 406290075
28 92 3813154
86 34 568929947
73 1 625131364
77 69 676105038
71 21 884035980
26 46 438383402
41 7 134148302
44 28 211240731
91 56 515975381
91 66 336597710
81 12 60199506
76 95 326772741
6 61 460536457
60 37 129123173
94 12 236204511
15 2 855052288
12 49 964905662
55 85 98498772
80 89 517788281
59 72 522901480
2 22 276579398
100 52 617432439
54 88 808761889
22 49 876387142
54 2 572791383
50 52 991892320
8 95 880859993
90 3 329930975
82 40 703679287
34 38 342547215
6 80 237762063
91 10 516639195
93 39 209122367
65 38 580367571
32 66 426235993
60 8 168007643
5 2 58815105
79 61 926399595
62 63 790221502
96 90 213109860
28 33 549122654
40 89 174413694
70 88 634557910
87 52 780985654
38 8 892040229
84 36 52685847
34 1 912987280
73 63 882193034
85 44 754210262
60 9 267476372
47 21 75013059
11 22 258050667
12 75 662088079
94 23 582276342
16 28 996481634
88 63 599830207
59 31 609684515
50 65 379805736
36 8 160718111
41 40 773067291
84 90 467001806
59 95 385018535
93 87 334730243
6 92 240226649
77 72 42463130
94 69 117899272
22 18 827770015
98 22 227068642
43 90 964936095
68 88 346528603
84 33 70075462
72 96 501722508
19 55 179515725
94 65 649125563
30 48 42633288
93 56 592136307
68 7 55490264
26 36 740909713
5 60 677769731
46 1 616872699
7 58 584903621
78 92 894166254
51 8 47927480
73 43 638346050
51 33 12913309
57 86 983363308
40 3 553721029
46 34 666872544
73 61 663076244
13 44 283120072
8 9 710540831
31 88 533278423
69 89 756720152
33 65 128459736
51 19 363041390
14 24 818300401
47 9 543383460
15 29 990173069
93 51 764596726
72 28 812969783
80 39 983431794
87 61 911929564
10 92 75261795
32 86 572155079
73 38 292797509
34 92 434591879
27 22 75432532
75 20 37284121
64 1 393114383
29 18 711372795
3 34 629851595
85 95 936451543
11 36 463551775
36 66 725312118
43 34 609445530
6 95 152121028
83 52 754988419
77 79 268170369
98 52 567063100
24 63 850799421
71 69 776273178
32 10 154937421
13 2 445588973
16 85 965801913
99 34 511899628
94 21 794684923
79 49 114878872
14 21 686543225
91 78 906058017
81 47 434812172
60 61 603452325
12 30 464498189
11 89 648673470
76 98 44692973
87 8 46496844
19 56 787276361
98 72 181670284
71 100 735861650
54 53 39140258
1 89 562033592
97 82 924257583
84 75 503917089
60 74 234012384
69 1 893094108
11 68 222968345
19 95 278944729
43 45 458289159
85 33 893121568
10 28 561094523
98 37 310320311
11 23 966287778
6 28 789902317
91 92 921105458
60 23 241621431
13 75 140858003
23 7 76373111
82 7 914787784
99 43 467087415
55 48 242915106
67 83 604681189
56 7 735354817
44 7 141690009
26 10 163691230
76 47 95412506
59 41 176765802
97 48 938338387
96 3 414095808
81 65 632557732
17 37 669671823
51 39 983018277
77 15 162856467
34 61 992733270
15 55 728390709
77 37 280625822
19 79 394670451
67 52 646456020
57 61 293494295
2 100 392793063
94 85 237174374
79 21 69664896
68 63 386265829
7 52 589945338
11 83 374185883
17 1 644244635
76 46 206574676
55 72 616519614
76 62 267403736
13 9 473524082
30 47 449059658
68 35 698768233
75 71 2201256
73 14 705329735
74 100 888579653
20 9 24956829
37 89 462903026
25 13 474551984
99 90 375402841
28 63 875192684
25 9 71795772
94 30 801958088
65 89 86640301
83 21 590478960
97 43 606538961
90 63 630686383
29 92 884040999
92 49 454052319
19 13 229375554
41 92 272780541
17 23 334362664
99 88 523188309
25 33 445533588
76 86 352761143
3 7 145510558
51 81 365854267
74 9 431567474
2 1 886504367
79 63 589067927
55 61 820934046
22 38 117336199
96 40 93794754
99 85 684250385
31 24 171020656
87 64 450538470
64 95 298811442
46 65 168181887
19 44 943467926
50 1 344923469
93 53 251523191
68 96 630321078
85 34 424880735
15 39 859978757
37 34 667864730
39 24 964635184
72 88 66617382
6 73 1958634
50 69 550215903
50 21 651450968
14 17 92327155
99 3 280074058
86 37 59885816
78 23 927180178
35 3 162370985
97 20 849355629
18 92 408504365
54 99 729185370
75 65 51642640
85 61 882153427
29 95 226489157
97 80 903353942
97 27 575101944
53 7 671124977
55 46 591938388
60 27 550261396
28 18 485989280
15 53 899068421
81 27 744326650
94 22 664407527
32 83 624316716
26 56 164158066
84 35 488297838
25 36 221979787
32 8 674938610
40 100 832940188
72 38 703527973
35 4 703234823
82 23 947208398
70 61 966016245
41 46 825211285
17 22 98522610
76 71 373931467
11 16 858883838
50 58 512924136
39 61 983310157
59 80 929993901
93 29 93184643
30 52 165100763
50 97 395366334
60 33 419344283
6 89 162276890
76 33 996996768
51 66 383318149
75 44 913859796
11 54 153437117
98 90 1494367
93 78 288724395
14 40 70960569
67 68 938674236
80 69 678408266
70 35 142179064
57 64 481322390
15 75 311588991
62 23 527020004
84 86 123917420
94 79 966086355
84 85 973314469
57 53 278488353
26 53 336120808
73 67 734637620
79 42 64788975
93 55 47874267
80 18 679124605
85 30 780515478
18 23 268537695
37 9 449822495
30 96 3880539
51 41 229528997
84 17 357834447
77 71 837255385
19 96 429123762
55 10 991320081
39 4 598784816
64 30 487925591
27 90 583811805
32 18 474493020
13 74 757313671
43 52 67230612
46 7 920232503
11 25 855348107
36 47 220198563
85 1 88947300
64 7 580552442
5 83 397521784
59 1 652021398
55 83 86274485
51 70 582992844
27 52 950191508
60 30 902093112
87 40 855806663
53 22 353548121
11 28 449180210
69 83 643459508
81 24 217776366
27 56 367560360
98 48 366250467
50 15 21617129
96 23 875856694
55 58 217684136
2 65 717190179
13 20 163202331
92 9 792221245
91 48 12367871
60 73 397043616
93 47 691168371
90 42 186484283
77 87 396841182
65 21 763042493
62 85 913077620
11 86 266095857
64 46 823630185
76 12 396154314
17 39 686814091
88 18 263402453
80 10 674088232
2 69 34113905
31 75 304136251
6 88 782355894
99 89 234350004
64 44 407725486
62 10 67330024
51 46 546028964
26 61 569925510
24 47 948545216
17 96 727094335
37 63 559555717
93 72 866330409
40 58 400708517
65 52 553267080
9 7 501895880
81 38 826462205
68 53 940128632
27 40 869993816
80 38 424098706
63 42 383487928
29 41 883995947
93 64 467392158
54 28 650927815
99 62 742247241
69 20 387957116
43 9 212867397
27 4 809657420
28 74 974130893
30 41 808661213
2 90 810077817
97 6 948854203
30 58 626189059
16 83 284946984
32 2 187291917
100 61 791099489
6 37 652493292
12 47 247341933
31 28 111411943
11 81 188005980
76 4 488956858
6 58 10125620
87 29 678006462
60 64 279819899
14 38 485558862
91 52 216489087
13 48 185812016
98 39 572629481
6 67 216863534
13 42 853828581
44 69 105019497
20 83 252250693
71 61 790256461
15 33 180053581
15 6 758054451
85 92 267236152
93 82 718544483
93 63 965616294
53 46 935022984
100 4 55650483
73 74 375992425
91 89 802942029
34 49 803495043
51 64 994370151
42 49 615276576
43 65 972838578
53 74 858853199
82 95 819909679
97 58 328219215
32 26 495158251
72 4 11505570
91 83 730487323
27 18 374328545
91 95 251278151
85 42 839995418
80 48 481960713
81 30 929134282
87 20 104085660
51 58 264632963
26 79 680491081
68 52 245936568
34 100 283173255
39 49 915439168
32 54 800481339
99 42 5831935
66 3 789373876
6 41 910295028
30 65 418686195
78 1 78049190
73 69 827820721
76 80 134486138
70 92 83935514
51 61 469024725
5 17 223296126
56 17 850082029
6 20 95287417
70 75 228686139
73 72 223984468
59 65 553876912
99 39 508059314
40 83 978714764
41 3 764647653
91 72 669000731
56 35 267808460
66 39 545154041
69 52 111082829
39 83 577699412
97 63 2811536
76 89 42637911
60 24 31126101
80 71 82554311
58 89 108289071
8 89 983517864
84 83 885758685
13 8 231451414
72 75 278119590
3 49 346493012
84 52 274870828
25 23 620666585
77 20 630612397
71 52 641980920
6 74 580458577
27 10 267646547
46 20 537489770
31 6 760419277
64 68 449285937
62 4 921612559
96 44 421535821
29 83 767750934
82 9 734433052
94 99 23047116
54 39 790089232
86 48 313117279
97 9 435816563
10 18 748051813
70 3 15038340
77 55 272905073
91 17 665775351
31 67 355492539
31 64 279354656
11 78 575971474
35 23 490647231
35 83 199519508
85 23 31605813
79 62 244923234
33 38 463953231
62 74 893600895
91 46 592586796
10 2 509108594
26 65 353268029
26 24 60132949
98 28 178402631
16 29 115957125
25 86 611635118
6 34 787207821
63 8 280245327
85 65 657823573
35 24 649390808
25 89 286209723
86 79 319583819
47 83 52534466
56 10 671508308
51 78 406733035
81 20 210345408
59 23 292028389
69 49 338580875
86 47 211106965
48 83 897551309
25 69 144885626
12 40 46739576
76 9 366165116
29 89 489151281
77 2 714355208
87 86 448591992
97 70 238044406
32 60 27193300
30 40 44285967
31 60 186721075
54 69 974100056
84 8 206311030
16 61 29600525
62 43 987253347
88 8 800218845
72 22 160110029
94 14 954637410
60 17 18223345
60 38 321437788
26 17 964436604
36 39 21309876
31 48 852558987
50 3 898866129
43 49 838501830
88 61 722497936
29 39 460909040
81 28 118878941
14 3 701774129
64 74 352235014
31 72 925322651
32 56 284967259
50 45 223272611
12 38 197123395
26 70 938246164
93 83 817520459
43 8 594236376
39 21 758456170
43 74 458999401
59 58 283026278
54 45 452711726
48 2 439487954
45 61 819919053
44 21 79661944
46 69 873630082
73 62 151987242
81 96 237778276
62 14 776005512
33 18 187310948
93 79 574310107
41 100 647957825
73 88 130100136
57 55 359905325
6 82 515067318
43 41 450958108
87 46 350786650
32 55 46795761
86 22 352123284
90 52 695183436
11 72 33058823
5 11 50308769
12 55 253816570
84 74 171807459
26 4 73524079
60 100 883961395
16 74 363971320
31 12 137043780
31 30 920040907
23 4 341327292
15 58 550544499
25 91 81943439
62 47 234606339
60 92 917904534
13 45 31956484
80 21 121067075
14 42 50220249
94 43 67019126
75 52 235573351
73 71 431172721
4 9 822192563
66 10 904894734
46 100 97489716
41 35 931118396
96 28 592271734
64 85 28628190
9 21 267819937
5 18 19685137
29 63 449810530
20 7 221254677
6 71 962560823
81 58 55869505
30 4 234135263
97 83 679456675
76 13 730104188
11 8 504830824
90 58 447856273
93 42 394664635
78 3 695155370
94 82 10385829
15 85 96486080
80 20 896331036
37 4 401104489
44 92 885233272
17 63 559424642
70 38 135801567
59 33 8748772
14 49 999396257
79 1 973230072
64 21 95414772
60 43 110236134
37 33 197238573
75 8 728073267
72 83 215651007
16 66 891844587
80 24 426490232
93 73 83588523
78 58 656505027
61 42 866093326
4 21 203770854
96 45 146505
59 30 708990517
59 47 294330428
83 92 366123599
67 17 820986492
76 44 967642209
50 47 70852194
10 74 312216486
51 83 767094640
14 28 31131894
70 44 629530271
97 38 993042560
40 46 59617311
35 52 682355616
57 42 93028784
48 4 452480808
31 9 412846144
12 91 589176231
76 40 366570744
65 69 368126220
25 22 678816163
81 88 45514699
79 67 379556454
12 73 94553848
85 13 397090487
45 48 955266383
31 1 669000634
82 67 175508539
13 61 13796597
91 38 744730121
16 100 268477900
55 30 74631488
13 39 438209779
88 9 318882281
64 65 409754817
19 46 161489937
13 49 686265715
30 63 411570517
22 89 704370415
45 1 313913814
87 21 354929795
57 44 815924869
54 73 2623520
39 48 981293624
73 28 283706150
74 49 108168911
67 46 345721505
48 58 282206790
51 3 969589638
73 18 999012200
22 90 570315665
78 47 771380007
44 45 35168267
11 38 187403159
79 52 333101110
72 100 40061640
57 56 366733222
51 67 228514070
31 27 695587971
51 5 355132105
5 14 735405464
75 4 543437823
15 30 905913877
99 58 865510364
5 8 244709947
27 48 503852001
51 92 488830795
15 18 216422557
57 7 230389553
14 68 619191801
5 96 182188070
72 2 910804055
50 74 180043304
93 14 467259358
94 63 889590646
76 72 317998671
77 89 333792353
84 87 598091374
43 38 704948017
46 9 306442544
12 79 98122808
14 90 4115428
50 27 368554212
62 8 30283264
12 98 761081402
54 90 924951651
55 68 232403940
6 4 969532643
59 99 691457041
55 74 938446282
77 52 665970020
81 92 691855684
32 36 159835424
57 16 20924605
79 37 173451269
91 15 132698317
57 90 889686189
77 48 160635505
35 89 430774963
14 48 496623018
67 13 608106856
82 22 894068405
85 100 751060423
53 34 64177367
64 45 521042279
54 46 940103822
62 29 917279980
62 65 479032595
71 49 802100582
82 88 352014991
38 89 552759105
36 38 967317920
27 38 15061664
19 3 105601105
51 11 585410633
3 63 1725868
77 50 532231222
97 13 816913062
43 1 252864283
72 37 876645841
62 18 246472847
19 33 27394481
84 60 89389027
37 2 290309213
68 92 27656330
5 39 942509311
55 22 633739381
30 34 846252632
25 41 540253935
27 1 48008158
19 65 649281387
19 90 115298738
82 21 298896769
93 98 80354128
2 52 494527230
81 82 98726214
26 15 303627384
48 42 518847878
13 83 958283109
73 9 559967319
10 37 766392866
5 13 564086644
32 1 667607000
76 15 550842273
24 78 771613957
94 98 59436968
5 97 167998571
76 78 45426498
31 15 38873927
99 78 698685499
68 17 609319233
84 23 725474883
26 73 332240062
85 98 28155731
50 24 193415912
11 48 800450188
79 34 278590659
62 49 804176790
36 72 269981867
81 95 275319069
35 9 641113415
5 7 738934438
69 4 385079963
27 44 780522033
32 52 825195349
98 20 98946320
17 61 43568737
14 9 174284567
71 20 360503705
29 42 350615963
77 22 377092757
32 34 323062561
80 28 555499353
15 88 522675662
12 45 470532971
94 56 179255623
7 95 801710767
40 7 8830789
22 65 129688675
6 85 11850693
97 98 670520160
84 55 537828732
26 75 842226912
83 7 467490351
60 6 305943191
6 18 376665185
43 22 779122567
39 52 203775749
41 58 912079294
100 83 746904202
75 63 578686184
66 22 141082948
37 95 140385726
4 95 955156865
81 91 449362852
5 94 280974442
90 18 290843174
48 71 384914249
50 14 842413820
19 10 5255804
55 7 835090005
73 48 279605545
27 83 530742972
32 79 751492203
32 77 186184536
72 7 155188817
12 42 27459391
33 2 375890098
84 22 184181682
62 13 503547960
72 78 979170919
5 32 919648225
53 38 27973524
67 63 684917886
6 17 264898604
24 18 927344818
98 61 391237754
50 28 876205810
5 37 907362236
86 82 544657155
18 83 858084382
94 10 95874323
93 80 393128940
62 45 339907276
59 24 711153380
57 9 638886294
60 12 914291975
1 95 67534703
79 13 440531399
35 96 14328514
11 55 950170664
97 3 675563294
36 2 221232153
12 43 833152129
88 65 100169284
33 58 726246089
36 24 630435550
5 77 641024353
82 24 474848382
66 71 494735737
14 7 156109892
17 8 408269382
56 30 803305618
54 16 143832350
37 22 934117632
43 23 357903930
15 49 649737856
43 69 779962269
11 35 945384057
32 88 861133647
30 7 782516517
30 89 156616778
15 70 265713966
32 70 241523246
25 6 743462184
47 4 573083626
82 14 762210596
44 63 877991702
88 1 574693492
35 92 741434067
33 1 416113707
50 30 236555866
48 69 840453857
26 35 606636098
85 53 924980141
86 3 49500929
80 49 908797383
11 98 761169934
97 34 203134128
60 20 218533707
87 10 115656783
39 34 779619671
93 70 126339739
57 62 390009329
82 45 464754565
6 39 621524871
80 98 933362027
51 87 735703353
24 74 571941942
70 67 215349590
20 89 927966630
93 58 210758203
3 8 383467255
55 34 543821194
81 37 527702376
11 69 299467818
15 73 157498922
12 50 259683060
99 33 966362329
81 74 683912047
31 18 139436650
6 16 55349454
11 58 833883182
56 48 176379809
5 70 458301438
35 13 598743385
51 49 657020140
93 40 298297417
94 36 206620085
84 53 485462464
81 8 87755847
32 37 760562193
11 32 834952921
96 46 777325291
62 71 31609849
80 47 162474812
64 47 973128713
82 33 826026927
70 4 276387412
81 33 316934553
76 49 856057055
76 70 780073890
75 1 553022229
25 65 576647521
5 62 988034645
79 69 602664092
79 41 312663056
56 8 957038270
82 58 857847839
70 43 483991768
36 17 195745430
82 20 661968131
64 78 130631435
87 68 875893174
93 91 242576593
16 68 169892473
16 72 717474306
25 71 393609460
35 22 369299204
51 73 29779094
43 98 450065933
87 17 870139667
4 8 876510160
39 92 699163154
72 66 385857234
76 92 769519169
70 90 706697913
80 75 823451859
77 14 776136389
43 44 679852720
37 65 477636310
6 65 354081535
15 4 936498861
24 100 888573612
76 79 551951331
57 60 107130019
98 69 402718086
72 40 883375143
68 21 409697313
28 49 637089877
94 24 647210698
26 71 26891436
37 46 283886346
91 65 80841548
93 11 134168471
70 18 201584676
88 69 866023005
54 85 992390852
12 66 119163227
67 40 872389836
73 22 81235894
60 26 34109463
25 28 113363815
99 1 377932278
14 8 975428712
44 3 349927947
97 8 345877340
84 89 899484711
55 98 753270025
70 69 680905557
19 31 295455281
35 48 68873412
18 58 614341422
79 18 235695358
70 89 835703090
79 83 416982471
86 65 253993671
87 97 314237390
16 48 903465
64 49 706362389
98 88 133792258
93 52 844330159
6 9 28263466
62 52 404627635
60 46 269499297
5 38 82178525
57 3 384788748
93 30 937168268
50 4 564521646
75 88 704622424
71 7 760096542
20 95 92151526
3 52 421443411
31 14 58409540
91 79 441667725
99 2 157728232
16 18 772092298
50 10 461572405
94 57 687296736
92 21 686513824
48 34 537147541
80 1 752805811
36 78 599525085
76 94 922816234
99 10 901652815
2 3 861590874
87 2 630887284
34 8 268940884
6 62 141795621
59 39 450922368
6 49 223608100
60 13 861455502
32 30 556888615
81 86 571532585
67 29 319453286
77 39 166775897
69 61 671202439
42 95 977100980
46 92 162308922
54 6 599506805
70 23 128632635
6 27 918190391
84 32 70227355
13 78 285885700
72 21 328399534
62 56 170692634
17 58 292610209
59 27 469506332
6 100 190345799
79 82 120664238
31 74 535712009
74 8 604560671
36 95 837914333
19 38 94944582
43 18 175723110
77 29 63135637
54 55 994452878
62 42 163577284
26 52 219705945
25 56 439857731
51 32 811124739
35 74 824256136
46 22 101062920
60 71 774980549
88 2 943589153
6 47 325389976
97 56 871125727
25 12 164330900
31 100 88466293
84 11 808416870
31 98 430998169
45 20 983850974
32 75 44026721
28 40 272448302
25 7 771281259
43 2 645363847
88 33 12883565
56 14 352498083
30 49 331310131
57 43 435021552
79 85 892295084
65 42 622454487
64 23 815153290
97 41 263353989
97 69 752416778
76 65 283539290
80 78 744792960
80 66 891473282
26 44 150494256
51 85 720776934
19 85 439700941
9 61 939305119
86 55 487387602
57 52 368850571
3 89 240194362
96 89 561233170
99 79 716608507
27 96 865655260
49 89 730648224
99 13 780910971
11 92 519745964
33 34 234429434
48 24 866118374
76 18 644148304
34 21 673377630
94 87 444488123
60 7 950286660
38 42 252574568
60 72 752533858
54 20 525142792
39 1 590746536
55 82 759137514
75 61 156938169
46 3 849911254
16 96 902106581
67 18 467486997
75 78 567953283
70 74 742467386
77 12 176854978
59 15 708567432
77 1 392468231
14 65 283167510
29 34 374722231
45 18 738572916
59 100 103661078
80 23 844639667
25 61 831431818
99 82 38196174
86 4 731984223
1 58 926049014
47 38 590883334
79 89 690901846
37 20 963507788
75 92 893637552
55 62 306523944
31 63 118842906
20 52 97047046
97 89 783503258
5 91 830869518
71 1 992954058
53 1 549677888
60 39 175473530
86 85 521572286
42 89 683475344
10 90 250751033
84 72 815520228
84 42 544695717
93 86 349800744
86 58 132476046
32 38 55853887
87 25 746759334
51 36 125401127
60 58 50131656
29 47 452342490
99 23 749776516
37 18 577382863
87 1 50757964
82 8 324685504
15 74 399481048
87 22 970973831
55 52 82060777
62 40 277809740
57 95 95447453
57 70 915551288
26 29 195468672
73 68 70356867
88 22 73239036
59 6 267382780
35 42 778437177
5 27 461864151
5 42 753046420
28 8 999295838
51 24 783099034
54 65 571395862
30 53 491325548
29 20 415247498
63 9 157449592
6 10 921400980
73 30 632692847
57 59 946431009
53 21 302554772
22 61 985120931
27 20 409719437
99 7 215167100
36 74 401290121
87 44 998427391
31 87 623493970
15 40 140878895
11 62 361451166
3 20 951352038
56 96 742625128
16 69 678385062
54 81 128540253
45 38 431504266
81 68 574579088
16 20 191274672
5 50 927984336
72 61 294391837
5 89 120177046
91 58 772006719
15 27 702084820
15 41 931672848
53 92 859609311
12 62 348174180
49 58 566270684
32 12 640377299
54 42 33270478
77 47 235797743
45 23 310290299
50 63 219726223
45 46 713200173
70 78 498105764
67 4 566850256
16 9 235950693
65 20 776558296
28 46 843554476
96 74 153852117
94 50 86921621
29 38 329538713
43 46 149174985
56 61 988903537
28 4 551150814
57 33 325149726
48 23 811643301
25 24 408857416
92 95 560307416
18 21 546756741
85 24 19331155
55 67 163620976
44 53 71052615
57 22 99157437
30 42 87413056
79 48 913284046
64 92 459532891
11 52 12775374
37 52 428529050
5 43 69358721
50 85 983254406
18 95 523959968
81 1 802924123
45 34 752365957
57 97 589281289
10 45 740727545
71 4 617836466
67 65 834588309
77 61 771331231
99 60 892164192
62 66 812242618
57 46 868875843
93 54 544772557
29 53 984038334
15 35 436896899
86 28 315313563
67 89 780985244
77 96 679484604
77 27 371843742
77 30 658409644
87 36 57774684
41 53 139677905
25 10 726652729
75 9 479903526
70 72 501345684
67 72 539934955
2 42 966635421
94 27 514056373
30 8 720819027
79 24 595620323
39 78 722189837
26 42 102266708
59 62 109245213
57 18 315381712
27 14 611948176
79 90 594084513
46 78 329607493
19 58 100087889
25 39 751131231
31 85 863223282
91 43 254007748
79 20 193234007
51 55 928071555
98 24 692555322
81 50 989469045
98 63 149942889
11 10 667067695
51 10 819116809
32 42 766934604
48 18 414221285
47 1 511834103
66 24 546726412
51 25 3743521
85 14 6610368
82 83 620261126
45 78 728615045
50 70 710872593
19 89 388393578
63 18 143575423
65 92 877377397
80 58 701561736
19 29 483349942
56 34 666227231
97 85 576915551
41 96 671447411
19 94 388015245
16 67 816951242
97 88 571167348
100 58 401271770
96 63 639825065
5 9 878202279
79 98 488756909
93 12 637635697
84 100 832778355
22 78 34016100
75 53 301364934
25 75 261147541
73 90 852465671
72 39 399485687
18 89 332975102
17 40 990991101
16 2 36718859
91 30 973473371
6 21 337904952
68 10 372861580
11 100 36144615
33 63 140071081
83 8 630179105
97 74 156480724
70 6 355596641
96 88 112957987
93 18 741453199
17 9 556520788
16 78 445783261
55 88 832949447
51 50 270357341
13 22 891939638
6 36 367583596
56 44 420033422
24 42 4632401
70 34 121785075
91 80 516118798
41 88 501625344
98 65 135414830
66 13 190202316
87 89 685081255
55 95 360471085
54 38 680923122
31 21 816129135
16 46 934625094
93 92 25455293
11 21 777800441
62 72 372872975
61 21 352077353
9 89 109982929
59 34 99826312
30 23 142809060
40 47 671206507
77 18 706016063
31 99 407730831
31 71 205075309
72 65 637069350
16 47 605461078
51 97 234479169
86 63 626061231
87 90 40685711
26 90 608548274
36 46 227759746
6 46 500309826
6 40 82313373
72 48 85275560
5 87 616090906
56 75 977975612
86 53 338165957
92 58 981320511
72 69 550825179
24 3 791873899
53 90 131438566
44 42 248561500
15 47 628799059
27 74 860444491
76 20 448110400
76 97 946799289
63 23 442834282
92 61 771191123
10 89 712752054
66 23 664174783
40 61 450813979
45 92 526290440
13 92 561664314
81 46 272003699
88 71 596410594
57 17 112390327
100 21 477060227
16 22 815141138
74 83 233683229
94 92 621567686
50 38 68875227
19 71 563675730
2 58 18997452
15 20 269450399
81 85 251704994
99 53 985304385
11 13 553029420
2 71 392084833
30 78 691555997
27 9 962217463
55 89 711102792
31 26 805566792
75 39 941295935
36 44 368084588
44 65 246593235
53 52 942952075
32 47 550065
99 56 205445754
29 69 768592373
59 45 447971930
29 65 326062906
53 89 689364899
29 71 630050163
57 41 756456623
48 1 639842309
54 98 836623421
70 39 703614557
10 69 664512844
60 85 390817457
47 69 747868118
5 28 24876134
19 67 887621236
82 72 772756958
97 75 367633533
45 83 986308121
87 45 986991244
86 67 201144435
51 40 356842985
51 74 350937944
99 100 723049510
12 9 513794690
86 39 847564645
87 75 309416182
73 92 754045072
24 2 642182605
54 33 441748001
76 68 639987682
57 72 546814906
43 3 584662321
80 2 443525416
25 68 524129706
88 78 377993245
99 30 809471884
87 18 734584301
17 46 17453709
11 6 323464324
10 40 457147774
52 42 296889630
13 47 414768076
51 80 504407438
73 17 141167506
64 8 131819539
45 4 857744956
25 21 528011593
82 17 873054680
40 42 379415196
98 66 810840234
34 7 852540927
77 91 794358941
76 51 498139410
93 62 338583352
5 73 561187049
17 49 611409493
94 28 876403957
94 78 385587179
84 79 455659940
51 7 672293755
33 69 352911621
15 65 386792981
57 69 79877064
50 35 323271429
76 67 732471903
44 34 498988154
19 78 492797794
29 10 326898400
14 83 729274201
81 7 317430735
76 96 716956195
96 24 692898246
99 61 639454320
40 92 877380262
64 98 11535776
19 81 335040828
77 75 411815393
91 70 267320510
72 8 631764310
19 25 710248477
59 78 508329192
82 38 710313212
91 13 465958189
25 4 831849486
84 80 126796024
77 98 335812745
78 38 223322294
82 28 380619952
18 9 213363499
97 72 516140899
85 37 777809695
52 21 759283040
43 7 975540377
81 42 562543174
97 62 867334119
94 11 760667809
32 67 338794523
10 53 225407670
12 52 611603437
23 49 531128000
31 25 40453710
12 69 455750691
1 63 189750875
57 68 632086122
71 95 92003012
60 48 444570729
59 26 308751614
62 35 150076860
93 88 964792863
53 18 623578838
54 18 963370740
3 23 492891446
57 36 68791167
35 7 846849562
84 64 430759389
35 63 370715503
69 58 475609396
98 40 26954919
84 96 491278427
96 21 795352082
65 49 736629054
91 20 854359742
26 72 202062888
55 14 351933726
31 22 129176850
99 72 762414918
11 90 976394739
57 100 315868106
88 52 823188058
91 7 543737331
48 63 862036543
51 79 737985473
50 13 52286208
97 65 725050359
76 52 739966929
64 41 392193953
29 61 212692191
43 56 199962562
26 14 328756783
86 45 913214417
17 33 912863681
11 26 237525364
81 80 951104444
45 21 534665649
54 83 636567853
43 72 843439532
53 49 803016471
12 14 478021578
51 96 846839351
11 24 581421617
60 29 292325882
14 47 371904889
35 65 708442058
76 56 968116622
19 17 114635573
46 63 391765823
75 22 516431489
91 27 681628658
5 61 323622119
32 13 249070599
70 64 73206908
86 16 831507766
41 23 832696516
60 63 66081225
93 5 479138997
64 63 437037378
79 16 218604539
24 95 473998074
55 90 939909407
20 100 23326185
84 97 160451130
94 71 786235693
3 9 572196529
33 52 456361010
74 21 779712996
94 72 934896754
32 91 964240509
48 95 413214874
45 95 831157008
6 30 116511039
59 17 729693025
54 95 759600651
38 95 540457129
33 8 657232284
32 53 651157376
3 21 244998344
15 64 623039246
35 33 889365025
84 25 488577550
77 92 244112769
32 31 589697839
13 24 789679402
29 13 511791647
86 46 604205136
48 9 893243215
13 17 331558542
11 9 569421874
59 20 940349034
76 59 475386348
80 30 75758145
17 95 142763014
41 45 446537499
11 44 77790139
88 42 893373758
31 97 883475997
65 9 942894672
76 83 405320706
77 38 112525383
16 37 816211398
18 49 77135574
68 42 935126326
68 22 966054699
19 2 577769631
5 98 704511566
60 10 201986165
10 48 323186037
68 61 606945220
43 27 896673969
16 44 230178537
6 33 446114540
85 22 602620908
67 96 778312146
44 61 562759524
68 18 43759882
77 60 86786790
48 3 18682578
67 28 98164540
34 52 839013225
59 28 622281477
79 27 17548026
25 38 841784556
79 71 344917632
10 44 918788464
50 62 545839753
11 18 280155885
54 87 152573773
86 56 313640184
73 23 418979359
94 48 8534086
94 4 87937345
25 58 409863005
1 61 877181289
80 96 844698914
63 61 404658910
43 75 680752096
77 44 623611243
19 35 701300265
19 20 17341165
67 22 674187632
43 48 579057386
10 38 456365843
12 7 357794067
50 18 190931930
70 36 948284248
22 63 211453048
25 40 548335241
26 23 717093494
3 61 572048932
40 74 895140569
86 95 107017037
50 83 30154381
24 34 489694906
24 38 880059656
83 89 261015803
86 6 107575021
84 43 241077843
86 73 250228873
84 95 300583284
11 47 127805683
70 17 602178042
3 4 967325454
83 49 224050444
51 43 702768246
82 41 794891294
96 18 852966839
64 100 498535495
39 69 723352413
18 8 728926993
85 3 449046680
81 29 699710743
31 16 709391646
53 83 757096118
82 75 93854284
54 12 378625742
32 28 808993062
13 95 293826422
39 7 686401985
54 43 790343530
70 95 855324754
15 48 723463907
19 15 232903195
23 58 49596782
15 52 90229093
16 49 930976043
15 80 12136896
100 95 289215975
33 7 15826005
64 58 649301698
29 37 616247931
43 95 453212087
32 39 427325722
51 23 6551843
30 38 695091959
84 16 895409751
57 91 558347781
5 3 638172058
73 2 795743781
55 2 671608938
93 68 98165259
97 15 895225344
65 4 980109646
14 92 46354768
16 58 426313628
93 36 57231894
73 37 373385552
67 33 930821160
87 85 157498070
59 25 105640883
69 95 79075620
80 43 167458680
84 28 782442328
57 98 640864019
99 45 249749771
99 37 709616388
12 74 817794852
6 75 579607247
79 10 176646884
70 53 42367320
57 39 765406384
45 58 50944831
57 66 397526139
68 13 413895765
94 1 907157490
54 36 158314270
73 3 181029263
75 38 266321758
59 16 466164079
71 74 109664559
16 10 443190405
57 80 257075089
19 4 489662449
17 65 238646484
94 3 632661452
97 22 944663160
60 36 49006217
54 72 989786910
50 2 529371639
38 21 202565467
41 78 397902752
87 3 701162893
27 35 486184831
60 18 643407662
62 61 400773674
6 96 513297900
86 17 30397268
75 40 604576889
32 90 100519918
32 50 586006658
62 39 334515284
36 23 602366152
69 3 325447044
96 22 179687798
81 16 195446384
26 97 901441728
25 1 422452456
39 46 512042484
66 9 832827786
81 45 348900408
23 89 306453614
32 63 419573847
24 90 646084587
45 52 126708142
4 92 313411488
41 8 255137038
14 36 183289091
97 28 478651267
94 31 973933660
54 35 315485548
25 63 979780162
11 95 441233540
51 9 568070530
50 100 186195270
41 9 686776992
17 24 485070078
15 89 891281415
32 9 872689972
63 49 621483024
53 71 985898034
86 1 63499211
90 95 354895618
60 95 449696352
97 4 325814441
93 76 896498424
10 88 720440899
57 63 173856246
98 21 390700350
84 6 897291235
51 16 159242377
60 4 328720310
56 37 961160409
14 41 864363667
5 59 239408749
38 49 258955572
27 41 786860587
2 20 677879708
32 65 560426954
28 48 732241346
99 75 258687062
77 33 68858568
74 34 855700225
12 33 745172302
80 35 509237012
55 24 375283955
85 66 169207141
23 92 784230021
25 45 658800142
25 43 364728653
66 45 148731253
99 68 585740289
59 7 190480350
35 2 500309622
51 42 546980827
82 10 741668340
98 8 965603056
19 40 247982296
76 50 189818292
2 83 925264245
88 95 786791546
68 24 152936522
79 36 467225583
15 92 863828741
11 30 562898090
26 43 63489429
76 21 547081426
66 78 597726029
57 79 719088774
37 38 93312508
99 50 787427665
97 23 25684407
37 24 755266263
76 41 216331318
36 33 18007640
51 54 199221589
13 65 619389069
27 92 591022424
59 54 99103453
45 3 124690046
98 44 185969850
82 29 170243827
73 75 441131149
2 23 716105618
8 7 165191978
52 58 897751061
32 78 219553634
8 42 891582621
62 89 63582471
12 27 299318078
25 83 124570980
11 29 19776884
88 24 262262747
59 67 126406004
77 68 440676345
67 98 803807299
56 21 717471365
36 83 681669898
79 92 474850880
10 58 703421761
43 30 902438020
57 96 72331638
79 65 577961349
43 24 139366593
79 39 53226495
96 52 477207521
25 29 142277595
90 61 655515839
26 27 873076493
79 66 510707590
99 21 834870179
98 13 867526755
17 52 623357438
85 83 883595921
77 41 290345779
10 100 143267019
82 68 935287726
91 40 646963847
81 6 22321656
27 78 632027986
34 23 484934326
29 46 315061882
41 21 732817842
93 38 233442796
44 37 291167161
19 92 249401367
22 83 889207045
3 92 356428861
51 77 962673613
45 89 544122637
94 37 954058914
74 95 110571370
90 8 288613852
90 4 927611523
13 21 479408233
46 90 18306320
67 1 573102807
48 74 447617909
34 18 804151528
43 33 825976017
5 66 693834960
77 10 868929178
61 95 670436248
41 65 956375074
30 98 825327450
99 17 254092249
80 63 126987663
32 43 997994510
97 29 118290374
17 69 190897044
100 38 610289626
32 46 220456231
72 29 240050428
10 75 834982669
64 62 319427035
77 86 28932600
16 3 308488369
15 21 37459048
91 61 659422337
88 38 705447946
93 71 779560144
32 64 647631001
82 65 100296086
35 53 101030867
55 36 725268657
3 95 820084922
41 90 686094081
29 28 769926662
87 83 429287658
26 40 456861613
6 48 266586180
93 66 803000393
59 35 569809343
83 95 873645903
60 49 134079128
94 39 772785513
27 45 397753836
64 29 476926051
19 99 870701951
59 49 410488010
62 69 644355342
87 92 802325663
73 4 811809262
32 69 85735299
54 66 401834171
94 32 868131111
86 75 722898486
57 26 960869311
64 42 963396975
94 8 794785291
73 100 191845036
86 52 196251512
91 2 964101519
44 8 714620870
94 81 897039005
93 85 781362316
98 92 741835418
28 90 402009534
90 47 7804721
40 20 824715221
50 34 235437091
73 29 691220799
63 92 358067028
86 2 91807456
11 63 192333131
68 48 683090035
87 41 67739613
36 37 984571872
87 43 464947306
84 73 493331860
12 56 686757115
76 100 302447166
93 22 37423928
25 30 976079277
61 89 792125799
31 13 746793944
10 24 452949962
16 95 870101732
93 43 234051684
16 13 582072554
25 49 234889513
77 83 191795425
98 95 479244413
11 2 292440640
93 23 267230856
13 63 979238476
50 26 753958400
76 43 438133073
5 69 834353780
76 22 63937629
98 38 712539387
91 69 944671845
47 58 832037517
6 98 764496289
86 23 135849754
5 63 658675951
37 78 955642897
11 49 4292606
55 17 584033435
97 45 424428370
19 7 571924963
51 13 50513062
85 56 963714827
50 17 62580907
47 42 306688529
81 18 219499731
94 74 678648094
35 21 559513115
65 7 585162887
68 83 341039047
26 37 321600302
41 44 897026553
82 89 909776328
39 89 970861785
83 38 290673152
78 21 491298939
50 72 592458659
54 15 919828258
31 90 245219616
67 69 167669863
59 73 106375765
55 64 821520491
23 38 554058413
13 89 518742578
45 24 966011641
6 44 554420881
30 17 195187377
79 2 43982186
30 18 241784334
55 44 381703637
87 38 614251666
12 28 985730489
57 37 151187321
12 16 452768851
54 8 682740884
94 34 225997766
47 8 201752252
47 61 95407340
51 62 354688372
97 66 762409121
19 83 141802462
21 95 455270964
64 80 738053398
5 46 893724025
76 66 911359725
87 55 353646565
31 68 929166589
20 18 130085515
93 100 5434508
75 95 16111623
24 58 563546529
20 58 244820786
76 54 654969023
19 72 812046044
77 95 830084621
31 86 419653447
11 27 156042013
76 84 12214053
14 30 814110220
24 23 749786341
77 24 392310688
99 71 915580360
80 33 151994460
59 79 217512915
77 99 879758938
44 100 264751175
67 90 727387050
59 61 134717742
82 34 525435370
11 56 141021964
86 72 460909538
93 3 501830762
93 7 407049168
94 58 159313528
56 49 789139764
15 90 278951948
15 28 466939379
28 20 564236125
27 13 539390145
17 74 816278561
71 47 831516048
79 95 173585041
51 27 472432005
2 63 647014722
19 54 377009327
90 49 796458330
30 21 918617352
72 17 601023490
99 9 33193644
67 49 206879550
96 75 970666816
98 53 72817544
41 42 959376069
82 61 553765023
91 75 25372380
5 65 103151970
23 8 618523900
75 37 758927837
84 50 233145359
57 83 483960716
2 92 945856795
29 7 338233751
30 13 460752316
13 96 369647467
29 4 631143788
48 65 17283573
41 89 604645815
54 52 9981095
19 45 75806021
91 67 853282789
77 26 691417956
51 65 697087501
83 42 730419635
16 41 383462417
41 48 632475951
17 20 193891786
87 74 461693564
11 41 45956793
87 34 681389306
97 16 365003755
7 49 395699272
43 53 689133922
57 99 167488477
64 36 545134704
16 90 774569861
99 41 185333447
84 49 558194916
15 45 565409758
79 68 926682789
91 41 79202862
92 89 844267358
