100 4950 84
1 6 8 14 21 23 33 36 36 38 39 44 44 45 46 52 53 56 58 58 62 68 74 76 78 81 86 87 92 96 96 96 99 101 105 105 107 115 117 123 129 137 151 156 156 156 159 162 170 173 3162 3417 4184 4211 9460 9469 10082 17330 17590 19189 22999 23640 23678 24978 29003 31043 78787 1649322 1799562 2005493 2746860 3250724 3932803 4793577 5495219 49770256 51869815 123588008 137116665 169910691 224943902 241240725 326303250 371761015 488203914 512796569 525924535 545717895 564884271 575628790 598399384 635314126 739054134 791568489 805074686 805521187 846744027 848988310 901157377
84 31 514860680
49 74 485708550
38 74 770625446
82 19 659505419
46 22 923667747
46 66 448521018
31 99 574632411
35 29 903413692
33 62 371418013
12 38 532042622
7 86 969582464
23 37 382358389
14 28 607338530
27 17 776592065
80 90 678695979
75 72 894555703
24 100 127203891
6 35 391451637
36 65 273442545
71 28 46182658
42 91 920236899
6 81 97846405
54 59 952423912
60 5 161757477
29 70 573582300
17 50 8431571
58 1 542482383
91 16 611253437
24 73 575754081
80 42 127847479
11 1 720582932
57 21 457968651
33 36 438662730
9 79 644665014
95 98 110079567
32 10 4586960
14 55 55865962
35 66 363610333
12 15 356146230
84 97 793083712
67 39 668488296
21 76 464960888
59 38 946559292
34 32 562878184
23 22 680716126
14 49 863409249
71 10 895025847
34 17 783978984
12 17 709396017
69 51 391235884
59 51 558884205
48 30 945930089
69 89 563909256
14 80 653037161
75 23 171917053
53 79 983272422
6 4 367449916
49 52 786341906
34 7 54016965
33 16 368802120
97 94 859353937
36 16 172828234
45 67 89599453
3 81 338699699
82 4 273229408
33 13 497142050
51 56 971812102
82 36 769137693
23 39 301644248
35 67 774462383
61 68 295383236
54 36 512173662
61 56 997592592
16 5 846670156
6 73 154744773
71 53 897696334
17 99 871522681
21 71 844623881
85 38 278380925
57 19 398410628
42 49 460916509
31 93 549058970
25 54 806065010
46 62 694852647
7 63 628315254
84 55 266976516
53 49 863163268
25 11 98197598
47 38 399213948
3 100 807951149
27 18 274332112
45 31 225293330
92 2 121567515
95 87 532534518
27 48 815764956
85 99 547110942
98 56 716315351
91 76 364157921
34 64 744662468
31 41 29913864
55 49 82201202
99 15 885914812
28 78 270975570
29 64 140829327
6 44 168765810
25 16 373295343
66 74 565099570
6 10 14893138
1 72 48669740
34 58 833489410
31 56 565921220
41 10 682613272
53 100 844243095
20 5 115332841
95 80 753757625
14 3 447834578
61 90 31251051
13 63 814972198
40 23 326139512
1 32 633778408
65 96 923117259
68 32 151487218
42 52 159587589
92 50 996078202
84 22 961702617
84 15 992889733
24 18 332566387
95 62 488489244
99 78 716880487
59 18 167199058
4 1 445228262
3 38 964665611
21 51 138600804
62 59 222819433
53 56 906588053
62 70 677960718
62 76 128172134
34 97 512029639
34 73 108416536
66 65 538227792
17 56 55170861
31 5 760970326
26 17 141171840
75 56 566127175
34 71 17269647
85 62 587950632
35 74 529808862
98 78 439722930
11 79 987012452
75 10 587765542
69 74 861563616
47 15 110375234
89 41 463909026
15 72 214471507
6 100 50506663
93 75 179191491
24 26 169834791
31 47 642200530
97 99 218181259
62 94 842812185
85 89 296707452
21 61 526359044
9 10 696074515
90 68 214657710
53 10 8390068
39 30 521731965
31 37 117204315
7 40 237735088
95 51 756465036
26 33 94783762
24 19 113655862
69 78 609626065
56 96 56492570
34 42 674046825
51 100 727181539
35 42 561433156
67 36 59247207
52 10 147181320
48 91 174308016
97 23 898649304
75 44 915828190
48 15 198815451
35 16 631973249
97 35 166424183
59 65 836973376
26 47 207283327
77 54 952287469
57 92 39590699
38 18 404192917
10 100 652477766
85 48 303989703
27 28 55574398
33 96 160463369
23 11 127770307
27 71 906545679
40 88 137809624
31 64 980550114
84 81 373055905
59 68 360697271
79 10 488319572
69 61 455774637
71 4 405987829
58 15 97616901
82 66 369575517
50 32 439980963
20 26 620506024
75 76 919738643
62 65 681863780
22 99 606459485
93 44 201101324
7 37 393923856
40 32 18458334
25 2 810795308
33 81 700482652
29 99 946099693
29 78 414479368
31 18 871202399
27 4 437532330
53 4 912746420
55 90 182998564
30 91 721842886
88 8 355774292
23 56 527445240
81 62 434583766
29 50 604654517
22 100 650718991
91 49 819350240
40 19 768610224
14 38 284905017
12 61 468583590
40 39 514493041
7 36 5150768
67 10 741103308
69 60 68377673
60 3 541951582
64 100 474825836
5 1 571258550
14 73 145890987
35 10 249688726
83 49 910486885
89 42 533939192
38 94 109453170
81 63 861458054
79 66 36801631
73 90 619964803
43 1 563315852
45 83 135191684
93 73 453401862
29 5 436965170
45 80 269107135
13 23 583753946
69 11 862098623
13 78 38371231
60 52 527210602
20 53 149186846
31 55 186046653
18 65 490236578
37 5 24215909
27 1 438586576
29 54 375694902
50 61 410295546
33 32 353588181
27 94 866091107
28 98 242614639
20 28 944313226
13 28 36565040
27 13 368734114
86 64 879802404
31 1 521224617
77 48 899588867
84 75 526032993
84 68 684840938
4 38 231807397
3 10 355943747
40 71 695980360
40 80 636005587
39 87 674755534
7 87 595747359
98 15 719802197
55 5 656779161
31 44 108222653
77 43 345741755
31 96 214252520
68 100 451376840
11 61 534819060
4 78 420975523
77 32 123049264
6 8 948659471
34 66 772567021
47 11 496636147
91 4 320116790
35 59 171583368
31 4 103811513
95 38 957598800
19 61 988935523
86 44 113343773
31 46 276546744
71 15 293275488
12 28 561750337
74 100 158731631
39 51 106298036
75 70 556227977
34 47 217675628
29 73 280840508
51 5 759293227
80 56 775488528
99 70 817883565
63 15 365211821
9 33 63138629
77 100 305577652
82 15 147145292
90 10 733051856
24 6 699372697
60 75 40173042
57 46 288554434
39 86 638466154
69 18 304920145
16 100 164843451
93 71 98071539
83 1 389239524
69 86 602426451
42 61 274474565
7 4 593107299
62 4 224892252
77 70 646671629
48 8 686361112
33 46 264158054
55 61 334187592
4 100 748503882
46 76 831785071
16 52 728641412
69 39 661491541
54 10 158518207
59 99 988200944
44 100 504816497
85 30 186372258
9 18 511779213
84 78 225419641
37 61 825818601
62 51 639047392
18 32 136605319
74 96 717064147
67 72 861341117
58 64 202543225
82 96 241409090
84 88 896083792
60 58 873669133
77 52 504361265
89 21 14639850
29 13 133551273
84 60 370144527
7 2 976447709
11 55 72387141
40 55 827067593
98 10 466496183
32 94 117516432
62 49 571230376
39 70 707198256
75 32 53185497
40 51 713887868
35 32 532698197
5 44 827330159
84 18 722541437
40 41 55725813
80 17 295384665
6 92 705507026
82 86 535363787
80 23 613451393
23 18 971403427
29 17 869487865
77 21 658886867
80 46 511004005
68 65 329330221
73 66 481981518
17 22 399915240
14 89 936700410
84 62 699216887
25 95 798891999
45 75 978500275
30 90 406766108
58 90 218907506
25 36 649069653
62 28 439933743
27 80 333663297
97 90 119069963
17 4 378580766
90 65 238477548
17 36 389200017
14 95 701395361
29 10 967027570
84 64 561589096
82 46 798996228
47 100 848971294
81 94 435137576
57 12 279803373
99 94 163223720
34 75 663205290
37 1 712895616
7 74 540375068
54 16 960199785
4 87 254523393
84 66 363780267
84 51 669226589
58 11 737925137
13 15 576708501
71 61 925062116
71 91 680047500
78 44 300625942
17 30 149049334
92 33 156901155
41 55 792156343
46 8 560757608
36 50 151820532
50 16 251378338
69 20 589259651
40 49 675065373
89 55 174733927
12 72 755662582
95 79 699108565
33 4 774339320
78 96 595856116
7 79 508035254
6 21 875885604
81 100 144055283
95 18 606281358
77 35 163815278
17 75 299376989
47 62 246469419
83 70 448844428
75 16 772891031
75 68 320036749
77 8 887604457
88 11 948578200
27 37 295000038
12 39 35803780
55 68 394558592
87 96 92981824
35 44 396753177
23 78 210641910
9 68 648116821
91 63 693434093
47 5 571119148
95 30 145938897
77 68 851192539
42 70 542328190
9 1 613883883
19 43 44654349
46 70 125789332
14 12 149841595
43 48 825778376
95 100 986514510
80 8 736131283
93 46 609174945
11 90 253038415
89 64 290099145
19 8 45798874
74 1 833324194
33 76 58720402
69 65 683464417
97 59 458826276
30 59 20834605
34 49 863240134
45 87 395351665
91 72 994724993
81 5 281171913
40 59 584985961
34 56 708919095
80 74 170340993
26 36 577064625
64 65 391174534
82 65 737296958
73 8 903915144
45 3 309442745
54 8 44181080
93 79 257347810
52 96 107615168
97 44 383220009
14 22 798503463
57 3 427447662
7 17 657171234
6 63 486657673
62 53 718913079
11 100 477621012
11 52 101649250
86 15 240276951
4 79 818083719
41 91 568525465
35 91 875082597
8 51 489660663
4 74 603632368
50 52 335189601
71 55 213116506
28 70 545917583
7 12 319487453
80 66 483621316
45 30 402249959
5 72 791764570
27 69 653715105
39 71 322030641
17 11 248305771
4 49 612207840
23 36 95848999
73 46 953947762
48 65 201947358
78 1 977352536
60 59 485329313
81 8 820134811
7 53 236463195
6 12 270456765
58 50 570322170
2 10 772804136
43 55 84935275
34 38 377495049
34 77 796541392
45 6 425643055
49 65 758237578
33 91 56842980
7 24 790540566
48 53 646956400
80 67 936248662
17 49 962329204
41 100 852881927
45 99 447017489
27 30 223615498
27 44 955606817
11 5 417807614
28 76 937159595
34 23 434811565
80 71 305818033
21 98 670339498
48 52 294539363
75 78 165306701
37 36 377220855
40 37 724766387
27 77 113139366
57 16 758447981
89 8 383297480
94 70 387700146
92 81 910667545
21 10 457160466
45 39 258560007
29 83 901426930
71 86 219687958
3 28 867427490
71 83 778222624
7 45 144673879
16 44 307295212
87 44 712398728
95 19 828165537
61 78 223843604
31 2 64089261
6 68 263154897
26 55 510629842
39 61 925482155
6 62 24813707
82 81 559720808
36 64 377097404
31 52 839109393
6 55 370012237
75 61 113579596
13 22 952001299
76 72 658639266
34 1 158158820
82 80 888387203
93 87 678178394
23 88 534256644
27 64 722402535
81 53 438749385
25 48 488051340
3 56 131590571
28 55 100862475
75 88 232830901
28 52 126075655
8 66 524168345
81 99 966826021
35 21 330221244
3 98 352499033
51 38 41792221
26 8 95944579
69 99 284288316
58 100 902464290
81 86 790044924
93 88 569866301
4 61 565161258
36 41 480063168
60 50 813079990
82 60 255481607
59 1 236480973
77 4 855069188
77 31 434680195
58 62 492574105
57 29 97660027
20 73 815296683
85 33 381235572
23 96 483801335
97 20 386824487
92 43 737484941
14 64 592981414
48 5 220724780
89 93 192599202
84 94 733620379
71 87 999138689
89 83 22627129
60 73 765790868
48 1 827370103
4 86 382731570
9 35 389474472
85 79 939085462
88 62 467386258
86 10 393532211
34 83 188020007
89 88 102425379
9 87 734179626
48 63 459495937
97 89 655242392
37 99 228823686
20 74 969435959
39 76 36460767
29 38 669064012
20 86 806564945
73 72 365964816
48 49 941566585
26 64 758149857
84 36 767869034
29 21 888405041
18 94 568074754
60 23 668089180
50 10 941788158
91 68 717122800
87 100 347805702
92 31 65598443
92 19 33545012
36 94 685750541
34 48 399565738
82 76 980406954
84 40 73996068
2 52 506230298
54 71 284431792
82 72 504246192
27 99 632477313
82 12 944613107
35 39 550373093
27 60 819439571
17 74 749413938
55 51 56629067
58 59 872806590
18 1 858426905
57 15 575646585
63 66 480579541
85 91 231567855
28 72 198321684
35 72 306312661
9 70 819595740
68 52 228382390
92 63 662302466
88 74 596168485
69 48 709820102
25 99 545353243
75 46 718169875
92 41 235814310
34 20 27246817
22 59 590244122
6 95 266204254
97 16 645391018
43 46 467095345
80 30 948557072
64 70 960237718
26 98 202920519
97 30 554786490
26 93 163743405
13 51 751871538
12 63 771676125
3 58 895660661
82 58 863541631
6 42 729933500
12 1 828195933
13 100 884572864
59 72 941710826
82 97 628088051
63 65 296633561
45 70 352259923
54 55 605899429
16 1 316728293
35 30 431232026
37 79 803682566
82 50 749145503
53 15 692762908
20 99 397410574
54 50 994268428
84 77 503863434
63 100 906368037
43 79 181010324
24 81 121770368
46 15 910451736
2 44 509051110
97 42 260442989
26 71 239715113
18 15 93280943
3 91 556141359
14 59 907023960
93 76 610428579
95 78 511212103
54 76 492625196
69 4 959623997
7 99 395821012
77 55 426455066
85 74 859913923
76 44 340864021
31 25 19229207
54 53 510945852
16 90 270944301
35 51 853410612
97 56 156932370
80 87 232833272
28 94 893234764
13 5 31852525
12 74 869249774
85 28 323881725
74 94 190273791
12 65 826151887
60 61 773976374
50 18 950212474
3 8 389260403
84 57 98387882
38 100 172803448
82 26 703942910
80 11 633436677
46 91 271076615
4 68 267336360
28 90 525243142
51 1 49252391
12 78 851462458
75 49 84575861
16 63 774668716
77 73 893203880
20 37 126729815
11 10 759933315
28 68 184956030
33 8 557261065
55 15 182505127
9 64 911397597
43 23 443801794
27 21 153581031
19 48 304213393
25 75 880189713
26 16 968888617
27 38 727215984
36 99 571998348
46 78 332460704
98 32 878561059
93 65 960548776
24 2 678344878
55 16 22055069
44 96 977073346
21 44 783846588
9 38 971857664
87 63 704862437
75 90 792359117
54 90 200470042
98 68 284844676
79 5 299960548
42 59 191321417
82 17 702772705
88 46 855649284
67 88 169425354
89 53 639385737
85 86 650883279
48 28 967716022
45 16 944378414
40 8 857304450
9 78 287026654
81 66 490592571
62 32 518866004
24 15 472168444
59 70 529123283
39 36 593866161
33 41 963996133
31 81 378467320
95 41 113835476
23 49 897527133
24 37 929519256
43 56 382666573
62 90 867871398
66 96 422842667
64 51 793128302
32 65 633915897
17 39 802596569
25 50 345533237
61 74 779300968
3 99 304216707
5 63 871058956
3 52 627934676
69 2 977022480
26 70 841430586
46 86 973745837
20 56 890287390
21 68 393059392
7 16 415871061
6 33 721922088
77 74 711232094
6 19 573865330
91 70 116187755
19 44 128258208
85 77 173936797
34 85 234553168
75 98 133983995
60 8 590208441
60 32 801371947
43 87 866364946
28 18 824191300
3 51 629160714
21 23 150853354
6 57 659196560
95 52 140481236
33 73 803042217
24 60 287984856
88 22 9453162
46 51 578843069
43 2 262552666
24 66 795289619
43 75 189311982
54 80 710019959
20 79 468515759
92 38 400448228
19 98 990277525
17 53 571427208
84 98 853911220
40 98 314056283
25 83 32804463
12 64 391835530
45 44 37201755
3 66 333306694
81 49 132381788
3 18 472187572
93 16 821908067
77 41 681165658
31 54 671194275
35 86 777151333
1 94 930433836
73 15 270284029
55 98 224795686
75 94 423941714
87 99 588073910
71 52 344149389
17 78 146384616
58 8 589291504
85 12 49081618
63 96 734434729
84 7 547781310
92 54 317501465
54 86 739086608
59 52 965576269
14 62 946293847
85 98 817624185
42 37 687340925
13 43 778063845
71 58 655792856
100 70 687025026
30 61 928165690
24 50 544186265
69 81 509878547
64 87 147025754
41 68 254394318
34 39 634070375
20 44 897755511
57 86 973400481
55 79 248815860
57 42 373630292
38 61 513245588
24 5 804311929
89 2 777727447
75 8 607469077
89 43 189236546
23 55 564577074
49 100 873533797
30 4 380924963
89 62 500426375
16 10 849099390
34 92 556391916
69 87 802853039
85 58 752040350
30 11 860962687
24 47 147972695
57 59 804280833
45 76 731302051
77 6 285909890
6 76 217047680
26 76 450710921
45 57 955453698
24 48 281024550
28 65 757436350
37 58 738610461
58 79 871115179
84 26 155795419
22 4 54285046
67 55 585321573
92 61 206642560
69 36 691999550
31 98 63480
3 65 693670015
29 37 390783410
54 65 547105733
88 87 948739061
6 47 600653721
14 53 802761576
57 93 747067091
31 61 806409128
83 51 674026002
13 65 887531141
42 90 563155498
24 87 143270623
26 56 902015941
95 49 164082423
97 57 628084408
80 4 662126668
51 76 462002943
54 22 982375787
82 64 960346486
34 57 165020900
53 63 275709972
59 86 352261529
42 17 772754121
87 56 755215084
43 39 418707358
19 56 767030281
97 66 901454521
38 32 2632842
27 61 185760844
19 81 765688673
21 62 962956906
17 18 169195158
20 47 525391640
39 62 692066958
69 55 242638866
23 16 716473016
46 100 398890005
89 32 217207597
31 50 741951905
27 8 70360775
32 52 536169160
7 97 672929112
77 3 986279873
7 6 275105375
45 85 304866994
22 94 669955526
91 32 864605054
25 100 557027227
15 94 59237368
26 99 370931952
30 49 658934153
88 90 422687929
25 42 201698674
48 2 768881162
33 52 66502971
12 70 607004360
45 90 560214509
83 87 596043839
37 30 993002359
21 22 64832162
84 72 928387416
64 44 773648059
47 53 231988191
69 63 356289120
9 57 354780061
88 98 115474471
14 46 73691209
82 74 185411573
20 21 96497098
19 16 724480642
89 72 738979416
93 2 257183049
30 1 907607311
11 94 264756865
15 32 343039374
84 3 158361477
19 83 997431959
60 72 834737420
60 63 273817244
50 15 165689252
26 32 835495222
77 66 162412885
98 76 638951708
33 19 37498012
23 99 881733099
76 70 750227613
63 32 275439229
22 15 417338114
88 56 997810605
27 74 169120714
67 81 586791111
13 67 198437251
20 88 760213010
62 48 227935835
28 56 608600162
69 68 979087062
97 54 285180939
81 65 903502792
93 3 368284180
13 86 212849590
97 26 231035204
12 47 987175581
85 90 821440454
45 41 334964116
72 100 755847035
27 54 971494596
80 22 243678514
39 83 728213311
54 1 441302592
76 74 806740905
93 10 700602258
22 50 740679840
54 87 487227606
45 63 100421984
14 17 999814411
13 3 31324493
74 44 34718490
78 65 317384276
27 59 325755668
6 94 573302756
58 22 954861413
89 71 651016297
7 18 492967990
20 31 651401898
95 43 110682438
34 79 982713518
24 28 685992614
19 15 391428960
62 66 579858384
36 86 560693654
21 87 982873677
97 17 366239330
74 70 571782856
81 28 10034988
29 88 870269696
40 77 477808538
22 79 85030240
25 13 834739893
14 1 241369921
84 70 926164482
45 88 733820851
82 67 457215327
25 5 288126126
26 87 460603830
38 63 454670
93 21 579762111
71 56 203774590
84 41 621733779
73 61 521632796
69 25 965736863
71 72 2412103
37 22 871224980
42 5 875116363
91 5 419772261
33 87 280089396
95 36 611518862
73 55 987929159
73 22 995231370
25 22 667385661
36 5 430753289
97 61 825993289
8 70 53717442
71 70 940674787
40 26 517108704
54 28 735875587
45 62 906613046
24 62 681070713
89 17 486996320
40 87 108905993
71 78 624806398
60 79 812679907
34 25 251350799
95 23 50295283
23 28 683351707
55 59 187830373
48 76 823227439
51 68 513344780
7 69 632246066
34 44 878812787
85 60 989560962
84 6 291231356
12 32 928380234
13 56 641575374
40 35 264063724
47 88 461150443
33 67 989532797
23 41 984567096
73 83 213271571
95 13 865596867
39 8 403778975
62 1 504634168
59 63 486441717
25 78 883572360
31 35 313534821
92 44 931834559
80 68 351903472
8 74 391806679
6 91 206658579
18 72 868047032
27 70 599241998
37 28 533732910
27 66 170513360
43 61 521536374
62 61 838113992
35 46 442844191
79 56 196156657
14 23 115347620
75 50 118445976
42 1 465168006
7 15 358416943
55 87 719797570
24 41 603416478
93 100 965231461
17 64 334426670
84 38 443180805
13 90 543476676
69 95 891364101
6 48 848115904
35 95 249448151
60 51 987265849
11 2 104228460
20 78 885722320
14 98 402476725
71 16 427617727
73 44 684776983
71 90 576432794
76 96 74775654
97 48 730393817
54 62 553332222
19 94 415398163
34 8 866996206
29 72 596896503
29 55 614665043
85 46 801113598
60 44 868760951
60 39 272714695
66 99 332656841
84 24 474403947
47 75 710283566
82 61 36328778
12 46 262936361
60 41 287609785
33 29 207292726
46 64 893316261
62 38 762696624
25 49 761829273
82 10 529718904
80 99 997946645
40 79 522492787
29 79 66237258
25 81 847896175
17 68 621350783
66 56 25728843
50 86 532043689
75 99 614151877
41 5 724282405
79 96 747442300
42 75 386558537
21 64 409334956
13 10 711526274
97 46 132055892
75 65 646813331
31 3 222544057
26 37 821428124
42 15 14395163
27 3 857749488
57 73 589420108
54 99 563545
7 25 163875270
37 83 957218499
59 94 559971755
33 72 451707565
42 28 945575559
86 96 836012591
31 94 634348774
42 65 113067163
40 81 750311454
43 41 21808794
45 49 758845268
87 2 243019556
16 68 521112178
23 2 507258236
54 5 655440313
82 49 587136874
30 87 701529848
92 10 790152889
31 32 378748908
84 85 137953362
14 29 472550724
37 66 737218990
63 56 288400049
97 52 751630592
41 72 316891280
67 38 132350787
7 47 584596568
58 55 120117578
92 88 122977155
59 5 331336314
62 15 681861957
24 96 713439542
22 61 360610502
89 28 451356662
89 19 129968417
97 2 649322184
81 4 306581099
82 20 579725441
65 70 41787217
43 66 105695045
19 90 796646615
19 1 717000820
95 39 64266177
91 98 129232903
25 51 845403521
24 20 137909274
87 70 942192995
64 78 278923242
13 30 673787170
27 39 67406232
2 99 202996957
43 4 168052368
29 15 142963460
43 68 165809413
24 49 675270597
22 18 528775865
67 46 985134655
92 21 230083931
73 1 362469239
6 46 951282617
83 100 526238668
54 2 36688084
51 99 716270633
64 52 75136092
13 72 63214714
83 55 927689677
6 83 522405635
34 68 147051220
86 38 219905066
39 96 992386342
21 63 516408561
95 2 796628820
19 59 256861470
30 68 768152261
41 28 118000760
14 4 470692874
76 56 401053827
41 52 606713314
9 58 293227136
79 16 431711695
81 61 58423658
71 51 697634924
57 68 154662798
40 74 885060976
77 65 370871557
26 94 887552090
23 86 380705716
45 8 539079856
32 100 546391701
56 1 413647530
60 43 565494542
35 11 820372574
43 10 676079229
34 11 31930261
5 65 921393533
18 2 819948131
58 41 952111635
3 88 272547053
67 49 226828690
12 87 917244441
97 41 762185479
47 4 898965864
73 50 835095142
5 94 758256449
60 26 157783779
24 93 983283924
80 100 602580377
78 100 626467507
49 96 523919220
38 10 814173279
2 70 183945011
86 98 69406221
19 70 506312950
67 78 59227946
7 26 85269574
6 78 113217947
71 36 836084495
82 57 713321370
45 11 890876783
51 72 285117247
60 25 185295835
93 96 105786912
17 90 765699529
60 86 801218825
36 98 364384386
35 73 672859592
6 56 933772503
22 16 394678369
31 65 461978106
8 63 651469194
73 21 148773003
62 96 473075415
93 52 383277004
85 64 641725456
9 4 742427346
57 51 401224379
9 50 20748341
75 28 926083686
21 53 798066037
89 92 869196242
20 29 919503305
85 67 246469541
14 20 384514875
5 56 161205616
39 88 785269700
20 83 728737814
20 52 180305193
35 76 900680640
49 68 840270563
69 37 19380235
42 32 135001557
4 52 880009453
39 64 604670326
6 32 141051916
54 13 559717271
28 66 432134566
84 29 264950619
11 4 615888961
57 70 390844523
23 51 381830337
12 88 988322992
98 74 423560581
54 12 57006635
49 70 974106723
75 96 877919391
48 56 689813177
83 4 633193477
85 8 193372715
41 83 381330387
17 8 500949365
19 39 74882566
95 61 301803066
60 15 685692919
24 78 738042571
34 14 881664831
46 90 505791386
27 29 978272545
82 73 133583116
85 6 704541431
14 90 879423846
31 10 861929268
86 61 93635992
57 5 276832697
15 96 684858186
39 99 278147367
86 74 523061380
33 80 636712233
42 48 147116532
41 70 703802378
36 62 205745069
9 74 348042807
82 33 660208387
7 85 635625469
58 65 695658192
75 91 360472831
7 48 29481105
21 1 327207852
47 67 590596065
33 38 951158353
95 59 820600134
4 72 396691772
16 70 318233556
37 48 750569535
83 2 924815788
26 100 558265576
89 70 98936158
77 26 512610232
42 43 969313082
84 91 778585822
2 74 194372256
7 70 488276786
54 37 878550233
62 64 340054466
81 30 539589654
31 100 909935185
73 65 133206345
53 44 339217288
93 49 334043306
92 12 976304172
88 50 162677321
73 2 990338859
4 2 896335991
6 98 55401308
17 48 837402879
86 90 182212049
42 74 649770660
41 90 789031633
42 81 33734692
91 87 859875803
69 53 368046498
25 8 920562925
62 10 107662295
37 41 411216481
7 91 676955337
39 1 165761213
9 23 810503577
95 56 597774203
14 68 674079199
95 73 40325974
77 67 253605341
76 90 224646857
35 79 624070559
93 59 314121970
61 99 131195222
40 2 111086446
95 50 628054183
81 36 994237224
73 36 42249790
58 38 401044678
77 96 222190153
89 30 836835483
22 28 989931336
25 46 325595058
30 53 992378290
95 81 243083348
7 20 528281277
35 55 711966599
7 71 560927350
98 90 118886342
19 66 585292789
3 63 168370512
36 8 596033181
19 100 861984824
82 87 39438796
45 40 960484162
31 39 521334764
68 72 768213728
6 11 17414867
30 55 438092097
31 28 120336061
93 80 255797700
9 62 320086623
57 98 837412236
57 43 647409942
17 71 873486403
61 66 246450235
53 51 898639528
69 57 492266459
58 28 273276684
97 5 195108758
85 71 846020575
63 72 39104481
43 58 537377511
7 27 548728161
58 76 927063325
11 96 418348307
56 70 34056109
19 28 104069863
61 10 382196309
3 32 11030790
25 59 299047378
21 72 427659114
45 79 404906592
16 96 495902174
55 86 706512352
27 52 504749775
21 37 946471664
50 70 504952086
72 65 627157913
27 86 825912072
54 43 438074547
79 94 264235541
45 17 999388025
12 19 887788755
77 38 260278702
64 61 312420410
12 5 781598374
39 4 987136808
13 81 413165072
33 78 907668550
88 49 885181282
7 9 325839990
84 34 581966152
85 94 437202758
76 78 275022666
62 100 632370896
31 95 807039136
24 95 297694712
98 96 304367079
88 1 410633901
12 90 758980630
29 22 152902163
40 42 352746192
85 83 489106429
88 15 640465227
19 36 439956745
47 96 730480010
34 55 111534509
69 8 411006051
25 21 308636436
95 91 27138854
79 52 411974353
53 52 543171597
26 83 364936885
42 87 579394749
3 5 66329409
67 100 626304833
67 41 369592863
33 66 362090186
3 21 856869451
3 70 691658317
24 69 486751086
38 98 579857538
40 54 820885121
85 25 857355135
17 28 265404493
9 48 338782067
97 76 794224153
41 2 966952210
9 61 684376575
27 89 794990795
35 23 282870870
62 55 814044222
35 12 142090724
54 100 283450380
4 59 378552125
33 21 929869007
20 15 917274540
45 78 152335756
82 89 757190877
11 86 962180236
4 90 579850820
79 49 969837118
97 75 250931357
34 72 390201872
24 36 247425900
6 2 426683164
85 66 762204961
34 30 136133603
50 55 167381235
75 30 193515648
42 2 841044520
17 32 588020252
93 67 70601531
22 76 695681537
40 17 535166659
29 8 202790616
84 76 570586201
26 10 522820696
83 79 784327410
81 90 832144040
73 86 775461951
85 24 901768779
29 95 52995031
25 55 908702750
27 92 42484216
47 41 835945518
11 56 934906471
85 21 140234047
50 51 429323296
69 41 174489214
87 72 897044579
77 51 188413748
35 19 684920146
97 47 395341973
77 98 395963254
14 37 819201841
37 100 406134650
26 66 39763592
14 78 795352948
98 66 268392381
24 30 240767080
34 89 572796636
30 78 433732162
12 75 902015105
85 75 146924780
92 56 661878128
95 86 526996397
76 94 81682347
31 26 53310085
82 94 604235354
24 4 935797865
62 50 320247006
53 59 22994661
91 52 805247456
82 6 770284080
35 52 647233497
9 56 733369861
33 90 96818945
91 55 817817194
79 68 422180737
12 71 878457155
57 35 246776829
14 93 904125292
14 91 480305706
26 25 342297676
27 36 951215983
89 74 758670572
80 75 26948730
19 78 325565552
60 56 555968624
8 59 463581465
80 3 393130262
20 11 310204328
87 76 777384569
100 65 898184363
2 65 251492693
29 71 27491920
27 26 938133136
20 35 334886065
36 83 179002283
27 53 561751518
52 94 59003547
34 63 354777299
88 91 452859543
91 18 614322370
45 52 660913120
64 90 950197099
3 59 804341754
41 32 271288658
13 75 913919883
22 32 541887178
20 63 704368013
88 4 216610077
97 63 627957158
3 53 644542407
51 2 89700011
40 92 990018996
13 79 298844639
79 72 635315024
5 61 130032210
20 93 101072786
40 70 741614342
7 41 994377763
12 59 269329399
86 66 367623606
13 41 204281560
89 13 598580200
67 23 316774376
44 10 815829852
85 1 442046137
80 58 149069848
40 89 158058189
19 63 572578511
8 55 245154993
40 50 458870585
91 28 331149698
81 10 299302453
33 65 548633267
59 10 634763874
66 32 535693021
93 66 233940814
19 21 740718583
84 2 421168633
81 87 680033520
89 12 815035030
33 94 363103097
12 99 971715998
45 28 311009659
55 32 587291868
20 12 897554813
97 21 743603962
19 5 197228013
24 86 274505540
41 15 779211177
8 56 581739490
85 87 445276199
39 65 554692012
93 32 401381751
39 59 538311825
48 90 816514579
33 11 64581276
68 44 678222698
66 10 935439171
67 91 166606342
82 77 311311588
76 15 383069101
27 91 163048152
12 11 425137214
50 59 61473897
34 100 749386686
4 63 395099281
37 38 564400177
45 68 262584460
35 47 712552631
88 30 966919303
38 2 874259837
26 73 170928936
52 70 628871352
14 94 21452722
11 76 985572358
73 81 294121809
45 89 113715191
8 38 76600213
95 4 157958129
95 5 143189429
89 39 582652477
60 89 224938320
82 79 344499696
20 48 250630752
4 64 449426195
50 78 251824031
16 61 804258341
97 86 930716394
23 52 982082942
73 43 902428825
13 68 503983406
48 96 362552657
49 32 859466209
28 74 367784981
55 44 247534183
85 5 979509417
92 42 19009878
20 72 386399266
22 55 358491684
88 79 839021005
84 82 678306951
29 23 847809062
45 95 973496326
24 59 759921830
26 88 395406614
97 79 498118260
75 55 280357324
73 76 609387532
9 90 424612512
58 44 233393760
83 52 377749106
43 37 82466692
14 70 790204526
77 12 482639752
59 2 130718004
73 100 377017291
77 33 799583375
21 94 60603555
22 49 832813558
36 1 882916910
33 100 828099265
57 90 344589939
80 94 736149885
36 76 867546468
97 1 290598932
77 60 427434057
71 76 272445872
17 83 540398137
80 28 207498245
46 55 20566611
69 64 921322861
40 62 723336839
46 74 961901817
5 99 670126447
88 5 4720726
33 30 553078408
9 66 511755204
17 63 757319073
34 19 137349136
30 8 676518236
88 59 526669631
75 58 90894275
20 81 230488105
64 16 36880952
37 62 477819910
29 39 381019936
77 81 438303404
34 59 610323877
85 78 650068046
33 53 343167295
23 64 743329471
93 18 539050262
41 18 245141945
58 63 860002611
19 76 265075744
75 37 716053975
48 11 130197761
77 97 92344237
7 46 145151706
7 73 247523390
87 5 984473323
79 1 728256836
55 52 401449901
61 65 265284235
77 89 659089186
42 78 976512032
23 100 425519578
83 61 13380570
26 78 997063344
89 91 28980774
42 22 15881110
12 79 998127625
78 52 867892638
43 49 557715511
80 5 734828762
6 37 247074264
6 3 120219592
64 49 743313207
13 4 606818275
35 96 632759579
53 78 928844001
82 95 809224557
78 68 323540511
18 10 423712264
73 67 323936223
74 72 989749259
7 92 47261881
69 42 444374935
72 70 79670852
28 5 333735010
23 32 17739935
84 25 441094840
25 10 643583097
93 8 487946147
24 23 915460238
47 17 626924910
91 99 41777396
60 31 875383828
48 16 80850726
4 76 405337389
77 19 304442940
69 38 392589550
90 44 637104909
81 58 277515742
9 42 315083079
97 39 273142796
13 99 698361900
89 25 49111740
53 91 80891716
18 70 299381734
54 73 268966821
97 36 468177043
37 98 879233168
45 61 64067113
24 58 342005915
54 64 319914860
7 83 736736442
12 50 686234218
64 74 652587087
62 91 819739511
84 83 991039381
50 4 388567867
42 58 21131060
95 67 30187530
43 21 469563368
54 23 801779032
53 68 733289177
92 66 892154920
82 88 682068463
91 56 279265430
14 30 363126450
6 31 777016190
20 55 23109449
89 94 675643217
98 100 299785625
12 86 57114379
95 1 546090373
13 18 156967548
39 58 917960831
9 19 951048922
71 18 147267699
92 20 533883358
26 50 702397695
57 72 836317691
19 87 8949017
29 81 531042407
66 68 564739182
81 74 843365733
45 65 608498169
82 55 919673825
14 36 959076835
7 64 700709731
19 52 539527425
83 28 493106416
23 83 169476923
47 71 986526655
59 64 336850579
80 91 429912773
36 53 354491279
25 79 649375022
48 74 579921168
34 18 896330522
19 99 975195600
56 100 458972462
76 2 875516968
84 42 900750400
85 3 43523316
38 1 844419089
60 33 99224217
48 94 470761876
54 48 506607975
77 23 740700469
82 99 416957449
46 5 874879341
93 54 501518407
50 63 41033619
59 76 942082225
85 42 499241483
48 68 554890517
40 63 967975048
48 50 423601758
14 11 265398417
24 46 578852579
14 67 321577897
47 58 158427769
3 42 102251665
9 95 74913570
48 87 7277286
41 66 849506692
95 58 135959433
74 15 575826404
29 87 73669727
20 36 533638905
57 18 988147773
54 75 2196878
21 50 82492324
69 12 309316700
75 66 164331237
45 72 522512737
25 38 32823263
45 22 205539920
46 52 805584898
41 8 297052805
23 46 903371631
58 56 979768513
56 52 2756306
13 46 746511795
35 58 389973345
69 33 6762283
3 11 949389401
8 4 807199511
92 93 392839060
25 29 265907201
1 96 478037688
67 70 313570093
86 72 92029826
22 2 532473037
73 23 274956003
9 40 180586975
92 3 595391867
24 97 425763901
57 1 41684110
93 91 274500220
73 48 834274595
57 96 73322294
20 2 744812806
6 28 515743438
20 76 810970627
45 53 799172254
40 21 221628919
31 72 70832871
6 79 249611729
86 76 765493158
62 8 998411563
6 53 868195812
19 30 132036246
33 99 319493561
71 11 808187735
27 41 495548073
82 37 508224590
7 49 653012914
71 98 974860860
6 29 301056807
85 70 772046060
42 71 610625611
82 9 611807321
56 44 985677425
60 54 76300305
11 99 650908097
29 18 371498998
29 44 74979591
55 94 922204651
19 55 535889228
93 55 778204333
97 13 984709848
21 70 828473267
3 90 139694045
57 62 100555200
92 37 81249564
40 12 621326690
42 30 41843103
42 51 837044284
17 1 945556342
47 48 492229729
28 2 325153725
79 61 121287169
21 16 432627161
54 81 924612353
62 41 417951291
58 74 811729098
60 20 126903299
7 81 24763368
97 18 617005056
14 86 806238949
82 83 785842983
58 48 702631885
45 42 269489942
67 61 190024580
60 64 393844070
95 32 987307184
93 11 455911329
89 87 582759957
23 48 498956905
77 22 628092677
93 70 952904394
12 66 760107964
39 68 994106034
92 8 429864949
69 70 258489405
21 88 564781988
26 19 985506794
12 53 880401545
27 16 241759792
26 28 851564641
45 25 98115453
19 41 60105608
97 98 830268756
33 1 275521727
7 50 174651475
34 31 137386386
9 49 221292756
1 68 37202951
47 37 317188246
48 86 517190250
84 47 929798756
3 71 572694162
20 61 290058601
25 91 651661360
17 46 173255386
58 2 218593359
17 51 804528522
29 11 289888608
90 15 775285749
37 2 803797073
4 99 649040755
93 51 939793407
91 50 752981301
73 94 996903798
71 46 441405281
91 90 586841215
9 76 256405922
33 51 381291817
56 78 171285514
95 94 423664871
87 66 260427942
57 48 770265818
29 94 212819456
95 16 570463072
58 86 468722134
95 72 419251037
34 69 601108201
6 72 901494840
23 5 718650964
62 63 757060115
33 63 729070164
24 53 706373155
60 12 376185658
27 78 308887176
83 63 303997123
84 23 904632169
37 11 363446744
37 15 428338250
58 18 197718351
33 23 692007398
35 38 68553959
41 94 417787540
92 95 431794747
28 1 980838247
99 72 321803064
77 39 4142262
21 41 547655776
71 32 810325973
53 1 98202124
59 49 661808031
38 90 390382839
7 54 652646292
7 31 885528283
31 38 788158619
12 23 644092154
26 48 61167155
41 59 515750803
47 61 413463175
20 13 889913008
47 64 481956839
51 18 618957503
30 10 711469076
26 58 832018928
97 58 217562723
56 72 180603632
45 18 43294920
38 16 39668393
89 68 31212302
85 93 698058908
97 67 792009618
79 2 24676866
36 78 67190928
40 86 139826599
53 72 681422758
39 52 600136659
47 98 724682483
45 23 377741711
27 5 481622047
48 78 267272240
9 28 972147935
29 100 730532949
28 38 563195733
86 16 933005483
84 37 258282064
72 94 146773663
26 22 65159945
89 6 920722477
49 99 931512699
57 65 435288237
40 25 405581552
38 65 705909122
54 72 220075414
6 15 380253254
31 11 551168128
26 61 182647083
88 61 820853055
51 70 333253041
14 48 42350843
37 94 246543937
39 46 947276942
33 71 986853750
69 19 194529704
93 19 533184574
87 65 634810554
78 90 385554890
97 83 881884113
13 16 754628674
46 94 839662675
92 83 907920143
86 68 159382561
23 58 995932299
34 50 938545440
24 88 558538002
11 87 880463626
36 30 403608119
58 4 50150447
92 30 318578234
40 43 382843670
35 87 650327686
26 2 552743482
36 52 229021731
95 37 658461640
24 52 828344919
56 68 568756211
73 68 107593008
87 10 397744503
20 100 123713708
33 12 204484036
27 72 146635062
7 42 95868837
25 15 62892939
84 21 887243089
37 88 461555729
31 33 423362700
92 87 571672811
60 42 429595445
39 15 884033526
93 5 730629631
77 71 836722913
64 66 590335838
29 12 716428338
58 78 593636199
33 68 798276852
19 86 866869700
45 74 802250095
20 91 781261378
29 90 899967307
6 38 764440419
26 95 966606404
47 83 604580056
77 10 709219527
34 88 438247213
6 54 417859401
9 29 391194986
62 11 866488646
37 74 68809275
85 54 960770353
36 28 704932258
42 39 915510179
45 69 8215929
45 58 625287218
92 100 884741564
80 41 712599983
44 65 187755397
60 93 970915687
37 91 834503317
92 98 462960975
97 37 216574173
37 46 492602213
6 80 975886939
9 11 38477136
60 95 543996369
48 98 3041549
50 66 491406964
93 63 424501612
31 13 48339520
67 8 421614121
88 44 541564581
7 68 312724831
14 42 104904235
47 3 892286600
83 44 305075782
20 8 11756828
13 74 124523431
29 4 108722672
67 44 492917246
50 38 65953989
2 15 948906703
26 39 810638736
34 46 212610969
81 51 442882411
81 1 605907501
90 52 70082619
69 73 636699712
82 1 300802634
69 76 499654308
40 29 189761232
14 5 321361568
75 51 406853044
77 30 779296408
14 13 500930183
62 5 930460392
45 96 729663936
93 61 470261390
60 19 689082466
18 52 90922679
86 100 593465300
9 93 769545272
69 92 367374624
31 17 798547151
75 52 271069964
50 1 477727182
6 51 683971407
92 51 215462640
79 78 889203239
93 50 36265644
79 32 921257765
25 17 648059664
68 96 21508439
57 26 165983581
20 51 278745537
89 3 313750971
20 49 256405423
82 31 14905703
34 9 976818696
92 17 172408766
80 36 763847490
93 30 367042329
82 47 74487563
9 22 409181101
13 73 556219004
9 32 696862355
73 30 659500123
24 3 893001715
46 11 274934507
26 13 183475037
98 72 920128327
64 94 377668942
93 90 255199931
21 91 869574275
51 44 983704482
27 98 991478554
9 6 652458894
57 32 413880425
46 96 25569801
85 73 801439027
73 18 993641268
54 61 804501770
54 78 61369053
20 46 674088160
69 6 822329634
13 66 16582562
57 63 382869361
53 96 236930493
97 19 922780870
84 44 353768888
3 49 941220617
91 64 382725350
77 17 777766210
83 72 270604487
69 43 912189341
53 11 790169682
5 66 146018076
54 70 763359382
39 49 835982825
13 47 35195759
60 28 782525296
10 96 203244292
69 52 799198509
29 62 881103135
42 4 755973055
67 53 744628023
17 66 738286726
23 72 191030790
92 52 879391401
47 18 997879912
62 79 320690044
17 70 903962538
95 75 710874793
85 53 964294488
64 10 924767329
38 99 27306179
34 62 525011085
36 59 726653424
60 71 279271424
89 61 334588801
7 33 751818862
82 42 692416085
24 89 714196744
48 51 755019673
89 78 499257233
79 18 661673528
62 30 442008018
67 94 568481108
97 62 230009671
34 13 423720408
8 2 823835240
66 18 621741690
7 28 527678498
98 52 289397887
74 32 926167273
12 62 405236723
47 10 977393526
79 74 829101888
21 56 492263334
45 55 257971749
84 73 265628835
6 1 446302264
15 65 292011106
27 22 163790244
14 27 742338870
69 23 606596200
84 20 182747335
87 79 208723143
62 22 866994387
80 44 597690559
24 76 515466692
95 22 759098769
26 42 168486780
45 27 659349759
24 44 15289530
21 99 134902255
3 22 316292073
10 70 658613163
77 83 678601643
29 91 267922326
30 32 551127201
14 31 216172072
80 61 702633325
24 92 922607605
3 78 882291599
67 59 405299246
22 65 858174406
9 47 323073521
34 15 759566810
29 43 90571487
92 74 294909769
40 60 767198957
63 78 563333449
6 93 843805202
63 10 345838432
25 98 266991305
9 71 856958085
16 99 728733325
71 50 131254806
25 61 973583191
83 99 340234156
35 68 992967001
85 76 769453816
23 98 883832684
80 83 747892530
32 70 650401487
94 96 341014003
34 98 688903707
40 52 695310135
66 44 735727588
83 56 119364894
47 22 915680769
11 50 20064999
97 69 409251145
34 61 800979843
79 99 882462268
95 8 157369593
95 76 458728511
84 89 368609492
67 75 792017658
40 48 967634894
40 58 932053228
43 100 932210067
88 18 420368631
5 68 33136484
13 36 114646898
48 61 818877786
13 2 258872536
57 38 317024190
14 65 251245489
40 6 385558439
34 16 829317763
5 32 277073559
49 15 559640285
88 78 304062834
41 65 267146508
14 50 426267453
47 74 875292765
14 77 95447572
80 39 1710766
80 79 807156764
33 56 432150756
52 44 730869123
87 61 995141065
36 58 616310705
75 48 420007773
82 70 457876032
20 33 941857482
67 63 597377502
24 63 728321402
93 86 826515893
55 38 40327547
14 54 120286495
64 5 628182039
24 99 105548340
69 54 791497753
9 91 258415022
91 74 834442057
73 41 798531519
7 10 76626966
9 37 990726646
55 66 428061540
55 99 540296476
60 35 171390109
20 71 398635408
50 94 976889105
62 86 501420417
28 51 669625443
69 88 254519437
41 51 805920265
92 76 151202971
9 21 964693122
89 46 104020469
53 28 427576420
82 22 612602235
45 10 655492210
76 99 857211539
82 78 281101337
90 70 508035765
25 76 198252560
36 91 565181969
81 70 855585581
38 66 65144636
92 22 259130056
67 86 627587266
20 90 396131089
53 65 803983496
17 86 314729955
100 94 845045573
57 81 72951327
77 53 765015537
20 62 477596209
43 64 336735610
14 79 646037774
13 61 23318363
29 46 449638112
13 71 776167517
45 9 119123408
34 35 385012408
71 2 330589330
24 67 7834938
89 57 540477326
11 51 744023920
9 52 829836229
84 43 865591093
21 79 956995467
21 74 992642885
26 12 367350677
5 78 69647013
6 90 976360555
53 70 752443697
25 94 758075825
27 25 927015025
37 44 519553746
47 66 898884873
81 56 532027936
62 98 687627080
39 79 996662576
34 76 674084715
93 17 999567999
83 65 729400811
34 87 801106007
61 76 701418012
84 17 510087248
85 16 345491303
69 1 391303450
97 11 129106921
22 38 91303824
2 78 302850294
21 49 963868387
3 15 881309615
47 42 926043720
99 10 789309400
25 70 367060755
64 2 685662214
23 66 626677794
60 68 840542554
35 18 303107655
17 59 355082676
89 52 798502468
78 94 380792048
97 51 121782589
23 4 244399868
37 8 605665787
80 73 779860243
63 49 667237491
82 39 381762185
82 29 905295580
37 70 321145514
9 77 488519024
11 32 899297675
41 38 715029997
40 44 984825710
6 74 796009169
35 50 390414572
21 11 701573756
34 37 684873625
97 28 493829356
67 83 860724616
58 52 15236108
18 44 336485395
43 70 519999677
25 1 178764036
54 74 680137885
40 100 453964627
31 88 307087560
46 99 659602767
66 70 298251767
30 2 897924811
50 68 532415026
29 42 474144374
77 80 126787019
34 65 137856147
22 70 386140925
90 96 794037843
81 18 583150224
7 55 963270452
31 63 706439130
26 54 919871325
39 37 416007887
36 15 140228985
88 28 595681340
26 35 15760218
82 13 620339792
47 99 419419194
80 48 705180678
69 44 334786620
25 53 495338821
19 73 887523080
31 62 75917357
77 64 359644231
9 53 908398610
25 41 829767115
69 90 284658663
41 86 84036280
9 2 811294482
28 87 97473652
19 64 623502492
85 51 724087469
47 56 337471073
66 78 932840941
61 100 176958056
25 19 464807899
12 58 270381385
49 56 106124074
22 56 771009968
82 100 995059617
87 52 494874276
97 80 943369193
34 91 439309504
11 59 113390823
35 80 254841817
4 56 941838395
97 31 933938150
30 44 961306257
46 50 869011945
36 56 36381414
73 32 272408110
80 65 619306969
51 90 856471072
14 15 591502033
93 41 652360591
77 25 877902638
12 13 624770291
97 3 513267768
60 92 757519877
23 10 655428719
54 3 811809548
14 10 464277204
67 2 569554060
19 4 214423935
87 68 756549050
55 72 188137190
24 22 281781009
6 36 597948512
43 28 571013984
98 1 222114202
18 78 518241396
77 57 819982449
60 78 51534025
75 81 684342384
85 13 583841507
12 96 297935848
14 44 7296940
82 45 979307145
30 56 263646365
31 16 967218800
80 86 197463383
98 49 797296811
23 90 453580881
88 51 344396369
14 57 415361162
24 31 284757832
27 73 218738312
22 11 984945148
7 58 162822064
54 52 335205789
79 44 525890693
35 61 319740484
33 48 391331598
78 10 353105517
17 58 25650737
39 98 927110646
57 100 124679113
84 8 804972114
43 36 373782438
33 54 416070647
24 29 966955785
38 68 51578717
58 66 595170740
26 59 86602410
20 17 658038443
3 64 432850894
14 83 885465866
51 94 320977960
21 78 371853508
19 17 49760326
43 63 305210081
45 36 880771926
95 71 304471752
31 83 986309195
89 38 624920404
43 50 425997741
77 86 636811476
48 100 465440699
22 90 269118942
50 64 363448167
31 29 465790938
82 8 252954486
52 72 456482716
93 43 446115372
85 26 143049154
85 57 860718903
14 19 598759381
6 13 331817831
25 33 387956212
40 4 9990756
60 13 63345094
39 91 269497649
97 49 355195834
9 60 689697549
45 98 977449929
77 44 264245804
60 81 310006610
9 30 49152130
51 10 568253609
33 58 803963979
36 2 213924999
14 69 276365725
95 46 760887214
12 49 885022848
31 49 563441607
12 22 136584722
60 80 912308147
23 61 123607887
39 55 543424399
84 19 211355328
31 78 725250314
21 15 38173681
23 62 967016756
82 51 618217405
40 31 691475649
4 5 626580122
39 38 470071819
8 78 69134432
9 59 621422262
46 83 69269828
84 79 911404938
39 32 783314832
42 44 293304710
84 100 334646812
9 92 856596793
45 48 660967944
54 94 89068885
81 78 839924928
95 83 632733393
88 94 682700322
29 51 610700574
79 76 945024916
47 59 607939086
47 87 948275117
86 94 374045706
61 52 55227316
93 53 600910471
13 59 145705821
85 65 278594519
12 21 319352747
24 61 889220227
37 16 805764631
42 46 606882429
67 66 564476217
61 72 762922377
57 87 560763632
9 80 110999911
8 76 580286247
28 64 177612499
92 67 546901124
67 32 778033148
54 63 51720716
9 54 156512891
18 56 734878960
5 100 178912755
82 68 539867752
35 71 292968254
71 22 796733961
50 76 925796251
45 12 808396950
85 35 279654022
13 83 181208604
40 96 868918352
58 91 296362510
77 42 164940696
7 32 345975972
2 96 733347478
78 32 762198211
45 33 997762937
36 74 536226896
81 52 981634041
62 2 265043410
89 23 96489733
60 48 988554546
63 68 386498972
7 43 584958126
25 18 403636091
5 15 653086538
3 46 8408725
39 44 780599869
61 44 992448115
8 32 496494474
1 70 685464568
32 96 999454341
42 18 908756122
39 22 502850926
21 39 586451889
75 83 677193692
30 79 143826594
47 63 73014130
41 4 527582796
84 9 473451948
43 91 684171184
89 22 579963446
43 38 150235625
92 59 189924007
25 39 501908726
20 58 991536005
59 87 351375661
35 63 908065964
3 86 465141530
20 42 275451852
43 52 244702901
57 53 656262121
74 52 836287739
43 18 626413897
55 56 966324833
26 15 761089410
21 2 89048991
27 79 743671129
80 47 588860109
9 72 719563001
42 66 459781510
42 11 381536035
71 37 578613884
81 83 306430270
55 18 786609549
58 87 740243446
54 66 853469002
97 43 277621632
20 50 880154439
45 94 451689023
63 61 493749431
27 20 677448945
6 22 507832953
93 47 742779900
14 63 918910530
49 78 477615773
27 43 103887221
14 74 137705120
60 11 936708453
54 39 845743068
58 68 960122265
91 2 556665880
6 25 92161035
30 76 626235188
45 60 863147847
73 53 464571421
58 32 380497680
92 58 928211115
82 16 543366348
82 59 253077490
12 67 77935366
93 95 303306303
41 63 91369042
36 32 193035676
46 18 706134222
89 36 849739488
40 30 717961826
18 99 55042332
21 75 579692298
38 52 446343449
39 41 155509580
14 92 863295934
93 36 551056524
14 40 790123387
24 8 906916143
97 73 594829784
54 21 239300788
77 11 485980931
69 94 577318615
26 68 758559348
56 32 23526112
47 44 627021144
11 68 283225408
26 23 518848275
93 29 989922381
50 72 46657000
13 98 400198404
33 43 991431310
22 8 638196846
89 59 743458681
35 88 617590290
7 44 819572934
92 26 581377720
7 77 6892280
33 28 249921354
23 59 626009931
21 96 445329276
45 66 365746804
44 70 949617886
97 93 465562850
7 52 975351164
23 38 926857409
49 66 993744667
67 79 525605489
54 47 354971232
11 18 304770820
73 70 174257904
57 88 285312663
77 62 280542774
56 90 402493771
42 56 281519570
60 88 422282731
23 65 597510734
75 100 593473091
35 62 981557841
42 10 464673649
23 15 694521370
89 66 998057210
85 56 226494419
73 42 365810932
63 99 94001857
13 21 559011426
95 68 117904870
6 99 110781537
3 55 116813327
38 56 462681310
95 63 950519398
58 99 25538642
57 41 295627525
84 92 122455397
7 90 163035257
3 61 255951167
21 59 850370173
50 44 352644564
40 75 930506212
53 50 683696083
35 70 269260916
57 36 71446158
97 10 935518007
80 12 121803755
48 4 119708970
8 86 126322419
57 30 12350770
37 10 167488490
79 51 124062817
61 96 93788316
67 62 896577204
49 76 734955391
63 1 526906647
36 18 456398621
14 41 471461288
89 76 386425941
40 99 665006304
25 93 300372948
23 91 653064969
31 66 804037355
69 75 74267965
20 38 180624882
24 72 686480998
57 13 940866418
20 68 783232565
63 52 861068289
67 98 848497679
11 74 436868090
89 81 835741354
29 66 890289107
14 6 129327605
24 38 800696876
73 91 440114122
3 36 762085764
82 25 807863426
92 78 262641798
24 10 941316716
44 94 289784631
37 96 185088267
54 95 991322508
22 10 387717658
25 58 734584391
26 67 409556014
32 44 328343233
45 59 636385693
47 51 943489214
20 18 205334705
17 98 227018819
3 87 273944182
12 36 474340003
29 68 816898615
67 11 507708625
17 76 726137480
64 99 809319118
53 5 507262649
34 96 411435285
77 46 129167455
86 1 800630455
17 88 853164346
43 86 267888345
33 5 118882185
62 99 928060183
89 80 976736249
31 79 186806713
96 70 894442721
1 52 21152657
18 68 704642737
74 68 972551660
45 21 18946323
22 83 643306629
17 62 302356184
75 62 812299015
23 81 388180278
57 39 879402744
91 15 85148779
91 51 821350090
60 67 49650167
69 21 688666193
79 70 319619110
89 5 334808744
6 39 256046624
83 96 762795429
92 35 58643863
82 7 888837793
92 96 474995558
23 44 920575655
76 52 853511357
85 20 20161228
99 74 244555733
34 90 210206185
46 10 672375679
47 39 980286961
11 65 276118340
57 8 482993227
22 87 663153712
36 79 26485183
36 90 498017782
47 50 398411883
77 79 141667866
2 56 173713076
27 49 562678643
31 8 164818555
14 7 281301887
7 13 399495472
69 56 719013122
14 35 429151838
59 15 580173063
27 19 457029439
13 96 652364192
38 72 843090111
9 39 401480113
92 13 887919214
24 55 354346352
42 41 141751474
43 44 640342409
50 79 609854284
57 56 236070358
50 74 515896159
30 28 618982683
20 19 895800596
42 8 841186376
37 18 138886213
28 79 780960827
22 74 997363204
93 64 584321110
31 91 92604579
17 79 880841212
67 90 618936343
67 1 605099918
51 61 469209896
82 21 957056697
14 58 533743769
85 92 294148792
97 95 788709905
82 2 61883609
27 100 288317292
24 39 726971514
20 41 890613785
73 28 500722156
23 1 978861737
29 61 160234103
82 71 319454961
31 15 429413766
23 94 145865002
34 94 554135257
11 38 509901
31 74 125453464
71 94 168083781
46 87 86767328
93 12 479898465
9 75 632112719
28 44 502577535
77 69 324945502
77 93 282384275
92 48 924858585
5 10 810579300
89 73 922370477
30 38 977194908
9 81 200924956
66 72 685752709
71 65 990351389
50 56 203757258
82 32 534043657
51 32 889494081
45 1 712909102
46 56 950675906
95 53 373610319
24 98 905298329
28 16 991114041
30 50 409903921
83 68 992205855
21 100 916308065
54 32 282160502
18 96 375436537
81 15 113959907
6 86 908615203
89 90 324021396
92 4 686922236
60 29 539039493
34 12 531343202
12 44 388801120
67 28 827275331
93 68 788414759
29 2 21051639
84 90 371977860
57 99 914404418
37 68 783266621
43 65 614238606
9 24 560462243
36 68 49913769
26 75 636219833
40 47 574726273
89 86 994413000
47 65 872667266
69 16 169227225
13 62 559926419
49 1 15028883
23 71 174746711
31 30 591731286
20 23 310730054
3 50 141784493
47 1 354327995
9 36 568437325
1 100 208342471
16 32 810187888
40 3 938240348
67 65 429553540
89 50 140805137
85 61 369461801
29 19 779773947
69 26 656557024
38 70 685026550
38 78 795187174
81 71 738888651
85 52 702058293
84 11 835735568
40 10 629662196
33 88 760870830
21 46 332161195
25 88 984589108
21 38 602226305
80 59 827579954
35 48 423310760
45 86 56369314
88 32 705824481
19 10 811743194
34 93 350475876
84 5 832172156
64 98 194258335
63 90 650444230
56 10 175363418
91 78 557798233
13 19 241733373
25 52 20158209
7 22 872762576
80 37 793372155
69 67 252675010
8 96 650741535
77 5 436172921
73 4 505834036
82 75 707157265
95 88 657815477
59 32 446758774
71 49 94812586
89 20 423703544
85 63 331698895
39 48 591660724
69 62 629562349
41 64 308856799
24 35 43736559
88 58 12954344
88 38 254037244
19 53 921557949
11 66 735688810
97 6 631271359
27 83 681644551
31 36 359059461
34 74 896841000
3 16 272108731
43 67 369856866
9 20 737924304
27 62 447743497
62 74 855851251
84 1 948150860
60 10 416096996
27 47 543194105
53 61 90194388
17 44 647144707
53 2 800107495
95 70 426470304
79 63 598365132
98 61 966687279
60 55 343032783
9 99 628532599
89 56 696504415
36 55 677640572
60 53 3600399
19 2 930456590
29 58 767388050
53 55 226368653
9 5 5441397
34 33 938698768
1 10 762137805
58 5 253624437
9 13 578133078
34 3 817745500
85 96 653411634
30 70 882720720
50 87 328555861
16 72 518455650
34 99 27613164
12 43 590751598
41 78 310935038
99 96 894814030
89 29 843616575
73 58 570358663
8 53 71338447
89 58 366747295
5 70 259605625
34 24 162383919
57 58 105162871
89 1 119242678
92 49 140991323
27 95 723312678
8 50 879049222
89 95 206874671
40 15 204977496
25 47 909169525
37 72 791993108
12 8 155645312
87 15 940362775
39 2 376967742
28 96 788510002
58 83 716029308
31 80 628318654
45 54 37755775
45 47 584669332
55 74 578452593
54 98 884833360
8 87 501209703
20 3 700656386
58 61 552901387
85 18 5176873
40 65 973884464
59 74 612306411
35 81 150974293
84 50 910173656
22 91 709969554
27 12 251313330
55 1 332422735
75 2 415680863
40 83 899125329
80 64 937127419
60 1 288378491
60 100 902596269
80 16 899532743
84 46 612763187
45 24 121537383
60 57 771670859
71 100 455980604
21 8 378454073
54 30 889180026
30 63 63998545
6 41 175848304
90 94 47174129
12 16 799846384
56 74 569622887
43 81 327573463
64 38 394912488
20 65 163724042
48 72 866165348
43 8 398473660
25 43 756645115
95 11 400030011
82 41 515887918
3 67 174513896
47 81 6993049
14 85 536686069
33 3 155242022
26 5 482838431
39 16 722552000
95 17 234566454
83 86 23334197
8 91 572590380
55 10 310114505
33 64 230966083
6 18 580880750
34 41 867943227
46 28 825983225
37 86 170084910
37 76 518282933
73 74 50017520
83 32 603712577
89 49 763005447
9 8 180856620
7 60 641679448
24 91 964446981
58 72 57080264
97 55 502239448
27 40 953014840
24 74 66616685
62 78 879030084
77 15 910972647
92 11 672658497
48 70 822992562
7 51 130244148
69 66 473686981
80 13 590842978
68 10 2181104
45 35 963599984
19 37 210585377
79 38 903894111
26 63 271557567
33 55 892814852
15 70 42236729
97 60 693585409
85 97 863029870
97 29 886820043
92 25 32230674
15 10 315034671
42 21 906448364
74 90 269653048
64 79 844570496
7 30 81521347
95 74 309918687
29 3 766540259
41 56 610714682
71 38 739772033
88 68 160641625
29 98 344623489
12 83 687356266
67 48 792715871
97 74 992155842
84 39 461957319
57 31 792687348
85 55 776496837
83 59 928810163
28 63 179592122
53 87 125495369
73 62 221897897
7 61 123027842
73 10 934072456
82 52 744874773
29 80 620334817
29 96 110192874
83 38 529289933
39 94 413937682
81 68 274750982
67 76 350122346
88 96 924917097
14 52 401176018
6 5 482559021
64 63 358094943
23 63 762148485
71 59 889937012
20 80 974446042
85 40 771452065
46 49 16607084
54 67 899075336
57 17 407733100
87 32 618369694
9 3 235878196
81 88 379559426
35 98 993666957
54 15 124930257
89 100 930542062
69 35 142367442
58 30 354029629
4 66 617414304
40 33 847740840
84 74 839703982
82 24 8649309
12 2 468768159
33 95 150915280
93 72 131044168
51 98 203464102
76 10 16184777
53 18 869816260
69 31 822513216
81 50 97844661
40 90 56881787
60 6 825695389
85 4 897269903
51 65 321924468
24 43 666984533
40 13 498832469
76 100 825359291
47 76 602717876
7 56 195606724
84 54 62138454
41 49 727893058
85 31 186443425
46 36 863026534
41 99 513069451
3 17 470452185
85 44 470764480
7 1 531861378
62 16 425527328
25 73 410970527
60 22 563062778
82 34 725647170
71 79 353241695
98 94 124992511
25 87 877178341
41 96 527698344
87 38 457090073
26 91 312917039
24 71 588971456
14 26 986616732
30 52 673672562
7 8 9053291
86 52 515433534
12 98 67969210
84 86 491310245
90 32 76388711
37 65 942000112
95 65 392802588
86 2 206914681
19 42 852697806
28 32 199382673
93 28 229581081
77 24 65898562
97 15 125309776
80 38 163187926
35 64 989397703
38 49 593887283
47 79 740158588
21 30 147638747
90 1 305155863
21 81 811342613
83 16 273375101
8 1 842202341
34 36 934822627
69 30 231463942
46 72 698469286
43 32 141546808
40 53 482413343
89 11 112504436
31 51 289518526
45 50 525643670
42 96 747334807
43 78 224807092
36 38 234799479
50 99 488343470
31 58 103501274
84 12 654411609
92 16 383876683
43 16 402768322
8 90 617201855
19 3 88284581
21 18 605571226
95 28 528913384
34 52 507515791
39 72 343501428
31 90 788920959
3 96 423840700
93 13 180601975
87 78 737249650
31 75 142975965
15 52 56515479
16 94 269114499
9 73 545259015
27 6 352756674
60 38 186207525
26 80 778679725
51 16 679372586
20 43 359183976
5 90 445712037
7 21 154906144
33 10 985742200
39 78 480376767
27 51 755805275
75 86 391248137
28 100 175900780
20 98 972017818
47 78 545793120
82 85 377443630
89 47 964055738
59 56 192952049
49 2 145020213
14 2 316141847
11 44 563571291
45 29 743447887
93 81 522485546
28 99 389972941
77 61 425221267
43 62 204273425
12 68 285545864
13 50 484902220
6 49 193611708
81 48 159214727
95 12 656015868
84 99 65339484
97 91 727629021
19 62 11687951
57 47 607910846
5 96 379850523
14 43 866332822
85 88 401611392
97 87 292635086
19 79 645369633
11 15 568232069
25 28 83221344
22 64 984558670
60 18 432486894
89 16 40855044
91 59 25485526
29 48 221256025
55 78 278229606
9 26 940126579
6 17 453406641
66 1 308200874
19 91 291620129
46 98 907923656
28 15 788450881
81 96 440108239
27 81 399547953
14 21 695268955
35 15 20757134
25 35 195007344
14 8 269508849
73 88 689073595
83 11 656688884
26 62 50594426
80 1 474247618
30 15 235476121
9 31 675137167
13 88 900571715
92 80 96789623
75 18 619077921
54 38 33818715
21 58 888581762
97 81 46652491
40 94 337582336
67 64 621715390
22 5 724132027
8 15 201363926
61 1 773081673
77 88 749939945
12 51 809579902
60 65 748894882
33 37 397638436
91 61 441955018
43 99 653044463
9 96 787032501
71 44 214722518
27 42 995455634
82 23 224292984
78 15 893520041
21 4 557545587
92 65 733835731
17 10 279724608
3 73 286668622
77 99 10201274
92 1 58348705
3 4 447115819
16 2 877407869
39 53 745974452
67 68 750853377
86 5 215779469
3 83 391336477
6 16 921686381
99 68 595378701
20 16 51690125
67 58 129042769
7 39 908382814
22 30 808093873
46 30 912281045
84 69 767476546
36 22 1960968
35 2 832006149
26 43 595717153
24 1 718654345
29 53 631886132
20 67 227404622
92 36 52805168
50 90 52069186
69 93 14328658
12 52 745778166
62 52 908912032
77 75 546546678
69 50 758796643
42 72 662238246
4 10 555244624
98 44 298536703
75 5 971408008
89 79 318469890
58 53 956760941
88 52 889246357
77 95 529305042
40 11 6258367
85 2 888603420
39 66 968586287
56 65 670790903
67 5 27997644
47 55 317446041
45 32 876791484
88 53 138731444
99 52 536392267
72 96 51011772
84 67 337572580
4 98 480315695
37 4 5039627
71 8 808640484
23 70 340461962
41 11 662335298
89 75 566390552
46 48 579327485
47 91 648110759
4 32 782839836
33 79 6901937
73 56 298335850
88 70 379896950
9 63 442884530
17 21 192721702
27 10 608386808
82 11 245901777
89 18 171795276
34 40 358362768
43 88 344296242
43 53 590233475
86 18 322488453
48 59 467882846
34 70 670661676
2 100 269273166
25 66 579210986
18 74 371145293
99 32 664228343
73 51 486647975
23 53 308347387
14 60 524783160
3 39 641786259
17 52 904933
20 64 791088014
27 33 300491721
95 21 914479676
35 22 822551979
93 15 579181357
60 2 371477227
27 46 75765912
82 40 383866707
49 44 225640293
79 100 433676073
53 86 774708609
59 61 999496265
27 24 253230606
87 1 340987100
27 50 77054989
86 70 389014133
69 91 3909013
6 59 549370307
34 4 229545717
54 56 629999870
63 44 871340495
73 16 121299032
15 68 504163017
69 5 719801303
82 63 905748018
29 75 301135690
29 32 802823210
38 96 872286801
13 49 991545991
29 47 383303401
3 44 11805357
57 75 674582797
67 51 306995008
54 83 772579512
81 16 98875820
74 10 491640474
33 70 674002776
23 74 447498379
58 98 169680348
54 19 859988240
33 39 884517413
30 100 810211371
6 70 740750469
12 91 288515054
84 49 513986163
64 72 1761576
92 91 740973079
19 74 729988975
12 18 317949841
80 78 68855743
25 63 271264684
16 18 119631549
29 86 796361943
71 64 368695015
23 79 386855667
36 49 472865829
48 22 218454320
57 95 591796828
35 99 203796963
64 32 982262779
81 76 269086007
14 100 20152166
84 16 141348335
89 4 812720675
72 10 944392453
92 15 648637731
88 48 732764106
85 23 223582932
63 2 737171149
40 95 477844909
87 49 344558834
97 50 688163117
42 23 729629684
13 44 550343471
64 96 950992894
69 80 205263343
71 96 461032151
58 49 247903243
98 2 354485286
27 68 596563219
43 96 296576318
82 27 862632770
39 90 174271711
60 91 368577456
6 67 169554602
47 72 692208817
67 71 152174264
87 51 539584362
24 11 968476495
92 68 831623538
42 53 95727067
43 5 755996541
74 65 55547615
19 46 958958199
57 23 537443048
50 5 748768014
97 65 351826661
54 17 185687677
34 22 283934446
77 29 688708073
7 94 466953910
8 68 886141774
37 64 24946599
89 15 221151904
35 13 232723551
83 18 767508194
42 98 849676297
21 28 358882888
63 18 886492583
57 91 30951778
87 94 545243274
71 30 817646818
11 98 299946761
75 71 430264120
81 79 300064306
42 38 4712587
42 36 78659105
86 99 66131760
60 4 59849856
26 4 405471371
57 66 429848745
89 99 615538599
33 18 667538868
49 90 125466765
43 94 805164731
4 94 384663551
23 87 19004411
9 98 564391042
85 72 824281712
69 72 70355174
8 5 25646392
73 98 437368057
4 96 511559807
30 83 302020800
85 49 580451626
55 4 496258412
81 55 235582526
14 9 269443785
53 32 614378968
47 32 588134250
43 11 10740896
67 16 954682779
60 16 107397956
51 74 372583530
29 63 99901849
31 71 5784012
53 99 290257272
71 62 775256147
33 44 937515997
23 30 115969337
77 20 702251293
95 42 613871649
89 33 765665904
45 77 674061788
37 87 942897327
40 93 427682002
77 13 334634383
9 55 296313190
43 71 877325411
42 76 683745663
84 27 111324188
45 37 207176200
77 56 612259924
99 90 688087399
80 98 109603849
80 15 458166677
8 44 613016078
6 43 81082800
14 71 704255077
89 26 558063306
86 32 365260386
95 47 623439813
89 37 812311684
88 72 856466202
63 70 827285691
80 10 341548630
71 41 549446436
37 52 273992835
12 3 581944723
14 16 304034517
77 50 993718181
7 3 551059416
22 52 668275942
82 18 765589310
53 94 277085510
87 74 169756671
7 29 447747780
12 41 482600805
84 56 907376714
9 41 918265091
40 97 865930149
97 70 466525568
7 78 568473675
31 86 758186936
75 36 951112115
27 87 743260817
29 16 383155801
92 5 256521
45 5 617222295
60 36 940798160
77 92 694328264
79 65 937290097
98 18 306309451
55 96 962145919
34 54 188467939
20 32 628190730
8 61 132075701
89 65 885766226
92 47 514899352
20 66 797620852
19 38 8783246
84 61 120927337
80 43 53270700
99 44 668746637
27 2 777941935
42 67 176904383
30 98 125609526
36 96 885036386
82 56 160463817
25 72 845270679
84 53 165585100
7 89 781505749
88 55 769385199
31 23 756360882
27 90 522216686
48 44 610511601
49 10 412999807
53 76 436319683
2 94 870500682
14 33 909586282
62 44 205708439
45 26 503593211
89 63 781551808
8 100 858850579
35 65 786653879
7 65 681732697
24 75 382807983
48 18 267356374
85 17 993514323
97 96 698466421
21 48 387203987
22 86 126812954
84 30 396290452
78 70 465113571
14 45 44676643
86 56 129204957
84 63 855257636
93 35 697803644
95 55 111832010
85 27 505193629
51 15 361439420
97 68 255389259
41 30 995555143
73 71 376687753
82 44 319683429
5 2 776178053
80 70 486405332
92 73 335018982
73 75 708997739
40 57 329026623
14 97 718250305
12 10 922103031
97 25 173169279
34 27 669735798
41 98 267370579
3 79 475763016
64 15 658410704
57 4 657462651
97 32 624781468
57 22 978986479
40 66 264071008
76 65 794186767
6 88 419149908
69 15 908130465
77 72 900206362
25 44 259252456
57 79 91010342
53 66 297567233
9 86 860444143
54 88 360135019
89 67 669394312
75 59 282842527
56 15 770291806
57 55 198038126
43 83 829246227
6 87 633498188
31 70 631949655
23 50 622939664
41 79 742189366
71 5 709459427
8 28 639997923
81 38 217660407
3 1 649221102
33 2 125414103
92 71 820471348
91 86 761266565
45 100 241294524
27 96 143216382
14 18 192555
26 86 334445668
37 59 785907687
3 30 781488018
16 66 183155348
7 11 285808077
31 87 346726206
43 98 372079039
71 88 524908219
8 83 20343269
24 90 838295409
17 91 911500452
77 2 317254649
6 58 756886937
3 37 881933353
77 18 983462673
85 36 841218586
50 2 483768207
46 63 144091102
34 10 584637303
54 49 374829543
69 100 407907867
81 98 874018979
73 79 495828463
57 64 822062759
66 90 951529117
14 47 665857122
97 72 119087443
85 22 519003901
34 2 403642282
35 56 782812256
58 94 31181538
67 18 650450887
46 32 164843201
39 11 999819035
9 25 393391106
51 63 540608635
83 90 125963370
69 28 986596957
77 16 572402089
16 49 84759455
48 10 511212542
60 90 449608602
54 79 31825795
77 90 168880578
92 53 656206632
88 86 416088429
43 15 503909147
55 64 434589034
67 74 784154554
57 25 271667841
22 53 90776701
12 55 38843873
93 56 218824590
60 47 967223934
39 56 582134046
45 64 290435260
80 49 13395718
60 70 346842209
31 53 746668987
95 44 439227245
76 1 81778851
69 10 899400173
31 12 52015103
82 62 228264917
14 96 694933825
81 37 972489938
76 68 337926641
26 51 987816104
57 71 360254102
46 65 927843095
54 46 574924779
16 78 4875791
11 72 572685362
75 15 571275396
35 1 403901578
57 61 769183507
25 68 122184900
46 59 418588812
20 39 55011181
88 65 175084225
83 5 407639485
27 67 16004660
13 38 586191753
23 8 420913643
12 81 595804778
57 37 512956138
43 74 745940778
25 62 539254422
80 55 989757329
12 73 835018910
95 90 395466204
24 12 563367904
26 38 966637523
54 18 272083562
73 49 966613453
26 74 45966952
13 91 238077277
6 26 369312390
63 94 241483944
67 52 746596876
60 21 93345460
85 29 881179643
58 51 394978256
34 80 920679844
67 37 505646207
48 66 91466849
14 24 372075398
66 15 582451737
31 43 105888610
13 32 266681982
7 98 579672267
26 79 943747135
50 65 675347844
5 76 817277618
35 75 10497668
29 52 488329007
41 87 729444540
89 51 969057196
84 14 690523093
53 16 209666090
15 44 880817986
48 41 533270652
68 94 205250163
16 56 931172153
69 79 616632227
36 100 253614993
24 32 632078576
34 45 703928490
98 70 848210936
8 98 24734232
9 65 424720704
7 72 871946571
77 58 179782487
59 98 435966846
84 93 820143502
2 32 26305521
8 99 716430379
28 4 284939375
25 90 182935335
73 96 431926014
40 5 241891269
3 43 999452335
3 72 448598521
87 90 407792192
43 59 687256429
30 94 890104357
16 65 570576598
42 50 132393495
52 65 6828005
31 59 683853243
91 1 502254281
39 81 200373413
33 98 956321641
38 15 578531911
86 79 408563487
28 10 698704600
82 53 492821686
22 51 588360812
28 49 716587029
9 46 650672699
81 44 212043823
35 8 336542414
40 20 386042697
26 96 566333773
20 22 285718786
35 37 352685236
81 32 685260360
6 65 741322371
42 68 525282309
92 70 386536380
67 22 74565356
54 96 555756739
92 55 190827389
83 78 742085352
67 30 871421674
1 65 910611438
77 94 853262469
71 63 960223627
77 76 596886359
20 1 103941144
40 56 75160180
14 99 320412222
16 76 451605221
35 28 137442619
34 60 745696162
73 63 127635588
47 36 156641914
69 59 87113193
99 1 790249507
80 32 994437661
13 11 882448689
46 79 327454792
12 42 907307783
69 46 973239040
9 94 873596653
61 2 168581659
59 16 281188088
60 76 839207047
40 46 895838889
25 32 182461521
92 94 148276961
92 62 734091594
11 64 241107950
1 44 700504844
81 11 837030862
89 44 917365396
13 76 492617396
99 56 84853825
27 65 719880100
45 81 124044861
59 78 792335699
38 5 352454778
19 49 171805020
55 70 191691154
28 59 883373152
3 41 935966202
10 94 305911884
17 16 148378052
41 1 812721083
47 49 776071252
86 49 808955996
97 53 536098028
42 99 771248694
73 39 471541602
98 5 871567393
49 18 796602724
81 91 770602887
84 96 595761270
8 52 536689963
57 76 674783265
19 67 708051793
83 10 402668675
26 53 833809151
45 93 489953517
7 75 421315020
43 90 717394521
86 51 573161058
84 4 26177930
75 1 637391547
36 11 990538947
93 38 263589143
33 15 698289157
33 50 873404716
50 100 658882348
25 12 535718285
92 86 572649622
93 98 948346047
57 2 132095835
22 68 58498317
24 17 980857781
97 64 570378482
7 80 940138163
58 96 367568615
53 98 39869612
40 36 328548713
77 36 554050234
6 75 279031112
27 76 736596027
80 96 811050162
93 33 601312313
41 50 115670826
43 22 88454037
41 53 807865825
24 64 844350134
42 83 91220853
97 38 430002793
10 65 146561689
30 16 117040506
13 55 284233148
45 91 146513990
57 33 956515344
30 18 907490368
43 72 397654027
8 49 135348265
92 39 905513319
6 52 141623753
73 99 630310670
55 76 31355978
6 71 242507857
51 78 798602759
85 15 398993893
49 61 8283181
46 44 317904221
93 23 693849837
84 65 833990450
92 23 746262612
60 96 585149560
12 4 529787653
77 59 222906402
29 67 936702708
13 37 500850720
35 49 704921867
67 50 673623732
85 68 637965114
38 44 421326503
8 65 677017934
82 92 372686959
7 19 586500267
24 94 830315853
85 80 885071797
50 96 435391546
30 65 207067735
97 78 272521038
45 15 255909947
37 51 911645768
43 51 930344060
60 37 631831269
33 47 760146798
44 72 605565042
75 4 75577467
24 68 609769171
27 32 123884968
25 67 316876714
69 32 871989587
24 80 225049742
8 18 289885836
47 16 310262295
57 54 109764234
73 38 999572975
97 33 690370
92 75 575834445
64 1 965082802
40 78 400065066
82 48 227545408
63 74 981651688
5 52 247272139
48 38 223338046
20 59 604531125
60 98 974092202
35 90 801657081
40 76 802076214
22 72 959912944
54 51 626489296
23 76 642675732
16 98 520261979
80 53 266343336
83 50 21108042
40 24 406456848
35 83 111787627
82 69 848260315
24 51 858027952
13 87 737439321
27 31 839535197
80 76 65661896
26 1 745500608
9 83 325110666
14 88 582204889
4 44 879912986
9 88 407139457
27 35 350321922
19 11 6836102
30 51 808114673
54 11 947549487
86 65 880066893
26 90 185044901
21 90 790358627
40 64 883456629
34 53 356008739
77 87 494120184
67 96 711696778
24 56 687050671
33 61 975046553
27 63 674931980
83 15 456534067
19 88 409543833
31 68 473460990
13 52 475739918
33 17 156728893
33 75 323590269
58 10 433233967
47 8 281624192
34 21 617521421
47 73 915907136
35 17 823971291
80 63 216329415
47 94 4157922
26 30 404754240
77 47 500731398
17 5 879074403
19 68 286478477
82 3 124267939
45 92 26752878
60 83 229658841
11 63 116383153
80 18 680806110
45 2 504618019
7 67 855493698
79 98 893259942
34 29 945770115
27 57 678099536
85 59 564785559
36 72 717563814
13 94 733225979
45 46 314370881
54 41 854998752
25 30 942746842
26 65 352947533
88 10 204171194
85 39 43292977
48 99 338584970
37 53 304410402
57 83 886783470
63 76 202120698
17 72 959972558
92 99 6222199
69 3 115782809
62 72 534298119
12 94 919279608
87 16 595193558
34 5 237898245
24 33 531853749
21 52 589908167
83 74 579285847
71 1 343978669
37 56 268718252
69 49 507112545
51 49 231759590
20 75 33507957
54 58 971244520
47 52 676645734
47 46 406457068
98 63 501866691
21 66 469398621
29 76 100768489
90 72 447929026
30 66 190278419
24 70 250360428
51 96 686312663
92 46 425156527
9 16 582233896
25 3 408285291
85 69 487297414
60 49 445190791
62 87 908463944
17 87 948995390
14 87 931955784
21 86 645186805
8 64 7813928
11 49 571887670
69 22 758132652
32 72 875062930
14 51 451048667
9 67 781125471
77 49 59088399
85 11 724777617
30 86 410788208
17 61 928612269
8 11 775263138
88 100 898340337
93 4 123987004
25 86 441562795
59 90 419894997
37 49 89528309
20 4 694220995
7 76 320489720
14 61 208105484
31 73 216374055
64 56 515491347
8 94 313550415
85 47 285441216
85 19 115975382
13 8 198614514
92 32 390833397
67 56 371671693
40 69 870290460
13 1 529793330
35 94 179995025
84 95 388092410
11 28 892395807
17 2 541891693
26 11 113371412
46 1 580435299
41 16 185168505
80 2 266637989
91 10 556197026
35 100 117831366
83 76 587298216
55 2 4868770
17 23 789030794
43 30 206845159
29 28 9508482
46 58 613704278
24 54 612752739
17 43 95642758
45 51 941829236
13 39 370468800
45 43 876210993
7 59 99851610
25 80 920373825
83 94 315656865
45 38 587403114
42 79 415927472
22 78 41760944
45 20 722731307
57 44 306769856
66 100 813423863
86 63 987873280
62 18 763333706
6 20 193507609
43 76 919215872
19 58 9121910
22 63 975056824
9 27 849666546
36 10 555118965
14 32 556376538
52 100 503130301
19 47 937242053
46 61 90186585
26 52 251164449
46 4 667060523
17 100 984233026
42 100 521327652
9 100 433601884
93 78 65251489
79 15 970486097
75 39 111084559
75 74 320539931
81 41 478041883
45 97 781603473
26 72 378764752
76 32 662428046
1 15 153521072
21 5 405998963
13 48 438508690
84 71 993758360
3 94 509501554
48 83 330865685
57 49 794637809
35 4 920475052
64 18 196182393
61 15 265836762
91 94 473965235
29 65 747586607
91 38 721677238
17 65 777354632
26 49 774207694
93 39 163487009
4 65 594292573
86 78 419693687
45 19 966236090
17 96 841258912
40 61 484343550
8 10 391232981
62 56 607197176
73 11 889149206
40 22 241831651
27 15 454209669
80 50 552764845
27 75 21371390
77 37 816765399
75 64 885163669
24 16 803573218
7 23 92591668
67 99 572477017
19 22 463212983
15 100 682974480
19 96 618572158
46 41 736300792
71 68 102898272
12 56 254700430
2 72 89659865
60 74 369877629
7 93 340193265
34 26 85020673
81 46 873992040
95 3 384391923
9 44 669909173
88 83 32749605
2 90 559897583
83 64 553834136
34 95 888043750
33 22 254841330
67 87 953587184
31 76 51960279
91 79 549335265
20 54 43481047
39 5 701679610
60 46 957336048
40 72 527976468
48 55 146561463
3 74 406731996
69 29 204110152
69 96 615361076
46 53 676090820
97 8 43226682
91 44 35647916
81 59 69908034
35 53 839148004
31 22 854784089
37 90 238076522
87 18 24493975
92 28 873021885
57 50 951532074
83 91 410509249
48 79 579818169
19 51 724268731
20 10 301153476
59 96 273958065
22 1 158526442
88 2 166047041
67 15 448239237
77 1 849795400
78 72 406639850
93 48 732815786
41 44 227899613
6 64 902407987
14 75 143282951
47 90 220173185
37 32 595514399
62 68 27697327
17 67 141664513
84 48 645774433
75 87 535724357
8 79 361358171
19 50 812843471
97 22 995606555
89 98 133704594
31 19 523990600
67 4 111680243
47 43 245614173
17 15 781656543
89 54 482687887
93 37 981396036
11 78 6059731
59 66 758996373
82 98 212601976
11 91 362075313
48 64 919643412
69 98 10916486
93 83 169491804
60 94 459218481
12 100 875396149
4 16 186866154
69 71 47459311
19 23 924912799
40 67 24343713
84 35 964702823
93 22 316852951
9 97 455906014
69 83 739574707
82 30 491268616
40 38 271825339
73 17 661341888
19 71 151113099
34 86 456442766
57 94 99779066
14 76 448991368
57 10 422339015
41 76 241462674
59 44 879703874
26 21 593590032
29 56 495117159
60 66 604246369
38 76 571651033
7 95 141911916
9 69 433586375
39 74 866587095
14 25 777960657
30 99 500507973
17 55 862993642
54 44 706466697
77 78 100982081
24 83 130793926
12 37 799135334
35 43 344151733
51 52 695264206
85 41 698302897
39 63 761782978
3 76 317166185
9 89 721216252
60 62 67247499
83 66 583420686
40 16 973016467
9 85 228431120
26 41 644656605
85 81 654353290
80 81 935870571
71 74 649431624
6 50 358194591
17 81 808747268
12 76 671669661
69 17 535206670
20 96 650922229
34 78 440263981
95 66 793887235
28 61 379387529
47 21 264491071
20 87 353242693
24 57 792902769
29 49 863161965
7 88 214952352
28 86 197835057
80 19 279410937
6 23 610058488
19 18 580696917
95 48 715946814
31 48 342543733
31 21 345008103
13 42 302074367
79 90 739521129
57 28 372660132
50 28 184822595
85 100 758428485
40 28 742431267
26 29 330859954
53 90 506911335
73 5 988507632
59 100 410783690
26 3 196340729
69 47 547039708
88 41 835207730
33 74 341654863
61 70 522161063
22 66 672114289
81 72 737054235
8 72 276241789
75 41 154557675
26 18 16230793
7 62 54003751
4 51 120204042
69 58 368472474
21 65 280759131
22 98 413781160
84 45 101505791
75 22 892410798
13 58 795665214
9 12 912894379
82 28 552579989
37 78 286284772
50 49 952217779
75 63 555492687
6 61 206750474
35 54 500441661
80 51 751916423
7 96 58183886
14 72 337391078
40 91 591567247
7 57 408818626
26 46 361592581
45 73 206298131
24 65 656782486
77 28 746411117
14 39 126733306
42 55 193141381
60 17 742361118
95 64 943111904
85 95 548399817
30 96 938021300
85 50 915306195
47 23 359858486
59 79 490301330
88 16 305972788
93 58 300339762
91 66 985558936
49 72 817519734
17 41 852135439
4 70 480518462
2 1 704371441
40 1 179764639
82 5 954180193
92 90 952979951
97 100 157424315
27 55 810338088
84 80 919928958
39 100 745630749
100 96 369752612
34 43 983827841
27 97 517393469
83 98 267298115
13 53 830901172
42 86 526074060
82 91 241117223
3 48 233046048
76 66 737404675
91 100 714825807
97 71 309746816
60 87 347680770
4 15 438232745
88 76 603851632
20 70 134905446
41 61 665413430
9 43 71418771
80 21 176602924
42 63 53233461
50 98 277067902
61 94 36386144
84 59 459820243
89 31 441363158
93 94 27785290
95 10 394708105
17 94 948987298
14 81 241525990
88 99 905224662
93 99 9013554
7 100 398850579
35 33 344807962
40 68 527658673
21 36 228779815
42 94 941161970
24 21 376417867
24 25 79651212
54 91 572865050
42 64 38909763
92 29 747844963
47 68 847290857
58 16 956870709
27 23 864025233
75 79 428812864
9 17 956664571
98 99 232417399
76 18 777460334
74 78 602868340
61 18 511931124
25 71 567432008
47 70 433701388
25 64 72953502
29 1 750019238
88 63 603438449
81 22 655531188
60 30 133759057
53 64 821530998
36 63 16944192
25 56 426872806
13 70 842376322
64 76 550674010
17 38 828511775
84 87 967773226
6 96 698114634
36 66 467394629
46 16 527299040
35 5 942039385
24 42 289907993
42 62 232432143
27 93 722672987
45 13 250935627
37 63 604922281
20 94 65042032
36 87 246098370
27 58 591237414
62 83 153498350
82 93 696335429
87 98 528290163
9 15 828680336
13 64 219591644
47 30 537406745
34 6 280155791
36 70 145160465
25 23 134672765
24 13 545854585
21 32 176316593
89 48 861155373
2 68 850766601
35 41 393040192
58 70 910711142
47 2 523680592
73 37 868486495
73 78 788623428
29 36 95518115
81 2 688894536
24 79 764385312
92 64 421796820
7 38 909547240
80 62 564694746
54 42 572818596
75 53 39855099
82 43 581194185
85 37 893217735
30 5 272724113
99 65 21549512
75 38 12257133
57 67 566042031
6 30 948377628
25 37 196135227
37 50 539075194
34 51 500733088
36 48 168030591
20 95 465605765
73 59 546762124
85 10 89207888
91 65 144863107
88 66 478339867
27 11 946756850
16 15 89309289
46 68 142116714
55 63 323894915
47 28 121725692
7 5 516760358
80 52 73282403
40 73 260413249
57 78 981844692
80 88 913973161
97 92 306973889
82 90 490007450
71 48 789283695
36 51 509327563
40 18 21371303
93 62 564714743
45 4 800027689
81 64 558977398
46 38 571951156
36 44 6192664
3 68 724583746
90 100 13310951
33 59 717819571
4 18 238888066
30 64 413379593
82 14 425595927
93 42 478613993
82 35 456456146
54 68 370251018
21 83 779068556
9 51 759265604
25 65 570129350
92 79 623910767
33 83 527740390
47 86 110922503
73 52 479509853
53 83 817183457
99 100 193881963
19 65 642307749
97 88 311618914
98 65 142350721
3 2 170621074
97 4 29730721
3 23 288131928
34 81 595555227
57 20 624602527
22 44 172283733
91 96 546778695
53 74 999313544
84 33 80401615
93 1 618458652
46 2 110939294
20 25 71973118
16 74 720321611
37 55 490090928
19 75 367330375
25 74 947277075
64 68 71971091
75 11 892223604
39 10 965263048
14 66 513919623
12 48 367096515
30 74 218826509
5 18 132890067
35 36 677111459
39 18 589394951
33 42 566398319
48 32 749662647
84 52 458510808
12 30 584714164
6 66 789775747
89 10 255474279
19 72 198442883
7 35 125366779
5 49 343598676
11 70 374646034
66 2 824762720
27 88 555157674
20 30 343663479
31 42 734264870
57 74 531682047
7 66 906794907
51 66 975105629
84 58 417521901
45 56 615159351
42 88 623571786
84 32 496004138
73 64 217389536
11 16 420879359
29 30 35636429
30 72 887211985
23 68 786051844
92 18 726275177
13 17 710514666
71 99 337260495
71 66 455982794
45 71 510608491
56 94 343621157
29 74 644341364
95 99 750997227
29 59 892849496
34 67 490154483
77 63 419141491
80 72 781696775
41 74 586596063
18 100 214452620
39 50 620856850
36 61 238309298
86 87 848138289
35 78 213830961
82 38 432404759
33 49 996803012
25 96 241653227
26 81 881626011
73 87 309909622
85 32 451463749
17 37 644542558
36 4 851678813
66 52 260984590
41 22 587854307
8 16 557162661
26 44 722377455
54 4 1407652
97 12 12325761
25 4 9214124
3 75 492402308
42 16 314157225
57 52 265007817
95 96 528887224
94 65 527924538
55 100 427163988
18 90 831695766
89 35 846066403
77 91 804351766
95 15 116495109
89 96 294842702
22 96 302551746
69 13 213566988
21 55 995747456
34 28 214453824
57 80 776642086
88 64 400291661
53 38 973652461
14 56 464418274
84 13 709639515
88 36 768835224
31 67 376545705
5 74 249629978
19 32 878181315
57 11 654460403
84 28 286592914
35 3 253281521
29 41 42972521
60 99 192709055
84 10 389481078
61 32 28108105
39 28 906152823
85 43 831122254
92 72 624772842
82 54 204748053
66 94 352155655
33 86 255988732
55 65 392795891
3 62 473079301
27 56 223765607
68 70 254256283
93 74 409710009
49 94 956013712
67 21 445292802
