100 4948 54
1 1 1 1 3 5 6 6 7 7 7 8 11 12 13 13 13 14 15 15 16 17 17 18 18 19 20 20 20 21 21 21 22 23 23 24 24 26 26 27 27 27 28 28 28 28 28 29 29 30 73 78 114 145 154 218 218 338 391 420 448 469 604 660 821 970 2035 2954 10751 13980 15747 18262 18628 19641 27219 121435 287327 417104 419688 425425 2144060 23375583 27716746 165546236 261762278 306698094 385540115 392074337 405463014 444892455 469525875 491432208 550056391 562651253 579759486 708967231 773273511 801774113 882157790
86 88 725705911
65 91 240136518
66 33 677788732
15 58 147743852
69 50 714806830
86 91 13025237
87 34 546514611
97 96 705798536
28 65 512391873
14 76 365366358
11 17 277674216
76 81 837838594
64 31 130128685
53 95 849679978
34 81 467544229
31 43 806849134
25 76 15291061
97 31 277876844
49 87 736688565
72 80 521358308
96 41 133664029
67 88 317792744
5 91 253983752
97 46 710850223
18 88 286695904
13 77 863207581
22 93 637210582
61 25 572316012
53 81 562997620
86 19 691480559
76 45 576590221
71 68 448319694
3 95 587719809
63 42 550394239
85 57 444925636
63 38 361701298
28 52 971740502
13 72 521399444
27 8 560907965
75 23 16607861
61 76 822136171
77 4 99893881
54 55 164176008
16 10 556872942
59 50 905079876
32 72 702568265
39 62 693331869
6 34 195250740
39 33 59533658
92 17 218072134
30 69 123540373
78 31 370319763
69 98 747729978
71 29 684614565
11 41 651856507
18 26 37804794
64 66 955865453
4 51 770832838
78 73 304046809
92 91 491691206
10 36 452922385
16 48 208550619
86 95 538294866
29 7 852736741
67 41 596443225
72 91 187378877
84 90 197372346
32 93 500155970
11 47 620176471
70 62 308190172
84 65 576797883
67 17 752605037
70 16 921590464
33 92 992653899
7 74 545409089
16 76 765794920
11 70 542340104
29 36 297371486
3 8 62032144
62 69 296295977
15 100 260114053
79 42 748125944
69 37 349140359
78 57 686611913
27 1 265325641
94 72 899640307
54 100 184920167
3 9 590108949
32 90 16007730
32 97 467550050
61 77 498065073
17 81 949651369
4 1 601003763
83 2 840891386
52 9 28587027
63 96 684955140
63 79 482704076
66 91 720065319
84 23 631907759
37 48 289143870
94 97 873001522
52 50 743604246
15 10 170742851
4 35 259946476
12 72 104268291
95 38 486173253
31 17 431251570
13 62 989475978
65 48 418246356
89 46 184105835
39 48 578796336
96 37 869093757
2 74 652005415
84 41 998635392
63 47 800019964
55 37 560156365
50 57 405849066
71 11 331361729
21 17 41239506
59 68 221311150
18 48 860179361
78 17 12318892
73 95 224319656
54 60 864362360
32 22 32592180
25 30 398810422
94 51 942989816
12 60 501809939
49 84 461371252
72 31 545037835
53 27 344561371
94 38 847971692
36 50 849310464
59 93 133601430
68 2 251252836
80 42 17975923
66 8 214436195
14 42 774756630
26 25 299648026
56 2 380179864
7 81 459147649
16 40 439314346
86 24 712348935
21 84 759814596
37 40 790218974
39 3 455951207
18 87 777417219
31 46 431826972
28 60 928238205
1 47 688344276
13 99 602080797
85 8 526029863
85 29 975497323
94 5 932835055
4 8 487522867
21 36 16517770
89 66 23833470
75 72 823370094
70 46 267615720
86 48 420149249
27 40 127044157
33 69 380033923
99 41 254260212
71 76 921751894
85 56 713702428
52 55 777672996
64 40 79348195
86 51 790381918
12 65 272152811
33 84 47932955
71 7 658972310
49 37 516367159
82 55 601710575
73 29 555942840
56 96 895071171
29 23 978959750
5 20 801274132
83 61 946838964
26 23 492480258
12 69 922693808
10 84 837844999
28 100 663989957
59 40 622189248
37 38 458268931
94 32 816892456
21 24 498424717
64 90 139433002
4 36 838677455
73 99 204682288
29 9 527232734
26 35 831243218
75 32 831790908
10 82 488860784
89 81 454169995
63 21 652892910
24 57 62095971
75 16 378733029
35 23 279189844
32 45 906737552
31 90 507973559
26 1 20762907
68 91 181175731
49 82 832409869
18 94 966544294
94 17 577578137
51 81 483765352
6 90 223664299
92 95 755830682
18 37 940574264
15 1 885673282
15 90 962926709
17 43 672787906
95 50 607731541
15 64 197477353
28 41 919312227
80 41 836162236
29 30 863661266
28 24 275680073
23 34 942657984
18 56 476408348
89 37 44286638
10 99 783552623
18 57 94763054
2 7 99821346
66 57 94903048
92 84 935508276
32 78 311249254
83 82 787363800
77 95 573211028
63 70 349697487
6 76 64741950
16 34 18215877
70 50 996130183
87 47 972400798
97 82 643910672
10 72 481106430
26 60 163274905
97 78 113663389
53 69 645678540
68 51 808471414
62 65 631738533
18 100 396237133
21 81 325422140
36 48 839453046
73 93 840493792
76 38 492736221
62 48 58874954
6 93 431894365
11 33 621519517
85 37 169743645
50 91 621737247
59 55 912832013
18 84 447632722
12 64 611753502
44 66 357044525
68 28 515874036
85 87 386784466
35 84 481758195
79 44 378330452
72 93 993349204
94 21 798213273
28 46 460183137
5 69 900332717
39 74 315870931
77 82 888379494
67 12 849978358
96 22 757211406
94 19 656644967
3 10 550135901
82 38 174074083
53 76 420620503
56 3 508858418
72 24 459740304
83 45 11371927
15 8 237352248
39 49 56392089
93 19 671849831
39 12 218051060
85 31 520789418
18 7 15672266
70 33 144533008
89 20 569233963
71 22 395927691
77 41 415336564
93 48 882437800
33 90 743072902
56 5 247650922
41 87 296333190
89 77 163301053
53 61 741953858
53 24 443234136
3 17 899991504
11 40 380494603
18 46 500644306
62 84 8384221
21 33 150858815
39 63 483820699
56 8 741470344
14 80 854184819
38 98 524048953
89 8 451691329
71 89 855370404
3 66 69241527
94 50 233510874
32 44 612228281
44 88 590321431
14 19 213615737
75 22 676219059
60 34 136231168
59 34 378650613
9 87 279063427
28 91 597029651
15 19 722714029
33 82 751439687
18 28 216776348
50 87 972628995
76 36 240407645
29 2 132175333
99 91 464204873
82 90 260769188
79 37 533000559
18 72 532835617
15 14 233555350
66 41 326341272
100 43 998226348
75 63 450918665
83 89 929136981
19 46 262760838
67 91 750018750
53 17 753938517
25 100 179948821
78 16 516883145
61 41 26171046
86 9 130013213
85 41 252715985
89 43 73536334
59 28 620106603
66 7 618836077
49 59 809861600
62 87 718102371
61 13 595855330
61 43 473201452
21 93 82623070
7 38 445814954
79 86 209104093
11 16 507207329
94 23 973002421
71 87 812966104
36 38 193867030
61 12 622019287
48 98 19010769
35 8 567813189
68 5 945191735
78 55 484859913
63 46 79624363
35 43 862545960
70 40 698478697
2 33 637940400
49 20 727378745
26 72 930975941
48 57 541177024
75 68 589431896
63 15 518665697
75 5 724973312
8 20 642917171
59 95 467269717
12 52 665909785
87 43 114453152
49 60 991959309
80 1 667248293
100 41 495297805
66 9 249805883
11 90 445968821
5 76 273069762
93 98 386602404
26 38 667298024
22 81 260138507
75 94 68782629
96 16 243338059
24 19 471562578
33 42 850820405
32 10 437234956
14 98 159837940
1 20 122818248
13 21 770602700
60 43 323140504
92 80 828813581
92 46 161978672
11 96 173727998
25 36 915227196
63 19 973260479
18 34 876293246
5 81 696837373
68 7 293015124
76 1 185291092
66 43 287322836
49 4 685470085
49 74 383955569
64 57 341775114
26 30 723715266
39 26 409268949
54 66 985574154
28 90 237484547
97 93 146372621
5 40 234640546
86 38 285708176
44 51 935014358
35 80 406287965
32 61 666904828
89 80 690866092
82 23 660788843
58 52 759062834
75 74 822622691
14 16 303532961
11 87 943247498
54 53 194244421
63 1 508285943
96 48 680694169
67 72 682407395
59 44 577244873
21 57 964096207
92 60 331149992
54 52 755613964
27 35 642575448
74 90 424518524
10 4 11335572
99 60 797156820
61 10 938198616
39 55 648777757
54 30 956889501
40 45 217724945
29 58 393927778
6 41 28661322
80 91 257075670
77 31 616197845
65 57 237772028
2 60 176803814
80 31 336990084
59 90 906186822
52 91 938183754
5 30 346853039
71 28 725475660
22 23 959896324
56 37 379745296
71 91 523795562
65 34 284609512
71 4 378364738
61 9 867402570
78 69 777248264
27 29 261059555
54 20 956669554
16 1 2403524
13 5 378121938
95 98 14039487
81 98 275923219
27 85 275393091
80 17 962400737
76 23 249188637
73 20 772601463
7 46 891762247
66 65 839450590
21 45 122487712
18 12 768116041
31 41 946327197
66 1 351770326
28 58 510797299
66 55 761626994
82 43 444090012
21 80 200464950
14 22 496996140
72 98 184437514
6 26 994875260
73 21 745549241
96 35 683898853
59 84 826800611
78 92 394868241
44 9 530880029
77 88 892215695
11 82 278158212
11 69 682068108
10 25 493816081
54 32 379748106
50 20 544949861
27 26 482170759
38 19 685359056
77 72 244659218
10 90 507501730
60 37 724933223
66 50 994075215
44 95 797939270
96 52 962070421
18 3 616513577
85 99 33546614
65 45 776507161
4 50 270038972
85 68 712161408
75 40 930420145
85 44 943388708
98 88 752895804
97 55 634127464
40 46 671420805
28 76 551481546
82 17 771214280
67 4 77106013
50 90 587461637
29 84 900846408
94 88 507836184
36 31 921908205
14 72 490913389
68 88 789975776
4 33 300169570
42 55 867889899
1 57 495041528
60 31 313607800
3 84 78703678
54 49 18572984
60 47 545706907
22 66 182702392
18 41 489050745
83 3 605714507
52 80 434401137
79 29 382955218
72 40 798722592
35 38 623845125
15 74 662209030
58 42 618851364
53 64 975420529
63 59 910586776
32 7 967166548
54 24 481645372
54 15 309141514
6 46 453341773
66 81 86349937
55 88 299139586
83 93 302916061
23 1 125838099
62 82 73057112
22 38 771743242
83 13 110752942
79 31 83771157
26 17 834222864
59 2 762663616
63 88 59021147
83 80 507816325
56 55 705497196
68 35 51934376
89 13 962636917
6 45 46866082
86 52 871359975
64 60 185601535
52 46 646296612
45 8 410141791
23 81 652595393
17 74 815338861
52 34 691996965
33 24 355218566
54 97 707176177
22 57 530775028
65 43 906138514
73 24 4807311
32 37 415850921
30 100 804233769
85 42 921727471
79 45 837249903
18 81 178437647
5 36 527501262
34 98 167738287
77 9 136813666
94 25 899140491
99 93 943869692
15 11 695148088
10 7 373786365
64 93 707449380
32 5 636024909
73 43 401095220
53 86 632054339
22 41 837049542
44 92 974656880
16 21 416466107
66 36 750878711
92 51 830904496
67 80 768637903
55 100 308056447
44 77 123035609
6 4 796515653
18 49 191155868
11 91 990719903
26 80 745782366
32 98 580213500
72 7 683029925
49 72 141115242
22 1 249487070
55 69 636642178
49 98 65997771
39 32 761962984
12 81 851100865
18 74 756730455
73 58 152616610
61 85 891583897
39 18 470763370
70 2 871544290
2 30 233267049
5 42 991735380
58 74 757822677
52 47 507995614
67 27 719699767
16 35 520463740
14 5 996686789
71 69 547285153
15 9 777775659
16 66 789973984
99 38 503244730
69 8 970804086
45 81 977070385
58 98 938151071
99 30 297835926
13 65 322307083
15 52 843821512
76 47 866773808
29 66 872611924
84 20 276590427
30 9 435385049
38 20 63654617
51 34 654652541
69 43 798948676
39 86 293277641
56 44 685574483
94 37 870546225
30 7 274172198
26 74 633459855
22 24 620701341
76 88 844913156
67 93 913783892
66 52 85668512
58 91 176038759
5 37 381679717
12 43 505768807
58 51 256718445
18 85 216886389
74 81 878608471
73 69 523587056
85 30 42919236
56 45 911718108
12 26 261821145
7 57 757985153
14 65 304362946
89 57 504662962
75 78 69470689
49 25 781769716
76 31 333527742
21 47 228572469
10 38 847708812
95 34 58480791
75 51 934641163
89 26 20824865
15 82 582463290
87 91 337195754
73 7 515529421
11 1 297760144
11 73 559459628
21 22 722653165
75 37 863984729
83 57 893545595
69 57 398278309
66 74 597444850
68 38 676254827
61 48 750752879
97 12 662026002
60 23 533170905
14 12 636285540
100 19 319029092
68 16 517120510
56 78 207796683
18 8 127443341
30 37 108000492
6 3 44928944
39 30 818714207
67 1 191883512
71 77 16058160
58 76 441044467
64 33 463208728
78 50 884483299
68 3 795339948
25 37 349751459
11 29 844880647
83 96 339077478
10 28 987681639
68 17 821398892
58 93 257950798
54 28 609322274
25 98 279107983
63 82 346451162
28 48 591548944
67 26 318086095
97 45 702667600
27 30 669034811
15 73 248366086
13 60 170633795
96 1 505947540
29 19 174194361
65 47 273866622
28 40 57334437
10 43 454053003
63 24 759867150
26 87 377647177
80 9 351953497
60 51 229765030
12 46 43497390
11 80 547967676
49 96 128288015
39 36 32954448
73 35 612566980
85 72 194296898
54 74 699300676
14 48 129866137
89 79 964085380
6 7 674536442
56 43 433567995
72 1 586233974
79 25 154299737
15 87 967137034
85 13 127244117
35 46 101990599
10 65 681432215
27 60 463181684
56 74 939660521
73 77 102515774
37 47 604724997
10 48 357515205
59 29 70025423
85 55 833489899
24 8 471926767
93 65 656797200
75 97 213804790
25 47 236659077
13 47 933169066
79 87 817899585
59 65 735206537
80 47 783016801
61 74 831372316
86 82 847002309
77 50 100115182
79 10 903502991
27 34 866920084
79 56 884742641
25 60 717384413
99 2 351940814
40 38 824844051
48 38 885138303
89 85 960545066
39 69 580434851
68 23 501020094
14 17 890500870
63 9 944631316
85 23 572985355
30 20 127711447
70 47 436913171
11 52 531322021
54 45 568862997
2 8 278191580
4 23 340974627
56 23 692678345
56 31 295856952
44 93 286402359
70 97 194127589
21 20 637267211
94 56 462361659
55 41 660648951
57 91 158143961
27 37 89638553
27 9 435736790
2 88 782435676
16 87 321924743
81 20 231046259
15 69 40430963
29 48 765450221
85 19 872716930
31 19 119809158
53 22 327086877
89 9 919976242
25 93 680545444
98 91 86390815
11 42 109641668
52 100 936642252
18 65 48739998
28 80 630582711
27 73 206247718
52 35 47839188
35 9 804469696
26 24 764099977
53 33 394012153
94 69 350606732
59 22 455333118
57 20 710271403
53 82 889598952
41 1 87671247
63 43 776790369
6 10 964742685
78 10 506905588
67 46 730848215
97 91 281996866
75 87 952954217
84 31 651030966
89 7 21314979
30 50 911762921
21 34 610000686
68 34 572897686
32 24 540626202
59 36 118930026
79 80 530536360
83 22 877909609
61 87 356855799
10 77 815438650
67 24 662173610
49 40 176496016
67 21 642632135
14 46 617285614
40 34 764703340
32 64 866710694
99 26 389457368
72 37 134342878
59 73 89944177
61 45 117051925
44 81 6596216
78 98 246387635
54 47 65231241
2 23 516775446
6 8 965608284
56 7 61911978
96 34 842617938
61 82 88459127
15 97 214887097
15 2 433487800
4 41 233471727
67 81 225837658
63 7 192236104
36 20 529723314
9 43 780599970
93 36 936621588
28 43 183822497
52 8 973643314
94 55 178824715
30 23 653071574
63 66 646403764
83 94 162473110
4 47 826023691
79 33 756738080
71 40 793372513
36 95 226623998
64 51 511714283
94 30 926485078
94 84 251645192
92 55 514221265
95 40 585994601
99 33 994941461
52 88 580903578
30 98 764108676
3 47 153632227
18 36 871538160
13 73 966534703
27 51 606899335
2 87 971317204
12 24 549718184
79 1 990799111
4 95 844553961
18 10 9298630
54 46 342376221
71 65 180228088
50 74 178009715
73 17 700115518
39 53 546847616
36 45 17435213
54 70 56867876
49 56 88451793
13 4 477298859
86 43 984540399
44 76 342353187
33 8 147050066
8 1 859271379
28 72 178047654
100 17 137609194
63 51 86159725
71 61 612912031
66 38 397342195
75 52 543192731
94 60 153114496
2 66 124868479
49 42 768953713
53 97 294787672
6 65 932478632
54 84 975009368
97 42 775591290
41 38 851786868
41 91 244666553
29 64 663302717
23 90 831405791
70 95 262129513
100 23 502383481
6 81 519574707
33 38 676832988
52 37 976334433
16 33 706821055
92 72 729914181
71 46 179239829
32 95 64135976
78 93 140717396
36 24 204187824
62 22 300598547
86 57 947533833
14 100 369749927
94 89 85469972
21 8 418081678
24 48 926569131
24 90 620496054
97 23 671001786
68 37 387863918
22 69 435415725
75 70 889742261
35 95 66543361
49 100 649416615
96 100 972849763
16 7 911267952
89 69 56690969
97 72 407516513
53 92 140617016
89 90 644169898
99 28 551041684
78 9 300101764
78 41 182987331
73 82 490955609
56 95 149891704
61 88 824835130
22 55 984048080
26 33 514417
93 37 668209602
83 29 448779840
21 58 417169251
3 50 938498031
48 34 269473186
55 98 100700783
93 81 632206288
27 90 802860125
42 17 397369001
42 98 357688603
48 50 897409341
58 23 506724981
39 24 338421103
21 60 284809894
64 45 661705092
76 48 465781093
49 86 89126938
67 85 846884019
35 1 525712727
28 2 532260363
89 72 886735935
61 96 61161640
53 67 393089932
37 95 99844416
5 7 693543675
52 45 829675229
56 65 623366731
49 57 742375982
67 47 617560123
75 8 574217068
70 19 502084560
77 33 815096775
22 45 132797639
18 20 90336671
13 3 42213778
60 74 804898589
49 68 637817802
26 19 665667019
15 12 606280626
6 40 935491761
39 37 546635259
83 66 809318565
75 26 540136701
54 41 276965434
30 38 513218066
54 96 800462824
85 60 166881929
70 36 526306429
39 90 504977086
18 14 376746912
56 68 263100156
16 5 89728475
79 73 613901603
56 13 63190686
71 88 72625729
67 42 279426539
56 26 479227895
97 19 623831148
71 36 754717239
71 27 345630412
62 99 566835936
13 8 776739176
49 13 849429907
6 28 485651640
68 92 275145400
49 33 50836538
58 60 237112279
62 50 1917989
86 23 68888118
58 80 941379921
6 25 752874916
99 90 785381449
30 33 281049483
84 8 930770258
60 76 921503871
54 9 461360778
73 36 899986696
63 6 159807621
30 74 710584681
63 84 412324050
42 47 541756000
63 12 543575407
79 19 12735399
83 30 736253272
35 7 950434214
16 8 932198633
94 15 629766171
94 68 793173279
6 60 529949937
67 9 590856484
77 42 713665956
59 48 247274086
9 84 439189051
49 31 173176729
5 35 120074496
60 45 673277248
67 45 65655017
67 2 943111265
76 17 285034037
39 67 124205680
15 59 761755669
9 47 649735261
64 34 912736635
49 23 818809541
18 4 471563839
17 46 273533233
26 57 670746007
18 22 344200172
86 7 644779721
54 26 18418875
27 36 449583974
86 2 412037465
25 42 503861926
4 65 742720361
15 38 992334166
53 38 449368026
77 7 824835049
69 91 1333405
83 99 88890349
27 58 859885678
61 65 360613749
15 42 451425534
4 38 626999743
83 36 353525075
72 57 40579686
26 45 902430280
39 14 135655985
14 26 519066255
35 76 235049096
15 29 284513557
37 46 940620777
42 88 807008255
28 33 773801729
62 9 484188019
67 14 89028414
70 23 269111778
49 66 907549443
97 38 613402268
9 48 121196755
37 45 70913329
79 34 646208947
68 82 879514306
28 23 778258443
26 76 689344953
13 84 625733078
78 14 258307896
85 79 783236596
86 64 844565893
5 52 29940548
10 33 706699567
11 98 91865203
15 96 398062784
44 57 639667277
27 42 577827033
32 3 992680053
63 78 885396431
19 57 125597030
86 68 377742182
39 82 409357447
92 93 132071932
27 2 39199408
67 76 542818785
10 47 108889756
66 95 57137923
14 34 440063300
27 31 403116366
14 8 301599517
3 77 949070117
75 55 407877606
39 44 620775612
29 5 558770482
6 66 293285891
58 100 183562198
31 20 178179317
85 74 923806129
13 51 179453707
84 45 791968567
85 50 624537928
63 13 473884606
49 17 511506475
59 14 553664200
28 66 565377955
30 84 292688825
20 88 277502096
94 91 556480613
49 95 498227484
65 46 835111682
12 82 865504265
56 59 595586663
2 91 763777933
77 99 808475601
71 33 36030139
82 95 812171963
50 88 151850385
14 84 808003711
71 86 74623805
67 3 156781003
22 40 904661827
92 36 714945109
9 95 699028306
58 90 703128301
3 22 63979179
54 87 81911660
49 50 814357947
70 20 126613810
49 46 564235450
59 47 855749341
11 27 281187667
43 88 433763849
89 2 775356683
100 74 934109086
93 74 101259201
52 41 842906543
27 12 815187536
44 72 486400856
70 87 525211868
64 26 153680148
85 7 751390965
71 26 285931801
94 70 248408012
75 29 112283978
78 24 231669769
69 23 282192455
36 7 694439513
62 95 181275206
29 40 817407543
89 3 486147352
54 57 458430567
55 45 941606963
68 87 785626213
73 92 635334967
43 90 760019460
97 44 217800142
63 74 392481158
56 46 616934720
29 91 269776498
55 65 189254686
23 87 960062706
78 82 424200039
52 40 741793566
39 27 323868753
62 17 379980535
79 28 943304627
16 4 933757
95 24 687325273
44 74 677033625
79 36 530302474
14 52 59170446
70 14 241920109
89 17 170116543
25 24 705291025
47 46 426716668
12 1 436283574
75 80 223657476
44 48 168463199
56 25 707252988
21 82 479412084
79 38 140594066
67 99 354405159
78 87 846014655
72 35 208889321
78 64 841685552
26 46 794760193
55 47 125666144
35 24 445312884
96 8 689475102
4 84 870599462
9 46 266877550
84 1 796983791
27 48 169345000
100 31 965679607
86 97 330366652
13 23 12135391
6 12 464661139
83 35 107408558
3 69 645045756
89 29 592934745
86 84 840448141
21 5 461950900
2 19 651879826
22 60 638274471
11 8 230570929
82 81 246299182
52 36 265775861
21 9 679994845
76 7 604681694
71 51 339250061
26 55 149318294
64 17 275791705
96 51 253796884
12 58 679516617
73 40 370394601
68 20 19471544
70 31 898854445
6 38 517889682
63 94 726447841
73 2 268311329
79 21 204364765
13 6 418147585
89 84 36649430
2 92 432187012
63 56 826882845
72 47 502144801
15 92 142365726
3 90 462835150
7 65 678256792
79 74 976627878
89 45 355148769
51 17 399860606
61 29 489830935
62 64 869171456
58 50 927226720
85 38 189548900
61 72 725545528
1 88 169064100
56 87 442460016
83 4 248172639
42 81 462442754
69 1 481978966
39 84 842168535
68 57 691895158
92 41 353733816
15 62 944481471
36 47 290312556
30 31 211340543
16 22 341903421
68 29 886674989
39 16 543916741
32 33 96564370
17 45 962672130
42 91 654585064
83 90 842786426
72 34 254893283
13 87 66506453
5 51 606633649
30 81 542091862
21 4 709116496
92 69 878299474
77 51 598936627
56 24 899199034
71 60 214663778
100 24 308058560
38 23 774746302
12 66 62979431
63 90 452177092
56 93 990497624
27 43 883012355
58 55 402286115
76 50 981244836
63 67 900147663
33 52 821748483
12 4 29282496
27 65 758910477
64 46 791681888
97 73 53904915
77 69 361138936
44 98 278199205
44 26 815542170
84 57 172483797
85 51 623963658
24 81 736331311
42 24 417663181
97 26 515727882
99 100 774177245
35 51 795471038
97 6 519032633
78 34 707018203
52 19 257395872
22 26 225398542
44 55 5987065
49 80 444010755
44 17 695446785
71 43 706864279
70 34 530785436
59 26 166254466
30 60 596797880
5 17 127494221
3 30 70350720
67 56 260505171
26 43 666540295
78 88 386204453
64 98 564075699
51 45 309003538
12 40 257078192
87 20 529889899
59 80 503574929
70 93 654182212
3 91 371765254
68 72 43589411
61 44 584815502
64 9 925553733
68 84 207515190
16 69 654110219
56 76 518004657
68 66 660395324
22 48 578835924
28 4 80491365
33 95 37860659
79 55 332700559
77 48 455977562
27 86 883121973
30 95 649869420
32 49 426358015
26 20 829461146
2 72 414333176
12 2 94278557
4 74 796424590
13 68 738014663
24 98 16965443
77 19 304308315
25 65 559238279
15 44 437164372
26 95 591645920
58 40 165860048
93 20 285813444
3 28 280190250
6 21 892566874
71 10 884115252
54 17 385131721
21 30 514091900
52 42 673486195
5 64 460245049
6 80 433737901
16 98 741229965
96 14 567932301
67 69 495206077
77 38 870261104
10 93 457113340
26 48 978024529
6 99 734212689
36 41 183089440
16 100 456325330
83 91 516219645
59 19 995739083
75 90 852475324
60 93 507906305
94 12 630125196
60 88 135344468
99 64 775289995
96 28 58629274
25 7 181453133
6 35 151879992
13 10 103385713
44 43 411292758
3 5 127121380
61 4 551759762
92 7 156568678
32 35 830864488
97 14 572481325
71 83 274533189
16 42 617021585
97 57 550414447
39 100 75364296
40 20 166459352
15 98 409288890
22 90 704330090
89 38 212591652
63 69 268816598
58 45 82313627
54 76 994513580
15 46 400596224
89 73 239560073
82 36 409569420
6 91 697157917
67 16 626841478
70 13 50555571
64 100 626418533
31 8 20275876
71 25 902358364
28 35 960774167
56 29 68136443
96 12 406623874
31 81 553536574
97 20 23465587
92 1 418714920
89 76 471689123
7 50 884105801
51 23 27579672
86 21 114786608
92 24 285522419
62 38 131600948
71 70 473005530
29 38 297656186
80 76 829735976
18 15 126888150
56 47 227335527
33 93 580107854
99 80 749131304
34 90 966477048
6 19 734416823
17 8 708397204
73 33 847887037
79 47 379763176
54 99 157480434
52 51 486135482
89 4 481508741
79 43 475276507
16 52 882992398
73 16 76049118
30 48 31536585
56 14 166160276
25 87 838919978
52 81 699391900
44 31 295381817
3 58 145639375
39 13 809582743
99 1 51094758
54 4 921186581
82 1 999117209
71 14 657944062
86 28 394407631
49 28 584310465
83 51 90739364
68 76 681786712
76 74 121549355
85 28 182292179
79 3 304308860
22 84 595749980
62 44 412234753
96 26 795934128
29 47 117688188
78 8 691866967
99 24 944917637
39 40 203406096
19 43 300802309
21 72 896353240
63 48 575313472
79 78 356354473
29 90 960089875
95 8 185794151
53 28 93083983
14 23 955113216
76 41 460289528
24 88 40368430
4 43 182074952
75 64 899042119
86 20 426263372
56 77 433114432
61 81 332977332
70 43 376341491
68 24 449402844
70 25 458552322
71 72 567107430
4 57 81304032
86 3 440345995
62 57 515409103
85 66 586004223
26 98 569887244
58 25 715009522
61 28 420693141
12 74 343708298
94 13 936623909
21 100 489724820
89 68 922165180
16 17 567644341
29 95 979564963
42 20 428543679
79 17 821352650
59 45 536517389
17 23 642010137
13 40 723304037
30 93 744627858
75 57 690046146
79 76 877236859
21 91 386606980
63 87 554562519
12 17 46244520
67 100 471326559
60 84 143451894
82 35 996225391
89 88 591142346
77 24 795612511
40 48 613044333
15 51 735787229
67 98 728220455
96 84 737183996
53 15 308422493
84 50 760973298
3 55 4593993
76 65 800878470
86 16 328245639
94 26 777979956
67 74 174628690
77 1 483075743
50 45 967414692
79 100 170940540
61 2 539584959
73 57 436133692
69 48 53361921
11 58 159512376
36 81 644786927
86 47 607284327
62 74 408056290
54 1 963017219
49 10 438919442
75 73 975726404
51 50 588359242
51 76 277784600
16 81 622784652
59 4 995290112
32 85 702103011
35 47 422979091
32 23 498958563
79 66 10461160
44 60 921359273
54 37 913358842
39 7 156630877
54 92 126364786
96 98 211896389
97 48 577738506
89 78 684541528
3 65 601164095
79 96 521132561
33 47 692340525
18 80 783153890
52 48 37540483
29 92 819595833
13 7 596607197
38 8 909341077
64 72 592744792
23 88 690449787
56 98 991199380
61 14 437515028
100 47 108155866
40 8 977131372
63 32 349928149
78 35 683585257
4 20 771361221
23 43 224018716
97 7 816607821
30 52 915774963
15 36 950606908
44 38 564371702
71 64 922910148
56 97 547201963
81 57 225947350
56 9 776284019
27 57 714391934
75 35 532268243
71 85 456522830
4 31 383549500
58 48 920485848
39 31 888572054
5 25 346178248
14 2 390244152
94 44 365542596
28 98 555659289
70 51 856943216
64 30 537845385
60 40 756792201
45 88 932150801
22 74 633231088
78 100 138353146
81 46 150586285
49 38 231523659
42 34 529603965
89 58 767945507
92 65 726937903
99 37 424265043
67 5 220008044
30 82 261708755
85 59 688755905
26 9 592509815
59 7 900088158
90 98 393992441
59 87 395560349
96 43 992539316
64 65 160881636
9 20 550392435
15 26 105896953
25 34 311480014
29 4 510276524
13 76 441244841
71 74 259662902
74 87 681091178
67 65 109186573
78 60 721162201
70 59 488825927
53 29 341282445
85 14 362003832
37 81 305541885
83 88 928214856
45 1 996405408
15 89 813779331
18 44 962305609
3 100 294526517
68 10 21141020
18 67 571230039
100 7 897590326
94 87 73308057
39 25 951784416
71 75 865503605
94 46 551914423
27 95 881551345
92 82 329774575
75 58 549184589
55 20 389498949
48 47 258165360
53 99 917388027
75 77 48769017
28 5 197052488
9 1 709761678
96 76 420953996
100 57 70837067
32 68 153438064
94 48 744870445
9 23 844741075
99 82 225086153
26 42 858924299
38 57 940671247
93 100 884126653
72 20 563888566
18 51 189763951
3 34 116703526
51 57 173693456
58 57 540234368
52 93 624821576
32 69 177953405
78 91 412592623
35 20 20030125
43 91 682069484
59 9 754464611
40 43 437286955
21 7 62689798
42 65 576310318
62 2 655962318
70 77 54825583
94 99 625781336
73 84 732852166
15 45 3319496
18 97 702834205
66 34 12526735
52 38 736670628
83 11 825782495
62 7 89478693
12 23 591979995
1 46 931535979
75 11 409177381
68 31 68728774
4 58 642643273
54 51 691785915
86 45 465107863
64 55 697437290
48 81 804902491
4 48 902052198
83 19 386916386
30 80 409767975
30 36 286626056
77 100 100061397
33 40 953505703
37 24 458936994
2 20 982810183
12 93 542074091
53 65 229940973
79 13 106878355
99 20 550119463
14 38 45401601
58 26 69733896
68 41 159339475
3 19 361304473
28 34 499018066
81 47 567688769
4 60 833561056
2 65 845786347
95 1 542133080
89 91 66293944
79 16 665291317
15 4 515104362
68 22 640413330
56 21 55119876
79 14 702207765
73 41 241412603
93 50 151363077
52 95 131771527
61 60 933452752
59 52 833783155
38 81 727491816
54 95 939082305
99 66 684496623
71 15 851187543
49 79 21645603
34 20 464142150
7 48 669969775
54 78 139827643
25 45 538951097
5 72 708107750
39 97 867034919
70 30 630317015
63 18 883860441
56 60 633784431
83 28 629714625
56 28 498846520
94 66 456813798
94 52 406450118
41 20 137788897
39 96 36804991
54 64 516891730
3 87 358943229
37 74 657668597
60 36 109680122
97 35 111173011
15 81 605776655
68 81 796173432
27 78 930503156
10 5 323888859
3 33 446979056
70 24 98621178
80 50 187272683
4 72 212967048
87 8 89945734
95 88 693548830
32 15 430205673
72 90 483621117
79 99 315244918
14 58 810426295
51 55 542485820
89 95 209864673
61 21 35968751
49 64 355157548
25 92 745696828
28 47 796950371
71 20 588118834
21 2 629832259
67 33 721547617
86 65 995413818
67 68 646155904
17 87 602940953
86 8 236532102
84 38 588172646
75 76 502681061
77 40 73057354
2 35 861312746
53 37 998943616
84 17 568536995
81 43 890407020
72 88 262814631
63 35 931947337
77 55 856963589
86 78 766214940
5 58 54259126
77 58 730124251
83 59 522877628
18 64 511532031
89 60 432164225
97 99 186183950
70 7 868921379
72 81 26027476
39 92 163456857
75 6 665980379
59 16 103475598
78 77 411417083
83 70 109140549
25 20 252471835
94 79 154841072
62 19 131628577
49 97 192111694
89 44 546677501
21 26 519010565
89 65 805373335
78 22 836662253
86 55 624653443
70 88 35678015
51 42 973936405
10 64 405960296
51 43 684202595
14 50 175511282
83 14 544690358
73 6 160289170
99 51 610807316
27 76 730642158
12 28 550195238
33 60 882443707
78 96 110069054
37 19 396088252
67 34 662786257
6 57 554525549
31 98 74226237
98 46 253294282
48 90 975808928
90 47 475503614
49 51 266711465
63 8 260999191
51 19 569214376
29 69 451155141
71 13 661044027
94 47 611489640
28 22 128863513
71 55 703896652
15 70 56678553
89 48 148149651
71 8 525940523
11 43 681064026
78 47 304976965
49 70 222511677
66 40 219847761
62 6 165016713
3 36 625733333
94 2 868432024
69 38 305447585
53 1 199683966
53 34 362387673
54 73 573516117
60 9 60352731
73 22 142565917
73 88 645901017
49 1 555041305
27 98 582841332
49 27 271652635
54 77 711916939
77 80 372148662
44 78 92626615
63 34 166558375
3 45 188366616
94 29 127079282
48 45 833830464
2 24 642310939
49 16 73620933
29 42 615012006
45 57 606866767
10 9 220129428
67 11 582146511
46 91 99466245
5 93 517083152
14 31 479214403
53 36 173152035
85 5 27825298
77 36 603660361
100 95 294302069
6 30 481574119
99 50 357355422
61 58 247880778
59 76 416648645
70 64 31681291
54 16 993752740
56 82 611566819
42 95 91899086
25 9 617201134
4 52 305252871
59 46 439530710
71 97 709211896
12 91 948170420
96 7 556345288
11 30 172451162
39 76 707230590
18 53 654588130
96 25 878944739
54 11 760428127
64 52 76089611
54 71 817146887
67 66 209900493
6 98 561918573
21 87 372362622
72 76 405937548
68 93 971250008
49 36 172252141
79 64 71133771
94 86 805524243
85 10 451031855
59 12 167898070
68 58 808210097
26 51 283670125
15 48 935702666
53 23 717287472
96 92 139460589
25 80 575505557
49 5 59186660
14 57 706347015
14 66 608363312
62 55 71063674
67 87 511399233
64 7 96479699
86 74 689082328
80 74 822380518
13 24 924071329
71 82 502319747
64 19 312800995
83 52 35763141
39 59 570195094
16 36 208756766
18 19 298794179
64 25 413329452
77 91 493562483
10 20 814069783
29 45 301224993
71 63 499731019
96 99 859990173
62 40 234842745
42 37 686816868
25 57 396333779
3 35 240937874
18 6 555125027
17 98 696121550
66 35 600215331
68 36 57645934
29 20 907889824
35 57 545645178
50 23 126036215
67 58 341735188
10 29 472715765
39 41 724396248
83 32 508425400
96 24 606337208
69 41 306285220
71 90 361429731
66 19 608903217
79 22 602610336
32 91 898622351
59 25 805204837
68 50 38939707
75 19 45049119
96 21 805854985
89 52 769449740
21 95 255597545
25 46 899683066
53 30 699757861
64 43 655001940
44 8 36439379
96 95 566875654
15 80 281204174
78 45 123406838
70 3 697669764
44 82 187146780
12 50 681148404
95 20 262870584
80 98 635276805
50 1 640346201
61 86 420315014
18 29 335811379
67 48 314928253
39 72 580050104
73 52 597735438
56 38 708410452
73 91 206230959
63 5 992287585
26 37 849457501
24 74 460201533
26 40 596313019
42 69 935750234
54 63 483355687
13 90 510088678
99 21 480482836
54 59 849060444
21 48 739282466
78 3 503920196
29 31 985899719
63 14 832372150
64 95 451001550
99 19 138143519
75 59 20189840
100 91 905160865
61 37 177438031
85 84 380698379
44 5 182235329
82 45 51511640
44 100 923572515
74 1 449921247
12 29 332199988
87 45 842512311
89 24 451523446
54 89 569737697
70 26 384050847
68 64 12326561
27 46 580734713
71 66 889476777
86 98 729483150
82 8 159315071
41 46 394864195
99 81 492875065
66 82 4310564
63 40 560353778
11 65 847671485
51 9 249832760
68 14 287539176
16 60 250933295
55 1 519917296
89 30 262484891
97 29 404786438
78 38 285733491
13 57 791454476
53 20 124766694
77 30 970224569
53 80 852170750
86 42 680480061
15 79 130784669
77 74 370239354
44 50 504188135
5 26 185612823
53 74 264626107
42 1 687223265
78 12 138474202
93 17 557074194
63 60 190451390
58 88 452933187
40 87 524559682
2 45 804952316
3 98 269968375
55 17 680753812
90 46 392223726
49 14 401916351
63 64 604875532
55 46 391837664
55 38 118863188
41 23 241169742
12 95 998084966
67 7 185465372
78 84 743667206
25 52 160265393
55 7 176078505
25 48 946007983
9 50 187240907
85 95 567101022
66 26 89208615
53 84 653801898
75 50 155628140
83 64 615931878
2 42 852811862
59 97 264942768
84 40 265035189
16 23 340011041
44 87 239603000
94 80 264099885
39 22 94761505
49 11 501073504
59 72 247598024
60 65 849967174
4 45 180355781
50 38 35172826
61 57 675571413
79 5 706308887
51 31 646868737
41 43 652928628
53 62 912126352
76 43 171192325
44 91 746725879
27 72 804498614
27 99 532229200
16 46 779288070
19 8 525005990
96 4 511630532
15 68 655864521
73 26 676132131
51 8 87618010
10 95 385500952
5 9 911279625
83 100 913725768
56 33 22567035
63 29 699848321
13 46 718435546
13 64 748163021
100 9 293860043
26 52 507225927
29 35 93065539
53 9 54622358
11 99 575315798
70 72 297880247
3 52 800799714
93 43 621619706
69 87 481230000
39 6 663609778
55 81 735368096
93 42 329578328
78 52 715962330
39 68 646364274
33 87 933973935
48 20 98042959
71 58 458151672
40 23 147817636
66 45 81228699
9 24 480616233
11 51 590353678
22 9 216602557
3 41 986208029
69 24 21854482
49 24 44728924
11 66 558749794
4 76 124025346
30 88 32507109
66 87 619607907
58 95 942592308
44 33 528254790
24 91 14578005
50 8 87661827
13 91 917901052
32 80 751142575
44 3 7861646
56 86 826604509
68 96 864713467
61 64 408581848
89 98 662980316
85 100 524654967
14 33 178493840
30 24 978771777
3 40 194156501
27 24 53704512
10 100 396209062
6 24 906774908
36 84 206595703
84 37 252149914
62 96 380218937
13 16 924450056
95 91 828109798
24 1 791082614
30 35 187521360
33 55 844858397
54 83 209803616
68 1 276413706
10 88 922580356
29 1 76151793
3 21 188657333
34 47 629305887
29 81 794265593
99 57 219360542
28 19 551686999
86 58 551051992
89 96 951252516
70 45 722774940
83 78 958681051
84 91 648446107
77 52 690271341
83 34 379745143
67 82 32141122
68 52 922952324
52 76 544011324
93 90 912933552
90 8 873178444
31 91 88601776
2 40 252206355
6 42 105618988
32 50 849176363
32 73 804614571
59 10 153541642
15 85 25327201
94 76 449091422
61 84 655832132
33 51 477032996
83 92 441095596
10 23 832423243
39 58 997587774
63 44 669843743
94 35 88015477
9 98 863412323
73 10 89291814
86 35 710786070
82 47 408400819
29 43 381905326
48 91 33088026
2 34 289057895
53 88 778889987
23 98 986313177
72 46 384589080
58 36 810805214
3 48 89261597
53 98 742877759
72 8 965859351
18 11 159205695
51 69 724155203
86 25 161988414
96 2 144997934
6 5 690394975
39 10 191731747
89 5 153200578
5 90 445113084
3 99 446699729
80 69 986019795
42 46 816203216
67 77 416508682
3 57 600009718
99 36 204202302
75 82 538392657
83 47 894893544
27 97 199971669
31 87 517650025
51 80 687861463
15 27 300196832
18 45 643925542
42 19 646936676
61 99 533577691
97 2 680933250
78 74 225653067
83 16 642739393
51 40 29048534
94 98 937906423
5 65 558833537
29 65 620052885
62 29 195237754
23 91 483411695
82 80 105292813
66 98 946539069
23 20 717532585
10 74 825348821
85 98 159586415
22 31 211888371
69 90 281162829
33 37 326639621
24 43 516850828
69 100 364087493
82 52 142071549
25 1 722679538
40 65 870959629
32 11 97933373
56 12 980982570
53 91 582932490
14 91 874296537
80 36 356475818
89 42 614232473
49 62 292991688
92 23 817736615
78 33 365207898
64 91 650503742
37 43 988540455
71 78 146944893
6 88 823730332
87 98 54825381
70 55 21744772
6 17 262080617
12 48 927294182
27 82 809052472
59 3 464984578
24 50 650801988
85 52 656949726
18 47 260930542
93 51 699138773
69 46 293416497
28 74 825468715
15 23 372971652
77 35 281509981
16 99 892233924
99 98 945924124
3 43 490789222
21 50 960812421
42 9 525799130
99 48 680304546
15 43 616836362
6 33 985674174
16 2 411598340
85 21 114631064
46 57 357503195
40 41 926009721
80 34 49138984
61 40 362445389
14 7 804600338
70 21 465178997
12 36 381952790
82 24 373371165
71 1 204717555
11 81 518270094
95 90 217894889
62 47 993479648
97 98 135161685
83 24 776423873
66 100 74119586
73 14 782063003
96 36 269587135
33 88 658644079
83 49 421350579
83 60 914480280
9 41 286336347
11 28 893648537
58 1 110318231
56 99 94041164
55 34 907235624
68 19 760976734
89 36 49124651
53 12 414859300
24 46 5998775
14 69 301668967
77 21 29476449
32 89 148653834
85 45 762578144
11 92 608745264
82 41 774276320
39 73 482390197
61 22 498968990
60 90 311743129
39 80 313109005
64 92 856957256
17 19 492031948
10 19 78511395
32 17 351217957
82 98 600675023
56 57 286168980
52 69 160180958
59 100 560570928
89 87 935235849
68 65 154380799
22 80 57776068
81 91 113601462
27 70 506901172
78 66 608846485
53 14 85056128
81 88 711869531
44 10 620473208
81 1 996895211
5 43 712767257
30 76 38687308
12 21 991732329
15 95 670471647
70 98 750812396
56 58 477536891
78 81 501358495
55 31 163269976
87 57 117453449
16 72 665445635
25 40 827066329
27 33 444273424
96 80 403583514
4 34 91702807
67 61 876819940
6 37 160737601
75 15 451840649
5 57 339113833
5 55 104334050
49 26 787108730
68 40 552345725
77 25 108298768
54 31 590164224
93 40 781408389
83 55 861657794
12 10 376032373
13 50 713812044
60 35 9712734
51 87 456515419
79 9 12650968
83 27 95179099
83 87 895059842
85 73 829082325
53 43 577519816
22 37 97034734
25 95 808781706
70 8 375162770
77 34 558832110
69 36 547505957
32 87 864758326
61 47 951872290
13 20 975852087
13 55 626134177
79 20 507005047
5 60 163465241
19 90 556686366
54 22 626811768
29 22 975198599
83 44 21935129
22 92 434218672
6 23 165331564
10 87 336201855
75 21 412328505
23 57 113706983
9 91 491701068
89 34 914982485
15 22 831516033
50 47 440623994
92 43 254769365
80 100 348727232
42 74 719150928
76 91 618222402
15 77 215209381
42 76 202139956
63 20 470660715
71 100 650753345
31 74 566004886
15 88 953098471
9 74 795301391
62 88 522658520
2 47 478457857
14 88 404299453
9 17 547496013
54 5 165133016
32 67 556460931
73 90 471681912
56 19 572486868
61 30 17447429
51 41 815956539
27 22 737595806
76 34 58413703
97 25 720491626
53 78 539684990
5 74 570742376
21 41 606550916
39 70 797277864
83 85 166326740
85 26 988709181
35 42 442368673
2 52 134617028
99 4 899850207
61 93 85076883
93 57 294741635
48 23 197637473
75 96 812868775
44 73 818241884
32 19 61993967
18 78 40827603
32 34 606203780
11 57 895191563
54 12 448069990
14 20 576175141
14 81 269056592
53 5 29841477
54 72 957890456
71 9 64207290
80 37 79181926
89 92 928629192
64 47 839744965
60 46 320595375
100 50 778468614
59 86 567797678
32 26 334843263
76 19 81604163
67 78 279971565
40 57 94474600
85 97 281717663
4 88 325895498
26 7 799881124
3 23 714960780
27 38 798556829
82 57 512456529
16 64 811874159
11 79 836689836
86 6 908141484
53 40 601977388
93 47 817927141
99 72 798426718
87 1 794552712
27 100 99195066
5 19 23700054
90 88 103269918
32 20 272578501
56 42 292007784
42 8 548928384
26 31 368233451
37 87 598607977
51 88 81819134
72 95 195434748
19 45 810825697
9 19 29002764
38 74 427647435
13 30 979009132
55 9 766015874
62 20 417000816
15 60 978115858
32 76 670406275
25 74 143604897
35 45 448487738
80 88 585189957
13 78 303581534
11 45 648064925
22 47 748880378
92 47 902464366
94 6 242363569
21 74 656150213
25 50 867017904
32 81 346792376
84 43 921692707
61 73 503904530
53 7 840706033
44 21 533599049
89 41 826120802
12 37 536627456
37 23 879235543
36 57 424983244
13 100 550897584
78 1 974363950
58 69 995518523
64 36 108521213
93 95 919573297
7 31 562532726
56 90 294469584
85 96 661237947
62 91 202028167
79 72 199748757
59 51 944950372
92 38 200425665
78 80 291529661
75 56 843454318
6 82 415490554
71 80 417916170
70 22 130280439
21 37 314417857
10 81 392810247
42 23 248665017
33 17 608749401
10 57 865179914
29 34 176807306
39 38 677640313
77 65 386402974
60 7 277906093
14 51 144717019
95 17 618865763
16 9 671451306
39 85 613833854
66 25 549880809
39 91 70017300
37 57 895668982
89 56 379648022
27 17 377520710
37 65 703847627
28 9 565428667
61 8 840503168
53 49 867806274
26 50 373631532
9 36 384493294
39 17 844606869
32 57 478248953
71 5 192575418
75 100 56765632
83 25 138013436
3 2 800828878
55 43 877794741
10 1 678578483
83 68 41139859
73 5 774959107
60 1 643630689
79 40 101862452
3 31 258680448
12 99 44055425
100 1 226995189
9 34 630733065
28 92 746183787
74 34 435690696
42 90 447396915
71 38 997902137
89 33 286483770
25 91 500000772
43 46 231952870
6 20 546842009
53 26 549717836
59 20 869911595
79 84 931736590
67 10 176742335
85 65 916844762
3 93 971520544
93 8 342482073
79 91 334233524
94 28 93246130
29 98 258686725
97 36 853517536
16 80 400014809
29 50 189492764
32 27 739799872
27 92 159030037
31 34 592448918
18 23 686610582
15 93 735991039
27 20 191351495
63 62 442044138
33 100 172429486
12 45 520948116
97 37 964782647
6 1 640539796
3 4 503850490
18 55 832643925
100 38 88799878
15 37 959377800
21 66 574181070
47 98 121540762
6 100 9943069
58 84 979672945
65 24 488396305
89 11 701587072
94 58 488752877
16 20 748263000
75 42 754007183
49 88 721940478
94 59 24834318
5 87 15286109
72 45 683094894
27 68 504794838
5 88 995737935
62 12 2993819
56 81 42736154
29 72 363322345
79 12 270740282
86 4 827267631
15 40 887620490
5 2 193876371
14 74 499679287
17 34 175852826
32 51 898993811
60 41 514990420
71 84 393391211
92 90 402008784
97 30 536740786
30 46 377380401
27 41 491553032
7 91 643110510
11 4 592042055
44 52 335083364
99 84 960641264
21 38 443897394
22 65 152704381
31 45 945107423
68 95 37297793
89 50 268789054
26 36 317078387
60 8 155537153
2 69 841612026
75 53 510491888
11 19 233861328
11 20 744037006
56 22 90707008
10 21 967077606
44 46 423688894
53 100 158662198
96 47 47533171
61 16 156525608
58 92 283889479
71 6 337210511
32 25 946469401
32 82 637968988
26 81 989833568
77 93 842571416
73 65 156566543
10 37 224542527
39 93 376197541
96 66 375562126
75 65 349591837
85 35 169888788
71 95 383555648
64 58 535310536
53 10 435287446
9 31 902748173
82 91 782651405
83 98 342098369
86 96 780774652
17 24 858063417
56 41 436762394
85 90 169770497
97 95 210098013
33 57 164205502
3 82 6331998
65 38 78559475
80 87 148705556
52 24 163253434
36 90 822703051
4 98 461232984
73 3 923989965
70 99 975920869
63 99 148343250
60 81 983543998
27 23 231696116
79 30 986352309
54 34 382373994
43 47 660986721
61 68 603032361
39 56 46588862
32 66 883186520
39 20 762835134
18 99 303784613
10 66 974744390
53 68 392914769
44 16 490349961
67 35 309342575
62 35 401114316
4 37 875412641
12 25 800393469
66 90 170129141
62 58 791576052
21 28 596982553
22 33 167309066
27 44 286531116
25 41 55966764
62 98 795054448
61 24 895834753
21 65 156040007
59 96 761569704
43 8 356658787
14 47 30224318
39 47 503165179
26 41 562380451
61 26 315821928
35 98 575413253
94 16 419892665
52 1 269958851
94 41 234714260
11 68 932746883
56 51 860586531
67 6 638799860
7 98 914026137
80 95 338506715
10 17 765659453
71 56 327664147
45 46 271889171
63 10 448802839
85 22 623076546
86 12 474407028
23 46 385058310
62 76 308811112
16 90 905706547
56 50 851447134
67 59 455179603
97 28 16012481
77 22 530873189
59 17 467343255
97 51 779742819
100 34 44877987
71 2 117905441
77 76 59283114
86 46 828784608
97 5 300265250
84 46 63379721
86 10 67877560
54 67 297644928
80 7 713512347
12 5 721944379
27 88 955907589
85 20 966273441
58 43 87804191
35 31 859006289
19 47 6344287
45 91 304750740
17 90 189598885
32 28 760152013
66 23 303763199
67 70 346918809
63 25 90264894
71 41 232414271
40 98 644446791
56 34 453487947
61 20 207729205
70 80 645986795
12 30 288592840
3 25 283660568
37 20 952890114
61 11 323392720
69 76 268506519
49 29 358252259
71 99 498731277
30 1 482104408
4 92 2457288
39 29 783651145
60 69 651918756
78 48 914924095
4 80 754606655
52 23 866108469
89 21 709766847
90 20 787889436
53 73 855499227
84 19 546388521
54 75 834722574
71 45 523098650
99 69 84542821
21 98 600770449
2 84 674594242
32 65 793926335
94 77 735707838
84 48 173064357
100 45 731820351
38 47 868953656
15 57 211519057
76 95 96601715
62 16 342121227
61 55 520506865
12 35 441935300
17 1 543190333
58 72 84384223
15 55 82886987
40 90 934249621
86 73 995688554
11 72 486708279
18 89 749745725
94 61 372330868
61 62 365391460
68 6 252691207
58 7 960237903
24 34 433000674
4 9 615118213
62 3 636811276
2 31 777190457
2 58 681009
70 56 116111157
33 50 693175236
28 45 889273314
66 69 186470536
66 31 177519465
32 9 676573328
18 59 797750013
44 47 174462136
22 88 662394264
18 86 235917407
30 57 492564558
32 40 658911105
75 62 376957958
13 82 374595433
63 73 887237086
54 91 322257445
61 80 325315773
78 46 850535512
79 60 622660652
75 4 776838877
53 94 710443758
29 17 623883262
29 52 916162548
15 5 973218696
92 35 381619907
19 20 200458021
32 99 867226182
2 25 350100160
56 4 832000480
54 33 245270304
11 77 200712793
37 91 897281170
100 87 994913525
79 93 396876682
12 80 688278788
9 57 103166496
82 9 76611156
50 34 334521158
78 7 841566160
26 82 961011920
52 20 10107313
61 70 733377279
72 43 685729961
3 76 382597153
35 65 728151839
36 40 591764091
44 25 279210896
86 1 473341370
52 31 287252717
80 40 919711486
44 19 796822961
33 46 685798637
12 47 486940131
59 33 195176970
31 47 463959495
79 4 743050003
42 87 18284071
75 67 974236125
29 93 92107358
49 34 535384667
65 50 789415840
13 14 804241888
96 29 959518922
95 57 89757743
71 31 320203920
19 34 604202373
97 52 665493918
71 67 140608987
89 82 188342415
94 67 129004537
93 7 530803616
84 34 473039176
51 38 234815357
72 82 885954544
51 48 99719758
31 24 497587661
48 19 2192357
9 8 549936231
29 76 677257369
4 17 343769729
44 22 518931476
41 47 653767992
85 16 931054234
89 19 515934950
44 36 746084161
93 55 539894118
51 37 911694564
70 1 458229696
18 30 421939131
59 31 123361479
63 80 14484030
15 21 99409899
54 19 644373354
53 47 230192838
39 4 292699714
15 66 157265062
83 50 340224860
6 36 943808693
77 60 30168691
14 55 268329702
84 74 382029302
69 88 280304418
71 59 890701141
56 6 485324932
67 15 837181911
64 84 606377147
96 91 754830484
71 42 246032909
70 4 842900533
32 6 92724298
28 42 492916435
98 57 799980810
2 4 242055937
83 48 77699529
89 12 594163827
21 1 58843080
83 7 224344657
30 45 670140728
14 35 446202107
21 42 757062768
53 44 896628975
75 89 293990258
78 30 611594731
67 36 814450556
89 93 813393650
71 73 827759583
55 36 577343931
85 17 270315327
60 20 14242829
75 84 591522169
94 20 274592494
31 65 171714330
61 79 162653204
32 59 512918109
44 14 386740224
56 52 488662730
87 88 959706553
94 100 266779559
82 84 997996997
22 72 710053388
54 7 417274184
2 98 758307547
95 41 192572491
29 41 824152083
31 1 467361791
97 50 503396028
27 93 621829783
12 98 559623340
45 43 112907053
12 9 394764326
63 85 334124117
5 95 985064895
83 40 670909697
33 76 932853614
12 42 701509279
2 100 492390508
67 40 525265870
15 33 762031331
54 86 28988482
53 85 310784749
11 26 324589392
68 99 91318177
85 77 511134909
67 52 348389449
14 60 39562769
70 28 452023925
89 64 82264066
83 56 379069876
100 90 888555312
91 20 629953523
79 81 922318291
6 95 175534187
100 8 283870341
83 53 46662408
63 53 530352399
69 7 219929696
53 3 729921822
44 68 912130270
26 69 418940166
51 95 693429009
81 90 299206271
79 95 126822901
22 42 994046002
92 34 511693537
29 74 973314866
12 100 156505886
94 14 899923063
27 13 236147229
37 34 609898259
78 6 738586828
36 19 921459842
18 32 373251295
18 27 109605378
65 81 740210573
75 93 359066535
62 33 883846465
63 100 806934281
94 33 349346794
67 23 697635946
70 58 438787114
94 96 690077432
41 48 634183271
86 29 871006993
26 84 519932391
31 23 774099376
75 25 309320660
80 57 516122957
39 79 6711006
34 88 206591270
39 23 283293297
59 99 224889277
27 84 72725754
12 51 300214217
3 81 71107446
61 6 869704489
41 90 632705717
77 45 444732946
80 48 230161592
85 78 472463397
27 69 992022046
76 40 376149076
18 21 770566645
44 1 219532241
70 48 135156440
77 28 190876446
21 90 149367641
75 91 405221940
11 95 857232035
6 64 184536432
13 96 420687377
22 35 310424125
6 43 959679644
97 58 823657123
89 1 843948737
54 65 580717938
71 47 747823263
53 21 213646578
99 7 657608630
62 80 605900790
16 77 109061035
5 48 991679398
93 41 228944036
73 60 60033945
18 17 749734238
73 66 506983153
15 47 56364503
94 31 42066984
70 52 967581077
75 18 783054140
15 61 186127896
97 87 600116642
76 24 663616918
13 37 445633745
54 38 120715062
22 82 215589841
75 14 686911305
99 40 436664101
15 3 4788262
54 56 335005641
69 74 27784534
71 17 40064408
64 50 133509676
61 98 552004125
86 14 899209766
42 45 918021371
12 76 575279968
2 17 631150817
11 59 485623168
39 45 445504754
21 43 549344538
22 95 449972193
13 22 927527168
70 35 801789003
93 88 504878885
64 2 743931586
35 50 432154370
89 55 936229551
58 47 613825352
69 19 8752426
60 55 995394232
35 87 494224598
63 61 879007580
97 64 240229852
32 55 984343986
59 30 5039873
79 77 236544884
71 18 217698982
39 8 75271947
26 90 575856200
22 8 442073818
16 51 474300853
99 46 622104696
17 38 43245914
77 81 743737516
64 41 637837848
32 74 17966383
10 51 6546301
41 8 946887753
78 19 25748082
2 41 938128154
79 62 624625879
51 47 818258304
3 46 299321499
89 35 788263391
33 7 245242197
66 84 269390847
16 65 902100378
61 42 89291856
72 41 449296
71 48 923832076
93 45 107170799
82 48 554652987
28 50 277843816
28 26 696211789
75 47 172507284
12 92 648185253
10 22 640894608
75 12 154455071
56 72 811466248
92 45 641805777
63 97 622642657
48 46 74079822
32 56 270549703
77 92 774072979
49 90 137753381
94 57 86322452
60 82 533452200
97 68 446545400
53 90 597802742
15 13 451099744
62 26 957411957
40 74 341379321
99 47 103815921
62 36 798959271
55 91 302184313
50 43 834993418
89 31 6209761
44 84 118126464
4 91 456140955
94 36 600580004
50 19 992329913
39 99 839133453
71 16 695182025
5 33 34243830
80 55 139841285
12 57 216879316
35 69 116024705
54 43 132850629
16 28 458624521
18 90 823881196
83 97 331506671
28 7 806565315
32 29 527399728
49 47 783213692
11 2 820514999
85 76 631423741
21 46 859417018
75 66 822532637
41 98 856618716
12 31 153513875
83 38 70114374
27 3 740093656
61 1 152395522
5 92 707826343
67 57 282800455
53 77 455728694
6 14 957560532
33 74 619890148
63 16 68317909
15 31 182023641
70 37 409331020
49 7 339001222
85 91 526635202
67 60 908389656
13 74 556930514
75 33 814368925
73 72 400648460
68 78 499675048
58 81 276822183
5 31 103077392
61 36 544579143
90 57 99300475
55 74 194054454
83 81 279535489
39 94 38420899
92 87 125061860
75 1 943638421
70 6 794857845
96 69 154314627
94 64 335892051
54 61 454891262
52 84 344579982
78 40 939414735
72 19 256751518
26 65 418943779
22 100 637156448
75 27 473100388
95 81 583944691
16 91 490120431
5 4 23257785
42 7 287484454
6 72 244168138
23 47 165407917
44 42 872043022
68 25 499281684
35 48 436067352
95 46 129796353
52 87 971679673
97 80 667708477
62 4 813758626
10 35 371351253
83 6 179704999
83 62 546029220
78 76 45508621
58 38 600232720
13 34 335702992
36 17 189253077
26 91 35415735
96 40 287306267
78 42 546481484
96 9 724724646
15 16 86035511
28 20 183155206
52 57 879364609
77 17 955095190
70 41 802780741
53 70 871281959
99 45 677114685
71 81 411766636
30 40 17036119
7 88 996308436
28 51 329873050
11 13 225420356
83 26 481466934
82 87 574881298
75 48 218504833
3 74 940855789
58 30 434401651
48 43 513951028
79 92 487238843
61 27 910712241
76 100 759455417
7 47 545442243
64 24 152507499
66 72 458614564
80 65 18569044
64 20 978452200
76 9 827265691
51 100 884819334
27 4 630305391
52 74 428499543
49 58 436811466
65 23 539325256
83 18 448740414
95 87 883104596
63 72 205800284
86 80 417625008
29 46 566521609
30 87 362544012
85 47 530874085
61 78 748671208
70 86 699683746
29 57 982625293
85 70 451360048
22 51 757493567
71 23 724275432
12 8 639989854
19 98 643546821
96 57 197433757
60 91 551342121
28 57 164615465
76 98 341441413
83 73 814788907
62 46 12266128
11 44 682640344
89 28 261027159
87 81 543561723
67 13 648571908
25 72 344088231
28 87 858067861
13 43 625048253
14 77 609732905
44 40 838834002
93 23 543500539
83 20 711608697
32 84 166858447
83 23 275895253
53 57 945591883
27 50 461490704
64 8 269591612
70 69 721346979
13 59 246089115
82 31 928826976
10 52 838043260
6 87 526936969
39 98 203619979
6 2 906982791
13 52 699885329
72 48 104422035
4 82 176317676
92 40 189639943
68 69 515772637
62 100 614810918
73 87 666949068
59 66 568358045
22 64 631227420
70 38 973692094
98 20 577903921
96 19 505865105
61 59 666627947
78 5 19652666
15 7 435252380
86 50 652898520
63 45 804421674
100 98 270218944
100 65 142974686
15 78 778096070
96 33 490816896
16 45 895435557
55 50 619166975
42 57 751361032
86 22 924298074
86 77 373812323
33 41 304807808
85 24 865055763
42 43 407779592
99 17 976123785
65 74 36065229
35 100 238771491
39 81 491106974
22 20 835444937
32 31 790083360
83 72 462436930
61 56 841187517
79 97 945281675
56 92 312921170
93 35 691890379
42 50 922918390
14 28 473056591
94 34 224032942
61 5 615926337
69 81 234946759
96 90 283992282
86 72 8398601
56 1 168236607
67 19 472232574
11 14 34278699
12 20 757609476
62 10 529821799
68 33 18601654
63 17 328385013
97 84 327125115
89 86 173872306
55 87 873336868
86 33 691013162
58 35 849417090
32 38 761185427
25 33 898216922
49 55 394478000
53 59 276253401
85 33 29268634
59 88 35350675
56 20 53368892
25 17 971607208
93 1 206994917
25 38 896075215
96 45 767384221
73 4 469405578
22 52 448154014
83 10 613068384
84 88 229296959
96 77 78004119
54 10 62837540
18 33 126353264
25 90 58169906
79 51 616543245
17 91 479005535
27 47 220253702
86 44 239667644
29 37 222673156
63 22 85172208
33 48 134285361
16 37 28216281
58 41 254715285
85 36 888413536
85 4 195035667
49 78 407253731
28 69 432127371
17 41 538988761
28 55 715925795
21 55 902955722
58 82 957530008
51 84 694624256
37 90 52171423
59 37 193718434
11 6 643135712
24 87 383770292
53 42 973540551
12 90 38236031
11 55 650967628
62 86 720235443
32 86 945241557
18 38 23949242
79 65 560660217
76 84 541939661
92 76 128124005
76 90 56695132
67 20 590924889
27 62 92067093
2 93 902710507
53 6 544727957
4 7 466628262
56 36 185950622
14 43 323546075
13 42 118261002
54 90 921106725
21 31 653612385
53 8 561518973
54 81 192443718
25 81 845142817
53 16 943262122
85 9 193887203
66 92 298086249
94 7 175899039
62 42 992633557
32 13 776221574
78 90 570656812
28 36 550056797
85 82 325096326
11 38 204300214
15 34 39803462
73 8 375858568
67 92 667964545
62 66 18661109
3 12 905577931
38 34 926285231
62 72 723771854
67 38 871221727
89 25 854515243
1 91 765481920
11 60 618690935
62 24 667699203
5 22 523816092
95 65 249772274
56 91 96465655
63 76 829915846
96 72 552700968
10 50 750991925
64 87 973744468
10 26 779290056
54 50 744922255
83 43 527739764
53 32 252587931
64 80 191255463
6 48 590474521
96 93 336744891
26 92 454466159
32 2 129581256
82 51 256910649
78 26 299891950
39 89 4381331
96 20 733789873
33 45 69772675
18 16 311949163
29 88 357839736
64 23 209265938
28 93 955092983
68 4 307734450
86 66 60299305
12 84 64457586
67 89 319559657
64 1 848642897
100 20 452912561
33 81 167562885
74 20 708653675
72 17 756609552
83 41 819493834
86 87 551074765
40 17 122379281
99 65 342145159
73 37 553919104
54 2 932056209
3 7 799098139
10 24 704736172
10 2 52758373
28 81 713364775
27 16 290150889
51 36 433134683
68 21 446350935
28 82 711589471
62 1 405343109
33 80 783938947
39 64 889768791
55 90 245911479
66 30 977545942
61 91 105522794
54 8 866632040
58 33 207739625
4 24 306125338
9 45 192893942
67 37 21294360
22 25 222113113
37 41 9218621
57 88 925580954
4 55 716486378
49 92 68542152
89 16 944727639
70 42 737842829
71 96 996617401
83 12 857565391
11 24 471908082
4 87 278527623
73 50 294963593
5 82 175871008
22 76 490922127
85 93 784301431
62 30 722182508
38 43 731539560
82 65 546832300
32 1 323905361
97 65 287386569
16 30 87772042
56 35 558825753
61 90 299315030
94 49 394385507
44 12 40511626
27 52 489221487
92 98 115291302
21 35 474795080
7 8 671014271
11 10 711710940
5 80 871205281
54 39 694957101
77 20 272844581
11 76 696375739
73 38 949021697
40 81 340227363
75 2 580390033
27 87 265006683
99 92 885788872
93 80 511528554
2 38 634109217
75 28 861597074
75 30 516398721
3 37 151452400
11 48 173067435
83 65 749323413
73 80 514525673
39 57 297184461
24 20 921627475
18 93 563586188
56 30 730276474
36 65 795811892
33 91 191795982
68 55 203017162
41 50 553135480
79 48 609948769
39 87 146327456
32 41 129018941
13 26 174755794
29 55 153546322
60 19 848897701
94 9 659916178
44 96 537006038
34 91 862088562
5 23 738145592
61 3 737437023
93 31 856163447
18 92 683545410
29 77 618560365
71 94 652892392
14 36 739125058
42 36 751356614
40 24 639871522
6 92 253279405
18 24 276323881
22 91 543395936
44 41 317365947
73 46 477243625
65 98 54269800
30 8 133822702
75 17 722926939
26 34 427979426
73 34 76804838
67 97 279524575
85 86 174333972
71 39 778419322
70 10 63045471
97 33 988281304
10 98 167958978
59 81 31962974
83 17 883611945
75 3 846626104
27 28 434345953
5 34 301217249
67 50 860583634
67 25 818864073
61 66 444346388
49 9 331664762
15 50 51305754
13 44 622285202
71 92 466088965
63 49 54954713
58 24 532892112
75 46 282613596
8 91 336229715
69 65 456616768
12 87 733524337
64 48 571849356
53 46 57996471
51 20 68258886
92 9 700320964
11 7 503258408
48 8 502804475
34 8 663711972
78 21 826469371
77 5 260835614
79 82 884295255
18 5 998879894
86 34 597663334
39 1 17021567
25 55 100299554
86 69 257117522
100 81 235188457
70 90 492307113
89 10 981816590
33 19 706002371
79 7 257130058
61 34 595602709
54 48 419247178
12 7 60656128
50 81 980746046
27 59 864704366
10 34 159869000
53 96 457401821
62 73 677993171
63 98 179652136
2 57 315694206
18 69 766474638
4 66 323495042
75 79 755787869
14 21 387644522
71 50 223972087
11 34 259902492
66 42 139027451
77 64 774248216
13 33 26705125
56 62 540237465
51 7 166585470
48 87 433200460
53 79 374431675
62 90 702873989
6 31 214875173
38 1 666450498
62 43 441668768
6 77 878643995
68 30 397737628
21 23 724828613
11 31 940895746
30 91 470480206
41 81 250597752
3 24 937199122
75 13 333917999
97 3 296142687
92 42 169876874
68 46 854257209
32 88 323138401
11 46 287745642
60 52 583120494
16 24 311109075
7 17 884717200
32 77 160219773
79 35 503140801
9 81 176551864
36 74 294582488
97 21 231509295
31 57 225505578
27 25 444830288
55 95 772039979
78 58 864744227
77 90 369083031
67 96 89139369
56 100 154844284
52 90 485988586
37 50 516865711
85 80 608969098
83 84 567128709
61 46 421032187
30 92 508926635
36 1 5373261
53 50 706655385
78 29 601114873
5 98 804482399
53 56 621396319
36 91 672107326
89 51 243045114
42 84 188486082
85 25 927913147
39 46 402984042
58 20 47728744
89 100 605132747
86 5 200024396
89 22 639689206
59 92 83974676
75 9 406427980
92 20 512057931
29 99 464533190
38 45 207905756
10 55 162285144
22 30 878815470
99 5 199181892
96 23 810328616
25 19 259196709
97 77 831643976
58 19 157975380
73 30 883463258
41 74 432948647
66 48 838565952
67 51 976748316
67 44 227095054
75 7 582026877
99 31 548718182
73 64 950751862
15 35 111939406
49 41 444165412
54 68 116199666
26 88 571755057
51 24 938894465
61 50 963911405
33 72 861856924
70 44 625484503
63 28 765791786
86 41 428249270
6 55 127614882
32 60 294832494
39 5 747538431
68 26 891753314
44 29 760571110
85 6 955376480
84 98 549045627
58 17 799485446
86 99 58624452
64 82 239993519
75 81 556753480
5 66 800203760
62 23 479446282
38 90 634211959
82 40 704141633
89 59 269393868
65 87 884472503
39 28 747579141
43 1 259881990
49 48 427316855
55 57 134521578
97 81 810340100
24 45 485141400
16 88 79969231
53 51 982815393
84 95 681211991
2 26 753084171
11 25 638260756
89 74 931591924
78 28 605412699
15 30 998875090
21 40 611467871
71 57 998323386
7 1 856219359
71 32 819923479
97 66 930746428
5 100 132536907
33 43 375147662
82 19 245885379
53 2 932398881
99 34 17322637
79 68 884228714
94 24 493563003
32 36 240399715
54 80 739535999
73 23 427768617
3 16 384313199
7 34 21808037
17 50 590988860
73 100 790148171
82 34 90697771
70 81 136236721
51 98 86570737
68 80 565909034
27 79 173038160
39 95 806378138
67 31 297051736
5 46 519648998
65 90 942492535
51 65 337037131
83 9 646412492
63 37 110569711
28 95 808948604
12 34 166425436
40 19 800729246
49 52 274035248
28 64 959993453
32 30 354837828
66 80 716442678
12 41 54548522
13 93 895895800
60 42 673315872
6 22 568778157
97 40 75582987
27 21 981228650
43 98 740693105
13 98 616392733
45 90 118513351
32 100 971307334
6 9 744987461
2 37 5132902
72 100 942201036
16 82 640557521
9 37 558709425
3 1 669657584
69 45 125210919
18 62 948245356
16 58 582057028
34 1 610086805
71 93 15019465
24 47 22554159
6 47 234736529
39 21 574260887
16 38 593672619
83 63 190219557
68 90 852755646
67 43 119041944
51 90 159324451
15 6 488836472
35 88 767656204
16 25 573438371
41 88 558801241
35 17 86192902
73 1 965567719
17 47 937180669
43 20 119028251
61 69 366779072
56 10 248240609
18 77 962040679
29 8 44740855
86 36 213985570
76 57 289469103
95 43 383679087
7 19 545253376
74 8 8054368
71 30 994168649
97 69 864855195
53 11 986650651
3 14 477475916
56 40 468413806
39 43 763043690
18 76 176687568
30 17 907528417
33 34 198974079
49 77 363274751
78 37 210445257
61 95 756529969
62 34 767902155
16 12 386825883
18 52 629240022
99 55 147524422
21 64 550797715
53 19 286653445
10 80 218327262
21 88 513016463
48 1 942462285
85 43 730955613
59 91 181653532
27 56 2510868
80 43 942664657
15 84 686083549
36 23 555994643
41 19 989805
2 48 313012889
73 31 299906760
3 64 185690794
62 41 745781912
83 69 420561033
43 57 561171612
39 88 696111924
22 43 83609197
76 87 687208790
62 45 607665169
75 61 224966753
89 99 398882906
2 80 875259559
34 57 395171293
11 22 334758304
70 96 735731547
49 35 28868868
61 23 638828393
86 37 282645550
54 13 333582095
6 29 699803758
11 64 136387727
89 40 523109312
54 42 583370936
44 58 685722188
62 77 443202254
77 23 595862074
92 50 388127839
13 97 815495325
80 81 717613934
44 28 40144840
83 1 404203826
44 2 402400824
26 8 477756263
7 95 302433193
7 87 767808760
89 47 43935578
80 45 854283054
85 64 648520555
70 12 1683933
54 14 148186535
30 47 417598683
49 85 529100866
18 13 675580578
31 48 836222266
28 84 240338156
69 84 297438140
51 74 53756307
18 9 243099925
67 84 146306167
4 40 257543942
70 74 418268151
75 34 80401527
79 52 85766276
97 4 730773829
64 88 374086190
44 4 730258792
32 16 369289487
72 65 222530671
100 40 221301596
96 87 378892501
31 50 147054630
74 46 189705202
37 8 613863555
73 74 726862211
82 100 605075933
6 96 153103875
93 87 839709627
25 23 351902205
85 58 352823337
100 48 464253408
39 2 754832406
49 30 777147586
14 24 558695539
84 7 253097465
63 27 834686736
80 84 240681666
77 84 579460844
60 38 3925756
49 99 832120640
75 92 295097250
94 90 581529453
34 43 859904260
53 89 310333122
65 8 512822043
82 20 420303030
67 62 253603428
13 95 460968468
13 25 944554255
14 93 121964641
77 66 637857435
37 98 821053939
83 31 771085571
73 47 402001947
92 48 335692941
17 88 613693288
63 41 833210370
73 98 501105563
62 97 796597816
4 26 580808828
5 8 560739049
75 36 654196827
31 40 500379384
29 51 358516406
72 51 160352158
27 80 727142189
78 95 283032939
5 41 794290641
90 1 646429918
2 81 605477452
72 52 195143789
8 46 588951627
10 92 889334851
92 74 161213307
65 20 162286461
5 50 385323581
39 34 288531727
71 98 763500039
11 12 102602123
10 40 163004597
33 36 709595230
49 8 702127115
72 50 459814256
66 58 911404263
2 9 720902606
62 78 94823972
71 44 705677345
5 84 879129031
59 24 303066103
61 31 171578759
40 47 437728969
47 88 182128298
2 43 707614884
56 17 282563716
9 88 193513487
75 38 224981833
21 92 374125460
32 92 402686798
11 93 639730275
63 33 971381495
27 66 232166481
93 84 502019771
96 65 934144021
16 26 150839874
13 9 196927347
59 41 264567871
18 98 707057089
83 33 221725962
60 57 354583494
29 28 59387413
99 95 50505060
74 91 807175708
22 58 293364756
39 77 14542734
78 72 335009492
63 23 816427249
73 96 261916305
76 8 563905994
75 45 240665977
70 73 130379850
58 8 599811548
77 98 736430113
16 95 934160911
35 40 160105771
18 60 507579497
73 42 119255498
94 1 455252165
62 92 327328602
37 88 368231429
44 37 529574581
70 82 975517722
33 65 24847237
54 69 565876043
93 9 899417743
11 50 725562574
55 76 134598878
94 81 642504043
64 4 752484553
68 8 455795374
54 29 483902413
6 74 779534332
54 85 494418612
75 99 99375216
44 20 267501486
14 30 66357646
4 81 380157658
94 95 967041102
79 46 897565313
96 82 916973667
22 17 616052186
30 51 70180303
4 93 570365036
49 91 415583649
70 5 495308040
27 74 878584356
59 23 802633996
75 41 573004123
28 31 503000674
18 58 325320668
67 22 861086299
13 88 20005557
78 20 12460526
62 68 181004821
82 74 272719946
62 60 516104563
6 58 857604388
13 36 142589292
44 45 976578642
8 88 325512145
15 17 304959716
60 98 193363299
5 47 769413526
5 38 876110607
49 89 982968452
54 94 304827517
33 35 872830
27 96 165765626
94 78 376920170
64 69 554935025
72 55 230683598
73 25 192787624
69 20 488383871
19 91 617921681
93 69 547697989
54 3 35086172
59 1 503821894
68 42 767044615
15 72 908431967
32 8 525385483
79 88 533559108
70 9 103886177
19 88 38230797
25 84 516183682
13 81 66454320
73 81 771225705
29 21 18889275
63 52 153881626
22 34 973669854
51 46 119546106
28 17 465639811
2 1 884640494
15 86 373781087
4 19 28594879
18 79 762266263
27 91 807318008
49 73 612557970
29 80 842644362
93 91 204990843
73 76 16352091
77 87 614252806
74 45 231974677
68 74 110563424
79 6 878347438
59 78 318392118
40 88 267279004
7 40 250945424
86 100 450369609
10 76 400632021
53 60 415763271
49 44 582283517
77 43 96273927
99 25 132039958
14 29 677137065
83 5 571378080
97 8 446227349
79 2 197062911
13 35 347902527
78 65 355452808
12 19 408663498
49 3 349194209
67 8 121653819
85 34 515689440
39 9 108877290
94 85 430908103
70 79 813421292
54 18 174772731
77 2 522272808
77 46 233102979
52 98 896168103
75 60 459318590
78 23 690588871
3 80 122449214
60 48 308408419
58 31 213927278
26 93 532302795
72 69 500544452
78 36 125525445
63 81 827565266
68 77 447450803
30 65 315848410
62 5 569603198
70 65 993404846
16 55 233503153
32 4 681995959
99 43 558285024
100 88 175018413
97 10 751270974
77 26 728503096
11 100 827286210
2 90 231144404
40 50 714009239
23 45 391498698
59 74 542942301
59 58 604728529
78 2 218558804
18 35 489394287
94 4 724319867
61 92 380137912
61 35 118857272
82 50 270825904
63 11 448557322
14 10 987433622
75 95 499729835
60 50 860489532
54 21 568386844
16 29 608473486
27 45 12792593
79 41 754033466
59 57 200502177
35 91 722722522
71 3 203487218
53 87 616629769
60 24 816078033
62 8 750703075
83 42 763528939
59 62 61472486
15 20 315999494
35 90 238629805
39 35 233665664
66 88 816335640
54 82 596584098
28 37 840418225
65 17 958161663
66 93 653464154
15 41 165442002
44 99 272666073
17 20 804951471
67 28 471920589
61 52 403916069
80 20 502250222
5 1 289453193
71 62 437872361
75 49 645145150
18 91 553395366
70 91 167310413
66 76 412098970
54 44 746769816
96 88 542595290
79 24 464654073
79 8 538273435
62 25 604425450
83 15 820968479
70 60 214302264
100 46 11392571
97 74 337958329
25 69 703514918
80 38 760114112
54 25 742471187
70 84 130239871
14 92 13932954
96 31 794176676
54 62 196816870
60 87 990904992
63 86 33510875
32 47 533773859
9 7 647269298
40 1 951801966
16 74 890491519
29 87 60702992
42 31 365431252
65 41 964480697
100 36 237481667
49 21 565624301
10 8 404191907
58 65 636311302
68 47 598753817
35 34 853063505
92 57 779324819
41 24 121060393
29 25 543830406
63 58 238986614
19 1 67794952
70 66 674568029
62 81 378098054
85 88 454375223
66 47 781558726
75 85 513514887
55 24 156685335
44 69 841210097
14 25 788281475
27 10 473974788
13 80 581036460
17 57 248944361
49 2 824675186
96 81 511072723
75 83 803492228
61 19 631961002
3 26 616779462
35 74 120237212
25 8 395841393
18 42 216815840
53 55 338165345
92 31 251331532
59 5 474353487
65 88 946156533
95 19 9845211
99 42 106667369
79 50 395020650
10 60 629923376
28 25 19798117
13 19 40544105
53 13 897520647
44 34 491606632
73 9 523318213
44 35 595985055
59 77 535519041
39 83 329329462
63 77 428935998
76 46 568040452
63 93 655431818
30 42 382257409
75 20 994600141
59 42 756890104
89 62 925701106
59 98 721347189
10 69 761506932
14 82 47114145
11 35 178631821
31 95 221309770
79 57 963108138
54 6 525650706
39 19 191219582
75 10 85610664
15 65 222332848
69 9 523992492
86 30 941561198
22 87 724630349
36 88 307211839
4 25 669296749
25 43 437967068
72 9 357269301
96 42 941228628
6 50 879777662
75 69 563878528
18 43 946910515
49 81 762360460
56 80 40205757
37 31 236178487
30 55 838357848
2 55 547213767
37 1 15081046
32 46 269791021
4 46 392637319
52 17 759168759
14 41 371683122
94 74 754671261
66 17 87529080
49 61 140592169
99 35 538899328
47 20 478953087
90 91 264717400
95 45 179741471
60 80 91820335
99 52 104275861
49 76 63345196
2 82 288840722
53 25 804747475
10 41 138376047
68 48 216975587
82 37 565184771
63 55 408621836
44 64 411387471
33 1 487883453
73 55 169773544
44 24 920402684
93 34 800587881
13 92 224573630
42 100 165706024
96 55 108364176
71 19 629576624
97 24 690941509
71 24 888443608
23 19 575871920
11 21 161375544
75 88 169319581
83 37 842146039
62 52 318149582
36 87 943950678
19 81 536636354
83 79 520630922
68 60 360557684
67 55 655760159
94 73 87590550
32 14 426190758
14 87 810482523
15 25 417222154
82 42 72721640
62 37 410105375
53 72 348500831
30 90 88173091
97 1 206754453
4 90 354932355
68 12 551594567
6 51 170076436
33 9 51655114
71 79 354496140
5 24 569478442
93 46 67157767
92 8 101518704
89 61 433880277
94 40 118203414
99 58 718195340
73 28 861326181
11 3 606127702
84 47 209435554
53 93 237792082
97 47 65811855
17 48 750352584
21 51 417987184
62 21 413706839
53 48 66669073
29 100 435695847
25 82 739464814
51 1 4034104
83 86 702985256
42 41 249615046
74 43 695164908
13 1 389671699
50 46 395779634
21 52 124664612
85 12 744050744
94 27 462972907
55 48 371645104
66 46 400765945
28 88 605889622
2 76 456135423
13 12 551761819
32 42 668102245
99 88 968292717
67 90 829616167
95 48 737931551
39 65 956708904
54 27 245774631
13 86 411302940
18 70 334903577
27 7 638853037
30 19 784317386
85 48 572253047
89 27 335382376
96 46 984815919
28 1 415330370
70 92 675986964
38 46 618750142
83 76 303734143
56 69 620385765
62 51 747248434
96 60 237757073
11 23 353394454
85 1 986266611
59 38 153883724
15 99 887218468
79 98 414945651
73 45 334562354
61 97 139539029
6 84 778115878
15 56 412376934
39 52 661616367
71 12 37345178
42 48 380202213
52 65 258341370
94 65 557531333
63 68 421334692
39 66 76860317
61 17 736678493
30 34 884414696
60 72 747519920
62 28 231985805
82 69 955381699
14 40 803272656
53 31 739824622
21 25 188102765
85 92 343310569
92 81 779117180
2 95 623369693
45 47 435612098
9 65 777857484
92 100 238512557
18 50 215860112
39 51 976375654
11 62 590231155
54 93 651677507
16 31 637309218
78 43 790567190
84 81 194974645
44 30 26060398
79 69 883548272
18 31 635934139
59 82 190419988
4 100 370953809
18 40 631508236
94 62 844435099
47 91 474539079
37 7 191419615
71 34 919248665
6 69 366741377
84 87 40740807
36 34 847147799
27 81 879472191
3 88 660027663
49 65 281868459
33 98 648070023
41 45 346219281
94 43 42270207
32 79 789955428
96 3 93367387
95 74 820572632
96 64 351285456
85 2 736106935
21 76 310935619
97 17 116349539
41 57 635220665
56 66 189131718
15 76 890664634
2 36 615969987
29 33 922737621
85 40 54772183
77 57 82370439
6 52 30137181
64 38 474825406
97 88 439029162
59 64 824729318
27 77 392267425
16 57 8702453
59 8 242107341
56 84 466126749
13 29 316609403
46 88 361262980
13 48 814805493
67 73 541986953
42 40 366505304
7 20 851055414
84 24 436392387
71 21 281886901
10 46 784707164
40 91 606807633
94 45 839059062
52 43 399753433
56 16 322080030
11 85 703495201
22 36 425644934
77 8 400678915
14 90 315337226
35 41 205910221
63 4 833609722
30 72 445042853
28 8 582826709
80 8 307767643
13 38 487160461
10 42 947242912
16 47 746086972
64 35 523711055
56 88 986962401
71 49 186007009
13 17 253377726
64 42 30372352
56 64 659355435
80 90 842089250
74 57 373588030
61 7 865824030
14 4 200152157
94 8 636346301
11 37 912045465
22 7 909925313
24 23 824299429
96 50 988755232
80 19 352683305
66 24 126429402
10 31 971492193
67 86 650225027
18 25 945301505
12 33 343312762
16 41 814285777
12 77 159875379
89 97 915162829
49 43 239909272
29 60 332864108
39 78 545771165
15 24 325442220
76 20 107865736
37 17 43108540
49 45 502740700
13 28 720897392
67 95 877548121
96 30 555330081
13 66 764939430
54 40 758908873
72 84 306616160
3 60 416544399
16 92 860517811
82 76 306369707
14 99 535805545
44 90 335416215
70 100 434724296
69 31 595404613
55 40 178791985
49 12 212077880
3 92 49513489
29 24 675632011
4 69 512757893
72 36 826319394
7 43 920163809
22 4 144376962
53 4 965484095
44 7 176125875
70 29 712994102
92 88 118288457
93 76 90792920
64 37 472919476
21 69 936843376
61 51 14111394
52 7 614552441
85 69 596746613
95 47 650281873
53 41 149830561
49 15 622595417
13 31 556352844
35 81 771724556
55 84 266343746
94 11 442531349
92 37 458603413
36 46 768194197
60 95 51825135
69 95 161050350
54 35 587093524
22 46 741070844
44 65 810645213
18 95 32128066
31 38 941740196
18 2 615310880
8 57 8029147
28 30 346112257
79 59 151961871
38 88 287751047
86 40 481754269
83 77 528095074
22 50 109348681
99 8 611265652
34 45 961259296
27 64 431567383
47 57 895770510
59 69 874128643
79 58 438374381
97 9 344405562
97 60 647547933
97 41 189574499
68 45 305651533
67 79 296262074
13 41 599782312
7 24 795212898
12 38 223328893
16 19 777566139
22 19 489667257
31 88 757921445
99 23 89105745
94 42 902940027
86 92 354825712
83 67 777136291
14 95 949016511
13 2 223976053
3 42 951022
63 65 425662474
82 93 377712928
63 2 311864470
22 98 109236661
69 17 763421218
89 23 881579966
75 43 702830633
63 31 267558450
11 86 136348288
13 69 656382279
7 23 219704594
67 64 339127418
89 70 178492375
72 23 931890838
12 55 513902470
67 49 450188062
89 6 133480003
24 38 709509693
96 38 832634408
14 64 34310244
29 26 844391901
16 43 160303452
28 38 996738901
53 45 455113330
68 43 208468274
18 73 168589387
54 23 396051652
39 42 130823970
42 38 605968298
66 37 293237789
36 8 153537148
63 36 26963244
38 91 631230480
97 76 752345298
44 6 106436943
59 35 635372935
82 7 676178030
25 31 552931465
66 20 620094677
87 46 807586240
35 36 204062556
4 30 221182699
70 68 642741461
11 5 231764886
27 19 141204927
33 23 714465504
32 21 567331306
67 29 844835740
51 91 819454830
13 58 807660920
85 81 270497070
33 31 162650365
63 3 554161179
97 43 599411530
59 43 995397853
55 19 109766470
96 17 612616942
74 47 993396285
66 60 759771323
11 78 902192709
39 11 719006573
25 51 82219217
16 93 109200660
26 47 536338441
92 52 627092599
68 100 744122368
97 16 327643951
60 100 714190055
68 9 405559175
83 8 633087468
96 58 527585737
89 14 66950096
11 97 594498480
27 6 606648691
53 66 451330605
32 62 749185023
11 36 692839796
62 93 814791374
68 73 917843175
96 74 644040859
58 37 31352683
35 37 827579377
99 9 260030806
94 22 896036679
82 88 90042954
99 76 798497015
13 45 983097916
11 9 337227678
94 10 359800213
10 91 282688708
3 51 386369648
83 95 73505485
72 87 474775447
8 47 890172244
10 58 154543195
32 52 498612812
80 46 130889876
39 50 898042484
71 37 73842997
100 37 75545874
94 93 344232054
30 41 357342658
70 57 292957227
85 62 992638866
9 40 612630944
97 92 970651592
99 74 422526146
94 82 25175144
86 90 956007338
97 22 637660911
3 29 325943246
65 19 663411707
32 96 115007239
32 12 521464255
45 98 102024192
46 20 410897100
86 17 979915503
3 38 189684243
86 76 245019809
49 69 558116473
16 50 14127162
94 92 771369665
3 72 412606242
75 86 299547237
32 70 309877455
60 17 372957871
34 46 14669714
58 9 375586481
81 8 814214270
65 1 399000471
18 1 599671673
32 58 227741116
83 74 261518926
29 82 212281106
63 26 865319368
11 56 718516639
73 51 799200953
73 48 509641267
92 19 306187171
18 61 633461250
86 26 502126401
54 58 256203378
78 4 674445507
49 93 362226178
78 99 766633431
86 93 648874474
97 100 529227149
2 50 835748561
39 61 570612206
27 55 37367752
48 88 401239945
78 51 775140873
59 6 950472345
49 22 517660635
30 43 354913241
54 79 502932419
21 19 934564009
85 46 932464193
27 14 124552689
71 35 497103814
71 53 187196100
16 84 253889412
38 87 845843774
62 14 247113334
67 30 775552237
8 98 883376878
27 5 47413519
2 51 402395327
49 6 831403784
7 41 444516911
73 19 141742088
71 52 174477751
58 34 120677621
77 47 608588093
63 89 229935551
23 74 830830270
10 30 476132003
73 12 2296115
35 19 493505588
11 74 416071613
15 91 229680790
14 37 113644249
14 45 470526086
97 34 334770998
83 46 965157610
49 19 408384372
6 16 529274601
87 90 237430074
62 31 160784895
75 98 225978895
25 35 946062287
79 26 903248119
70 78 98414175
14 9 757998201
96 10 113934411
86 60 374881493
48 74 801188469
32 48 20472253
3 20 184136613
76 37 821690471
64 74 211624812
66 51 795561008
19 74 740302229
70 76 766441273
36 43 330034826
61 33 547988649
54 88 140803897
74 98 595424715
9 38 381076097
33 20 729110084
59 21 276562292
69 47 22738628
12 88 417974243
86 31 282157387
63 50 341156802
19 87 542091426
44 23 361972201
2 46 650520487
55 8 135552867
83 21 784232543
32 43 636440439
58 87 2520020
75 24 691548880
79 90 786018680
95 23 358976856
91 88 750049225
63 92 568506623
53 52 75539275
80 23 83054766
68 98 30021909
54 36 957064247
63 95 866433853
11 84 799927315
22 2 767062911
35 55 740932777
45 20 223509116
64 81 834521330
64 76 372228957
63 57 347729905
18 96 266441973
77 37 658408199
94 3 153619489
69 34 269739667
97 90 739488940
36 98 487981259
56 73 277058115
26 100 472245361
78 25 306932668
53 58 811238167
55 23 731218677
80 24 699893986
23 8 41399879
86 81 531361097
7 45 22729524
61 38 60329385
18 82 70808698
96 5 251211408
63 30 39146908
59 60 251258762
72 74 747033232
58 46 232447422
9 90 254086539
25 88 39126128
4 42 753922491
1 98 110651376
61 100 178148836
53 35 613999843
41 34 166790948
50 98 267256403
74 88 741717709
79 23 960973117
99 87 159887166
75 44 300715194
15 28 540190316
75 39 776942505
5 45 497461722
18 66 83529086
36 37 70578853
44 80 975797975
83 58 492373646
63 91 667871461
11 88 104878429
7 90 277320684
93 24 330544723
39 15 769159922
75 31 415450851
72 42 222580287
39 60 439471636
70 17 589987449
56 48 972353721
69 40 745612631
93 38 744981106
18 68 695374225
10 45 801042898
82 46 522334839
12 22 188063052
14 1 788874035
100 84 517679861
99 22 902298716
54 98 265331210
