100 4950 62
3 14 20 38 114 198 243 265 331 367 373 380 381 386 399 402 434 481 483 521 531 533 556 559 571 614 625 625 640 661 684 689 704 736 747 755 757 818 833 839 842 865 867 917 920 930 942 972 975 982 36555 168538 203350 291371 293310 300325 469178 491142 536563 600876 695868 702161 722330 817412 852361 997940 27151115 33703413 51237411 97893794 144676405 182111740 199850048 264064382 314801210 366774788 377578480 403857834 438297011 500065842 530565259 534930076 579478175 597499448 598482661 664668932 679591876 681744261 717241800 732615706 759720649 783316849 820349613 824079845 852944299 905134883 924456962 957837069 980704956
40 38 125862288
89 22 769261584
89 73 11364578
29 2 966648950
10 86 822955523
37 2 570728475
47 31 244426489
88 52 848594950
30 69 966568802
7 12 987032127
64 57 909117987
89 74 278917041
46 83 433119973
72 91 864487239
70 27 295014186
79 25 302030218
52 81 838558648
36 79 33505639
84 54 234278811
98 91 594397388
23 2 331387034
56 5 779661976
46 21 717429287
20 91 145305601
33 70 613549153
67 78 296583524
32 35 366912645
90 55 617191751
37 27 68601416
26 50 527831364
37 45 594912075
8 23 598590826
75 83 856056695
32 38 495287210
17 87 731571546
32 79 482351714
9 60 723023333
89 35 431069792
18 64 225458767
20 76 181182500
76 83 593537264
50 38 79913938
7 28 645233182
45 6 829117560
70 4 655451554
84 23 76468184
64 28 432900651
25 87 959076710
98 32 653820611
54 79 763781070
67 38 642339291
55 14 906979439
13 50 646936619
93 31 361131078
84 68 355117777
37 67 766658216
42 14 575806468
32 36 839805155
54 74 998124621
94 67 426683909
85 46 516780383
22 15 981879723
40 16 698750411
54 38 904711610
94 18 106801388
5 78 386844523
37 5 992051937
88 84 863945036
8 67 146788030
93 59 841204897
67 15 329520053
24 87 178086742
43 17 97285837
52 91 367878142
43 16 593897444
61 41 901368299
51 79 534853583
61 97 986059382
5 79 113954107
28 41 374584224
85 27 696589693
44 19 854293109
71 75 118410024
37 84 574354978
18 89 633904114
99 60 105408237
71 25 575264227
81 36 376285278
97 9 240722414
23 42 632974800
43 24 891216510
3 28 665306625
47 51 834935531
3 68 159404009
95 31 597393919
73 17 24741678
63 91 131734200
88 27 269022116
39 17 484779550
81 79 954154514
33 18 309751628
15 35 112165354
11 82 725782993
37 97 547294986
11 53 95580557
23 100 130377838
84 7 765523673
62 18 846207545
66 48 861010632
97 96 698548202
98 20 217034074
20 2 697707366
33 56 55275157
5 3 960380109
75 15 165376405
37 13 298281210
61 43 546197957
51 28 783709584
70 79 604948111
88 59 578464350
95 30 289753994
40 2 615496062
43 73 355140504
33 90 526364909
27 87 178722878
6 17 226039361
18 91 242833987
26 58 886508314
97 42 837753666
52 7 866222572
53 42 858222666
66 59 480474371
97 10 514400567
39 6 985733207
11 67 307001750
62 73 30685955
5 60 430191492
41 25 172298253
98 64 946047120
50 69 896223625
4 1 252701254
95 97 187968756
46 42 804636820
30 100 607624511
21 79 158269765
82 48 152063250
11 44 337526744
8 90 194758415
43 23 237114049
80 47 255737907
24 83 340283542
43 93 517687309
72 76 487971019
93 76 733084326
89 8 374486449
72 65 428308647
3 48 593007945
18 58 227767161
84 12 205122189
52 20 694908528
49 25 888000473
70 92 712446359
58 65 347123167
62 9 597520200
18 36 685532404
44 87 910486185
2 86 856775853
59 53 14585543
21 1 562841376
62 43 611943377
100 91 862911990
46 50 697154825
48 31 745944809
61 86 344594835
23 87 162566465
26 72 789930109
69 42 81490168
6 25 879540259
3 22 818988400
45 60 475179178
11 31 902242741
33 65 732653789
63 6 845430708
11 28 502818044
52 57 692481943
82 14 831350560
39 69 134127290
17 14 62583477
3 77 539342202
71 92 860363643
43 81 907774284
24 21 705187994
94 3 582200535
81 55 352303753
60 91 181616556
39 55 112392695
59 91 372017274
90 28 527909059
43 21 293432622
97 1 751968594
48 99 780181946
5 70 200059054
77 70 458369421
5 99 994311290
64 89 922288530
13 49 558031564
35 14 435569804
57 83 362341103
61 22 996294584
72 48 352037748
85 22 160338821
36 48 255482746
5 86 545775227
46 5 426358584
49 32 151783434
45 19 106726201
96 91 96671914
3 36 539647264
85 2 574004027
28 65 566732795
7 4 624347969
17 25 775081296
62 39 936143575
10 14 889618879
57 38 611637166
72 92 295352299
73 92 621221282
90 73 292154810
98 77 447237087
84 35 509950791
67 74 536700399
94 70 255177923
84 69 954013579
66 44 438939680
11 63 661147177
77 9 660391504
82 17 960857087
13 14 804285375
43 70 963839824
44 54 861448922
3 42 850953480
88 18 248392039
15 14 334414192
71 32 132350929
22 86 759785070
18 30 512084170
32 73 177945199
78 31 657780470
70 91 150439419
9 7 598675799
37 88 202816872
48 23 19571803
15 42 612975703
29 85 504875499
46 26 193046915
46 82 447439175
19 86 616878183
97 63 726377303
66 67 185722514
2 92 697869627
22 34 500744361
96 1 398451342
90 14 804034619
54 40 590535800
41 4 768682022
75 90 618107615
90 68 918009367
48 35 138964805
91 27 409492234
85 23 258149117
98 87 562483932
18 40 895189428
99 31 580816763
39 41 268886244
98 72 495657134
51 73 464462811
47 89 317138261
95 28 896360359
18 21 985535998
88 100 24199098
15 69 651124856
71 58 513939675
72 15 451274559
88 21 700157919
98 15 511014795
54 69 420609904
97 24 254060650
13 74 377578308
85 38 441875479
46 34 604025489
51 6 580621104
63 100 453641871
71 20 348504542
79 15 815463899
61 78 121653346
88 57 8295416
60 100 79651045
61 14 64474331
52 5 440692166
8 55 925944494
96 74 561359325
59 90 576931767
40 7 731638180
76 87 253579150
72 7 900961944
37 40 848309428
11 87 651366221
62 7 189317231
16 83 83744874
98 41 10701170
46 86 53349490
59 22 200232037
51 93 960351229
80 76 369190489
31 12 337494883
52 39 106030267
48 25 961704943
16 87 505095344
20 48 737121517
71 87 660589923
37 93 505563350
56 1 576722071
69 87 678510025
61 29 390830769
43 91 327837241
45 14 919379578
98 24 50284207
62 70 312672235
29 39 660609588
72 79 35498620
66 80 536708282
33 27 149461845
37 22 305017553
73 41 954728864
29 73 175202494
63 96 834183349
10 34 551138580
85 36 6259628
83 69 220681770
33 46 98105777
45 81 327872196
44 51 393627819
50 92 849137542
62 78 378612479
99 27 358152669
40 74 255946967
36 73 604533436
9 14 160339144
12 65 825575892
16 65 811381641
44 91 345993001
20 6 364655290
66 28 838407024
80 89 68843492
36 87 368414307
96 34 974254286
44 67 203881040
67 14 847835325
39 83 855835715
36 15 186129414
3 81 495470708
80 16 335480672
63 36 43988966
90 23 846211632
3 30 581309576
5 69 519215602
46 16 166170248
85 48 292067912
70 40 69953125
18 17 108255900
61 44 347785409
91 69 173699926
99 68 395834033
94 15 718554257
76 27 981913310
37 89 145316389
1 55 989682760
49 79 480629393
76 60 799386393
88 47 638137700
47 30 271149543
62 49 315380247
73 35 349582952
41 17 350629603
45 72 738451006
71 8 632560438
20 38 520729580
71 90 459854027
69 14 137927925
86 27 283664175
97 83 467911941
52 69 327309658
61 72 402342487
73 22 349750215
84 34 32539203
75 12 188981935
55 69 289763217
98 46 671038686
62 92 397875863
52 45 922938611
10 55 623031106
48 6 430739488
52 28 697651900
59 9 489618328
37 75 18175261
70 32 581849314
31 27 693225556
43 3 942980342
13 64 301633609
83 27 756640337
40 48 306159406
8 38 471902370
16 34 631394668
48 14 978542106
66 99 542290549
78 38 176306086
18 25 156497460
7 74 104371053
96 27 94600025
77 39 217429707
45 35 740790250
71 3 558809636
66 64 255584019
8 69 135823422
56 9 22280068
18 27 19610854
66 85 722200485
40 21 613118784
88 34 815889415
77 10 337590477
77 2 778897433
38 4 273617242
12 17 286061548
61 4 272021141
31 22 242652585
77 91 49106201
26 8 378408145
68 27 147869909
16 96 943145175
10 16 943473957
76 34 612392713
46 96 598289317
33 87 668114534
10 65 876644459
54 67 763189229
28 55 501801856
29 50 403013294
51 4 929991083
61 57 47162130
66 74 773852297
9 73 847579158
68 15 839464129
71 79 474444617
75 19 334692859
63 31 331860449
44 55 970815734
29 5 135148020
56 50 433025066
50 28 452012871
5 58 498585311
78 92 22082975
72 100 854124457
46 4 286432408
44 64 322910973
75 96 143225830
8 53 293210428
64 74 270340393
98 60 388505404
66 89 64898893
90 19 518054027
77 67 370210489
10 73 797571302
72 14 754699243
43 29 912403892
13 34 44251203
49 23 601548050
13 30 990681723
78 83 218749811
75 87 435064108
78 1 818371346
88 49 691686210
37 66 142170528
59 50 250082923
9 92 684228600
56 2 73286975
85 40 764141637
51 40 482894562
13 3 182550325
8 12 447773884
29 74 589956047
85 6 999643873
10 4 65745359
6 83 576426188
81 100 775751441
58 30 503418634
5 74 920242375
95 79 45125661
81 75 110952708
61 6 67134538
46 8 423053414
37 26 922512864
32 15 79525914
61 65 318443919
97 7 66779401
64 16 460572405
49 74 510643774
85 28 841535893
88 69 939927573
88 64 476732364
95 86 159150987
33 89 346236038
80 18 613104085
22 42 380734279
64 81 637915182
70 2 195784399
93 79 488365373
17 83 15202384
88 30 417868407
85 19 666212674
9 65 227536525
45 28 383509572
20 68 926103865
67 100 851282778
24 17 746928599
24 4 321840734
46 77 803128435
71 73 332643355
11 16 898409899
66 84 594062534
19 42 500972334
70 22 941096728
11 37 842101664
3 83 781937547
98 50 36620330
81 53 90329894
20 7 75039753
85 44 699722523
79 14 476718152
89 1 712797573
80 21 756509422
82 31 690308635
96 99 972231794
18 4 65550339
35 91 124613975
96 25 697455591
29 42 320622373
94 6 488677148
10 22 283473954
12 60 951202331
59 23 891911796
66 31 27097225
77 92 256010903
37 9 95951695
88 97 409957422
5 1 625652932
82 1 646849322
82 34 46810967
5 36 24098580
26 82 745628103
77 96 875876522
71 30 714775888
16 41 508702141
99 83 332642065
83 2 185144177
51 82 837197745
98 76 583708326
80 41 960491777
56 20 277955907
24 86 839151998
32 34 964389332
21 25 902807795
82 6 802932721
33 29 806758900
56 19 209958961
97 15 62784114
96 42 768641219
24 30 66376784
59 21 158716774
99 15 102684214
86 87 724842807
4 86 707442268
52 23 157212050
96 83 388746367
43 15 22855787
3 73 97818143
61 28 790189685
51 90 935065596
85 53 579584560
11 72 348310642
84 3 607937721
88 4 577274076
8 82 19130881
26 12 371797593
68 14 352282540
45 73 739568759
46 19 490262712
33 40 777909938
50 74 873630205
53 27 850204071
13 48 902610265
44 53 500696622
48 65 839457205
5 12 587534462
5 38 332688118
11 27 339196249
35 27 824752961
33 31 376310476
81 16 907793750
67 69 424686659
61 37 681723183
77 72 479908345
94 91 800517101
46 2 645324639
13 40 350654938
75 23 371237629
49 27 779398301
11 33 357959529
79 65 552597078
13 70 861033364
40 79 445909406
71 72 317764586
62 65 742773245
21 68 439903722
82 28 916424115
36 57 272783682
70 87 302380598
53 55 204323167
88 3 860627358
22 74 352142338
39 12 781625714
75 14 820496261
37 71 794844300
39 91 203541586
64 69 383119151
88 79 891618602
11 99 749489169
63 68 384354332
97 23 655654552
45 42 931894084
40 67 255366293
56 31 269956155
64 55 579146417
9 86 417314966
71 86 574871368
7 35 568810727
5 48 512693201
46 65 92818600
94 57 85848719
95 20 346261355
9 23 309378158
29 77 362233718
51 60 173627224
50 48 720249875
26 68 797050130
13 15 872840986
51 67 518401429
1 92 349138098
18 48 273242681
17 2 899726709
54 96 761694338
76 42 562417387
22 69 207639859
73 28 485488772
13 93 598958360
54 57 538636328
99 57 337754071
28 57 479037273
66 50 648596825
68 100 167204756
34 14 624959446
63 19 355689876
52 54 294350694
6 22 887712055
13 71 873899410
46 27 472333486
52 41 572002773
40 86 746339964
62 16 664134438
93 100 559978372
7 19 176886525
66 12 559433784
7 96 867620042
40 90 964307422
5 25 771180296
8 19 212924077
56 46 493837764
50 19 602772862
53 31 379867238
9 17 175096794
11 21 148442223
57 87 803082254
52 35 621140121
66 25 759149889
48 87 853637438
36 92 57542568
76 1 25988027
82 16 33618987
79 4 300598023
89 65 726417915
5 26 927868813
99 65 350569840
13 21 660734705
11 18 821807087
3 40 715172414
89 100 968425318
45 99 169796136
98 34 175010710
45 64 690107743
76 31 114478228
97 27 383612206
22 68 734257333
56 78 708213485
97 14 377978164
61 95 677679531
45 89 734414424
8 34 697329811
95 38 276292353
22 19 844722519
31 55 750985565
44 76 610036748
77 63 218576165
90 6 235314184
7 92 362441567
45 2 305129051
54 70 159559934
96 31 55255569
20 9 293625513
54 45 225192453
37 42 792746050
54 30 454363791
75 86 211586481
98 39 569680921
56 72 224005795
26 9 300129976
63 22 735816341
56 27 363859052
29 93 672899886
81 57 827334678
93 17 824381611
75 38 369981210
73 31 170478434
5 42 162189643
52 70 112116745
7 55 523631029
9 74 555147340
45 55 789569975
70 58 603112683
20 19 339450211
43 95 95888
88 16 771323364
85 71 106060338
55 92 327685365
37 58 430088903
6 12 948822667
67 30 363005628
13 5 289223970
88 20 682715606
61 46 385552420
48 21 465597674
10 70 660095750
73 83 964038730
59 79 16696833
67 48 477220657
98 31 475624710
80 46 882629494
84 59 915311472
43 25 447898142
9 22 228715663
45 17 920898634
6 79 332998682
5 90 481268783
47 50 296513579
29 14 88666055
66 40 194498909
82 2 122893256
7 79 507133849
57 22 384814876
96 14 192046777
47 86 636372943
46 99 708205936
7 69 602258393
13 75 281006376
62 14 391282288
78 69 830797108
61 67 304512586
40 82 466900660
93 81 618474753
93 92 689654111
84 73 439043577
11 49 163077080
43 85 644786919
89 6 270712046
52 36 473891319
91 55 926138076
20 14 183643728
70 12 398751052
59 31 580061525
58 8 811735632
71 4 770938689
64 10 911664558
88 94 345234607
88 66 446271418
59 27 796824663
90 35 201199474
39 25 292722566
21 55 900189122
42 86 41423971
85 17 892311055
13 19 417669017
72 74 273188299
77 7 108262485
82 25 607260131
54 19 704883544
44 47 307062156
11 69 240896672
56 65 392471447
56 77 375967660
13 100 1385340
93 72 524312462
57 92 701220117
46 6 141892759
43 96 953927941
83 35 489890487
18 34 965811160
66 77 372071068
20 99 919684559
47 26 192071757
72 50 309185741
62 37 32358729
40 24 567874176
94 97 618169313
94 48 904843430
43 45 620117599
66 29 917445733
54 31 770903594
61 50 656161093
32 22 962531371
36 1 702162102
50 4 738864503
44 65 871244554
43 39 623838388
5 10 601157404
13 45 213985101
47 27 723337929
17 74 472062126
46 64 274691566
80 2 134915228
81 90 303649920
79 19 849070610
16 92 268843472
81 24 615196541
44 25 865467902
71 6 402301485
53 19 134608879
89 39 12217895
66 51 397101509
90 2 221089386
53 48 294021751
47 36 999625943
20 27 350182368
32 9 296825164
62 100 554401243
70 16 80527796
21 4 123760350
69 92 42308878
56 58 280125787
29 20 762377559
7 42 568484216
23 1 909504798
54 100 163645248
88 89 765648601
11 10 681112522
15 65 664164444
5 83 894889031
77 41 455167156
33 2 654440898
93 42 587211515
47 57 90267771
52 96 381116223
81 4 840838500
52 49 726155399
59 15 523448358
66 73 13252204
3 72 213355868
74 87 494490086
37 35 934293390
58 38 774690520
83 42 139800012
7 60 534474961
25 74 515469501
47 1 485176523
98 8 309668718
30 35 206470149
94 21 235071684
56 68 357631463
43 26 613693321
54 72 230288219
98 23 660198937
47 32 212557537
6 27 818850798
13 52 67640135
18 90 105810682
7 23 547722702
17 100 292084516
62 17 388021513
73 60 761372473
95 83 689691766
57 34 203693628
88 55 313087819
98 95 686297581
97 49 380270023
30 19 388610992
100 19 616869128
13 2 242927416
70 34 500144051
30 27 179639170
39 27 688543859
36 17 479249949
49 36 52721326
37 38 782090234
78 68 916615849
51 26 216709887
40 4 367878523
44 97 634345849
88 23 36281189
75 79 893929239
5 24 413610654
55 42 391757650
33 55 834610881
61 40 558670547
45 34 522737084
97 34 571413245
67 31 529802388
41 92 456927532
70 23 554071349
77 53 555428553
72 60 493793043
62 29 806335459
79 100 199076809
54 59 815346193
1 14 360817063
11 70 438197806
90 22 118336524
73 57 353709630
55 19 402541393
98 26 772449318
94 74 901932402
52 76 684666425
39 75 146251096
20 23 570015404
63 65 65340013
51 54 856219145
57 68 735436423
72 57 253440424
37 6 50101262
72 8 502067735
3 58 419812441
16 60 956315100
29 12 378544237
41 60 822942978
25 55 429457781
10 9 6200017
88 96 536323196
32 25 30459739
76 30 59799246
47 20 415647657
97 39 455769941
81 25 677876096
58 100 120534401
97 16 66426766
43 12 156237526
80 10 659966931
23 57 430685042
4 19 377331836
26 1 657509042
99 4 816464856
51 1 680154661
46 51 523622916
45 69 676601270
77 57 937190541
36 31 801245484
67 75 383346403
49 35 872229658
20 35 691963410
43 89 488348083
56 89 598823204
88 45 818742729
95 60 960993316
6 1 168626477
72 4 797534038
56 17 624078776
97 74 163215003
11 32 979926315
56 14 542124705
56 48 133810482
80 20 166887333
50 81 70651240
21 65 714267339
64 25 539848341
85 32 376031798
51 14 908514433
58 91 595295005
43 56 511397161
26 55 43886924
32 55 665455858
52 48 669196416
28 34 846204631
47 93 637219455
13 54 68363813
80 15 865920986
94 40 125799741
29 34 109239826
72 30 677150570
93 91 662184745
66 6 481241959
76 41 579960765
51 34 783037714
64 60 517976847
50 86 503158122
100 34 129963514
54 86 440095540
88 42 111028038
65 86 890080879
33 42 248478767
70 90 668277035
81 21 989368697
7 21 254173845
7 99 534792942
93 68 67767950
56 3 591114187
71 15 794052748
59 8 780924927
18 75 832449969
93 7 466343670
47 76 993472243
51 50 398970724
67 65 486727155
9 15 716401771
40 75 457379338
11 86 900296613
21 2 555030000
18 55 857120638
49 67 700977419
45 27 928198093
93 4 723062113
37 64 841657810
9 96 82386226
54 7 208322566
98 94 897478112
93 28 203187379
56 83 42703259
75 65 488209559
78 6 13810183
39 24 513644704
47 6 708548434
94 44 621036033
33 80 58697391
55 74 282133985
28 69 746352827
49 3 602861839
30 15 532369569
56 39 992290209
10 72 684022355
85 93 486470892
36 14 468975523
80 40 25211187
47 7 884231139
88 5 544479120
95 4 958883332
70 14 750161377
40 23 451518041
8 1 847307387
33 37 155171134
94 30 59247064
82 9 618380888
33 81 263916631
90 48 997633382
98 69 52207195
5 27 554765083
58 22 482024550
22 87 643027817
99 86 300188614
85 80 582558338
33 93 399417486
85 39 992548989
33 69 350066626
97 51 98143128
52 6 99122254
56 92 103886955
36 100 371675442
11 14 67243782
67 2 516600930
63 81 792763255
70 60 424703082
88 6 520506003
37 36 805934754
45 16 615451421
98 85 36495696
1 69 98455042
30 86 264249068
90 27 890144415
97 5 408331063
46 55 270137150
43 52 56144905
93 20 833847366
20 8 361999514
56 4 44016593
61 45 399666412
88 53 218591924
74 92 809021947
7 91 245435712
79 60 624153705
84 77 373421372
54 16 805514809
29 26 885807995
41 69 447292501
61 39 834985604
97 77 74683
98 9 434520516
52 30 687212414
100 55 946440995
77 60 277909193
40 87 886871513
3 75 59520720
7 30 203906726
44 8 230107953
10 24 740473458
88 95 408219518
28 21 231844409
49 31 69766457
15 86 47046867
39 79 298972056
89 83 180764642
76 23 106513967
84 93 116423666
21 12 760221641
8 9 985469905
89 82 92150622
23 30 683955994
82 86 142942637
44 18 609433706
36 28 957501644
44 52 491351869
76 21 440023865
52 68 194806897
59 82 467017827
98 4 538897350
26 21 724381702
7 34 900960301
97 46 82051464
13 38 201112964
43 30 520545359
71 50 157868605
67 99 174823363
46 38 272460929
90 100 277323701
44 71 171362064
29 91 949109700
89 53 571984130
39 36 500840473
49 93 914973880
50 22 10178305
95 48 359448554
62 74 90739680
13 72 135555946
44 27 737463350
67 7 913016678
39 1 264978339
98 48 207667054
73 19 734965924
45 23 647131565
81 68 54130189
22 30 617761765
58 48 626203943
25 91 72112531
96 2 656395604
5 57 670272564
61 87 863282172
75 42 358536647
63 75 600415938
58 74 257930391
90 91 161454340
20 55 725917181
44 58 251662350
70 67 16311177
52 93 908485601
32 96 718458854
94 10 310670649
63 24 681357229
9 34 651790253
25 14 500757307
63 92 723519517
93 2 675182953
62 36 486563547
71 74 854987131
80 79 909607505
93 82 203334972
77 59 619141808
32 100 484555508
24 100 877652350
62 71 500943863
97 86 136772686
89 25 635732498
82 42 302276871
39 74 575653104
76 19 166999426
61 53 381074436
89 20 823672971
90 25 724710221
76 7 250711598
62 95 14993012
80 9 291672078
54 3 16620210
20 74 663333065
72 82 974629734
49 90 645993077
95 68 950084373
8 22 268721445
51 5 326221880
20 57 979857996
61 9 742702333
81 12 964685109
41 79 514816407
37 7 783203712
95 41 335395706
71 40 796113423
21 86 638057780
88 17 682588590
6 55 908918048
46 20 960017413
49 65 339845113
37 30 101827108
43 68 145903149
33 50 770830813
3 87 613323236
97 60 544431322
84 64 580874419
62 3 252051797
49 15 348680127
8 91 374491856
37 60 550070906
23 65 478981385
47 34 500575192
58 23 530114606
18 42 941017466
73 99 687779483
67 41 803331807
21 27 601791061
29 21 183112095
49 63 928378620
50 21 728750430
45 74 316743779
45 67 802649524
61 42 318892518
10 15 480252976
96 41 655482920
62 44 962764123
11 68 269761811
66 34 372663436
95 82 22475221
61 10 996560789
51 74 58393436
49 96 112339430
29 53 360080443
52 31 519898702
80 90 142748272
40 28 817624452
72 83 391827065
61 7 458726204
93 40 667174111
15 87 425416664
85 99 776313497
52 60 327799678
26 64 2305860
29 92 818836155
94 17 796165452
90 65 640199740
32 90 728060876
33 8 812576036
81 27 723986781
59 17 888591160
64 67 556243770
11 25 515383763
63 20 815423393
75 21 509574354
29 71 447940256
6 15 231094709
51 100 860875477
22 55 402418078
46 58 323039567
90 42 120450013
98 25 142463924
88 58 201198112
17 65 996786362
73 69 889743856
66 95 192982253
64 34 305672167
98 97 2924597
95 40 843107991
51 21 385542395
68 25 680218130
12 35 206525079
82 7 666669163
13 99 544037879
23 55 390914255
45 12 101456823
56 26 656673305
71 60 185827407
84 31 379276405
3 82 931067981
88 7 714350619
43 54 564457284
3 57 840298930
53 78 121204328
6 4 575873714
45 53 257907452
85 60 43012229
74 19 198323677
23 4 292689813
66 58 97843495
33 17 988392418
24 1 814894703
47 35 642704813
77 58 416002995
62 61 629536399
44 15 801243228
64 6 855667825
54 12 103234032
5 34 408179882
72 22 786538530
15 55 176301206
96 6 212798634
81 8 863102346
80 23 527858352
75 6 169353321
41 19 528898370
81 6 84642760
63 40 201196600
98 59 724690251
82 23 659612639
31 91 177426225
59 36 336092458
49 76 722947677
85 59 709317596
9 75 611194415
49 22 98335822
72 39 668346594
94 45 455377707
62 64 830227087
77 68 545658537
98 66 7148843
28 68 673748934
61 26 170580390
68 83 626336310
16 86 80542698
84 96 475056859
59 41 130855064
43 5 478835573
96 48 681475081
13 92 719465894
50 55 186950152
73 7 813775613
24 9 953657768
47 97 440948345
80 99 347793260
43 67 890065505
51 24 134337811
51 23 112870469
50 60 119447749
80 30 322902927
77 6 962232667
61 36 654679246
58 7 4434074
94 60 421807071
39 73 899526571
76 14 187954541
56 70 622150861
30 65 116567734
78 21 375087852
43 60 295756649
99 1 581902169
43 90 250557196
6 2 122367678
62 34 647569314
85 30 341114464
61 19 610876967
61 24 101612529
82 91 601884292
71 70 694962691
51 30 482536211
60 2 885911289
81 73 229620317
13 86 332702954
30 17 474010027
61 80 692181338
62 51 308117954
50 17 41919753
18 63 423290838
30 14 229312524
3 6 984097760
71 81 923415209
66 42 909042962
62 52 632521940
77 89 565199891
98 55 630633438
40 92 789065635
11 57 608794805
49 42 216498266
47 39 509724966
66 86 585775292
47 64 257779169
49 64 444950966
31 68 992687294
98 79 364859225
45 39 828904916
84 25 56795600
8 68 648046754
29 65 617349047
48 69 833651114
26 99 834464301
84 49 934180301
98 54 459866659
62 47 549105132
16 12 984991729
50 35 47509287
33 91 715601818
73 25 346110067
41 2 245452075
59 28 556068359
71 21 175268810
50 87 381585031
25 27 568518401
77 38 734849857
13 22 161897809
59 76 237514906
97 8 807384969
44 96 264183862
16 69 865497461
18 49 753083637
80 4 68678845
85 12 301798218
22 60 348163388
37 34 53322543
43 55 621497111
10 81 537573684
55 34 177415354
52 59 512945331
47 16 804271423
29 97 282037721
9 48 59882858
56 51 301604048
73 86 868787078
23 86 140897437
13 32 253077024
82 67 609219003
45 41 445429616
31 100 952055560
32 23 511556620
53 34 654384187
37 68 662491192
11 92 36047099
39 42 870170134
36 69 646068901
24 25 147754258
73 14 417656491
80 48 498174975
5 92 950967114
71 89 809209116
52 77 944260428
5 50 98253143
97 41 164504409
44 35 102891022
97 6 564902781
85 73 777553285
80 84 535096876
68 34 568656427
26 77 442228239
24 34 169485425
9 87 478326127
3 26 270993979
76 17 839269602
50 83 31995534
62 82 293460806
59 67 114761076
38 68 113849832
52 25 145243052
57 17 809257206
38 60 544742035
24 65 937048342
34 27 242404836
66 4 900934634
13 20 550823436
45 96 517369379
11 64 906720832
23 41 244843654
44 20 832505894
85 76 129582539
33 75 802922974
13 35 931674358
51 41 816290408
58 57 831780420
97 52 181933045
33 44 924656263
77 75 526956917
8 78 611916389
32 31 419385640
84 72 198579297
82 35 721022187
5 68 85211134
61 47 60324519
22 35 684990197
78 86 362589294
56 55 692144666
39 92 202033333
51 49 827981190
20 75 684833924
72 17 489322859
29 67 334923060
39 4 642886459
32 78 236553531
40 35 141281111
44 9 766366154
80 13 896467583
37 48 759465117
94 27 154910501
24 14 631086739
44 68 366633225
100 74 231647148
84 53 804019714
66 76 693191326
78 30 338045974
95 65 819963994
34 74 440583618
53 16 378546248
78 12 83811507
6 68 479565387
36 75 860447718
81 58 381227034
28 99 865520751
96 79 353562074
60 15 377366350
88 77 147855150
36 55 106101612
88 14 687992541
88 71 80879419
93 41 27401493
63 55 66267238
11 89 812078975
75 48 576279759
11 22 112136172
56 90 447848
26 22 819455812
54 34 285793066
61 69 160551385
7 83 511307739
71 24 589731642
45 78 983918662
5 32 516267644
53 79 240398369
47 2 311968418
43 19 368245755
56 38 204045473
77 24 398936476
95 21 549941178
59 16 100854743
83 100 354730199
3 100 211853393
36 23 781253449
54 6 663502170
88 65 988097387
17 42 743642922
47 52 355310143
50 75 286879449
49 92 857315124
54 36 581574200
58 12 374397510
68 35 368028708
7 15 988707696
33 76 621576779
44 3 753917694
36 96 836976456
7 27 390872051
30 55 449984167
82 65 857572643
53 1 107306872
59 72 887547158
9 68 553547705
54 4 542135232
49 81 760653432
52 8 422535772
91 19 72568522
73 87 318219379
61 5 419254124
40 8 160626809
99 38 645768103
29 57 384832038
11 59 69025711
18 12 113946399
43 20 503128996
70 7 386271526
16 22 327551568
46 69 782072526
54 77 451659454
9 35 902420927
66 8 593835497
85 10 131379794
29 35 610822811
95 50 802441251
97 75 329142004
90 16 820169841
88 31 109985895
58 14 125526872
97 20 506337126
82 15 328295859
16 68 111235774
81 42 108203743
18 73 446497002
9 31 26682551
10 23 582912951
61 92 232736600
85 42 301494223
37 56 786426479
8 99 893552856
66 26 177252956
16 1 855132112
40 31 391764968
24 12 959454391
54 73 562519375
66 78 171671183
51 89 827342958
51 10 375823532
62 50 705947002
32 82 975668227
95 71 994961361
59 96 229579914
28 1 390101634
29 24 525421170
98 58 58817760
43 2 232348508
84 17 492179563
57 2 273292470
62 28 465330349
45 86 162699386
20 30 103916225
98 75 873253765
25 69 692557583
45 83 736032526
20 87 807100394
18 74 997373901
94 83 298281284
80 55 905827473
13 18 100849826
94 50 614589068
16 31 209915787
31 30 925035457
59 86 953704127
62 81 618952928
6 65 718742997
71 27 787997333
32 53 803286560
96 57 270136960
9 4 306871963
81 82 934504737
11 15 351168258
8 83 500938650
7 65 965074021
93 60 238381841
18 99 140967684
3 38 346256496
66 90 389865377
46 49 511205141
37 50 134609363
3 63 428207219
39 70 202191209
11 100 148596459
46 30 286751246
58 76 890043596
78 34 250255732
13 16 548587078
63 90 55706599
64 90 576239057
67 91 22354339
33 54 994569180
8 16 887964441
40 58 439400683
11 46 437975561
31 1 143957202
56 42 983254747
54 2 255394223
33 19 404188005
47 42 100066684
69 19 173463718
84 48 492467557
71 65 525732978
62 91 419070353
99 23 290376417
5 65 947835972
61 60 152627982
33 99 145896302
95 45 633370505
59 55 699172574
64 40 829817463
4 2 319247396
43 38 808176646
75 68 908549052
13 69 357659957
90 21 169873302
3 24 839514228
67 21 409726299
72 40 238254803
77 28 702608395
85 9 604529196
29 15 720769923
61 33 155125420
66 9 923379676
29 79 153918126
43 31 352657907
80 75 724305129
26 14 885058799
95 76 941683252
63 15 930997361
56 53 165142393
58 69 913443783
36 41 322208627
95 49 713323452
98 38 212713590
93 10 160045564
61 35 338537501
40 60 853341450
11 56 200226943
85 70 878917245
82 78 820549854
72 75 705586635
43 48 599840424
98 99 47246790
48 55 555483557
56 63 836881695
79 35 315651215
33 36 257420194
51 55 828771769
29 99 456014975
62 23 139874914
41 15 851000374
3 9 670670424
8 60 693609176
9 41 266394796
71 49 684056931
94 38 584815428
95 3 291991254
28 31 600885814
64 1 966541932
72 16 400858970
33 13 769420328
58 60 26453663
53 86 726334460
50 78 740247103
22 4 32494677
84 78 463368354
64 12 498871327
15 100 977097623
17 19 302953232
95 70 641679053
3 53 403921496
42 87 817310656
60 34 368323503
26 69 831654702
33 24 319935666
59 12 390659520
18 50 358809542
16 28 468147779
77 76 257003701
96 100 882439017
82 41 854408866
66 7 575231065
13 76 945762300
96 28 463484367
85 52 209659156
97 92 457075518
20 90 432768845
8 30 808792796
24 55 799980703
62 63 140255986
61 25 408988925
12 57 275773953
78 48 100078384
84 99 859078078
26 24 692970444
53 17 802558727
95 96 756722289
12 1 985274044
97 54 620619304
11 23 861008006
30 42 251989069
63 99 226404122
33 23 605004947
97 79 245008516
81 22 216120008
21 31 58601614
67 28 227975442
37 59 273361139
53 15 492158908
98 22 952401248
58 36 279179942
76 65 515073058
6 60 76367155
94 22 737647902
97 64 528001556
46 72 995350031
76 75 592255450
11 78 498554429
85 72 256156775
63 70 823835959
43 8 95555459
89 55 530749902
78 19 858408771
48 17 993170617
41 83 885894303
95 64 525432660
54 83 981941682
89 17 364244543
33 43 911022188
40 99 38820900
12 42 822174323
47 58 577246630
44 17 329820960
52 100 687522002
47 77 446661902
44 83 668331620
11 6 7718991
21 57 862257730
44 13 878432732
51 99 688679236
44 21 774507149
84 28 308285785
93 16 285189045
81 28 710070911
77 73 851967097
12 14 806374206
64 24 258133830
88 25 182001615
36 65 442399809
61 76 741951063
89 86 985833351
84 65 537938912
85 25 829725113
47 28 143591932
23 91 580109836
69 65 284835904
79 27 912483418
72 53 952868393
95 63 513293364
7 68 776398425
99 21 921734002
44 38 338727185
3 25 71766464
64 27 686735326
21 83 169920918
71 96 583499747
98 47 612046516
94 93 589504949
20 58 287521176
31 60 814359299
93 77 100419816
76 4 483753591
88 32 521306196
30 34 441412608
94 69 412392299
89 58 481668552
11 51 988315361
29 38 481802968
32 99 780405458
73 79 669784388
31 35 95140846
38 86 543697907
13 12 872573551
59 75 282851113
24 38 108095717
61 15 667264875
18 45 410727642
60 42 94575392
45 7 618773835
29 46 575604124
84 40 481919967
37 76 253394013
66 93 73336498
38 65 834196814
29 64 64940561
71 83 458477947
96 19 981738384
53 57 248932101
21 41 335867629
42 92 376060856
88 51 139077774
28 6 948523527
26 23 244088414
97 50 585019415
37 31 989892881
26 4 397141829
81 14 618634498
5 14 47130568
97 35 91378082
88 40 700545275
39 65 71470288
81 23 288705670
49 72 19210292
64 58 76445379
56 100 429152987
99 22 626329742
77 36 888616724
13 47 811416652
61 94 60563288
36 6 225126984
66 13 140168336
56 22 384601408
88 91 684012117
26 41 804605610
93 78 882372226
98 10 566709601
94 13 295081208
62 26 398049555
76 92 75175484
65 14 719632591
7 14 451167833
95 99 457935579
67 92 875369726
70 41 529920101
57 27 795455384
46 67 726676676
93 39 610375844
37 77 19791743
76 74 102178467
61 74 163465983
48 91 430188860
47 12 671472826
4 92 267063706
35 25 29244844
26 34 371602584
10 41 880078164
78 17 457590926
13 82 784877166
80 54 54316573
77 30 151886942
90 30 485110288
44 26 505828201
36 86 395930261
49 19 944806946
11 30 230893391
8 73 355739544
33 21 970211883
98 28 383659294
89 38 552107995
64 96 851806175
44 22 874299807
56 54 894162641
97 78 50153423
61 88 870768734
31 86 578639251
33 71 326454056
13 46 768961244
26 30 670456390
53 2 114875778
77 23 75039537
58 35 237630367
82 79 608529943
98 17 295956985
97 36 125312485
64 70 7409349
78 100 620918543
33 66 41376728
8 92 220106687
43 72 732098340
93 86 580574465
92 87 283374564
51 27 811453259
71 82 534094062
98 88 805430411
36 27 806447243
63 7 845317554
37 99 111023998
50 40 614115956
84 27 512594565
76 12 10882345
62 76 101579934
77 34 157878933
89 87 841074463
40 91 405135023
30 25 92550381
9 53 360900214
33 26 643798366
62 56 931474822
66 55 798135185
62 54 793415593
23 21 390754597
13 36 15142101
52 17 742971358
10 42 934819866
93 89 673829673
71 31 569749537
40 78 4790821
52 34 956377411
46 40 976682149
3 31 570930369
71 16 772706904
54 10 764635174
80 57 591961519
28 17 828269311
89 40 450572140
50 76 432153681
2 14 676203828
37 49 148431461
5 77 22669780
94 92 814507373
62 42 815153788
56 64 655632054
97 82 757503176
10 78 74132962
95 8 596666581
50 27 937749534
33 63 133208140
17 86 113158275
77 48 254120437
60 87 291827831
79 1 629320595
72 23 463195556
37 70 962598473
66 21 402126426
94 68 162333378
63 60 715070389
94 41 411096185
32 76 773839536
71 5 356215228
77 35 685278223
70 76 688507656
36 4 166741588
62 96 598814524
53 22 637331307
94 80 135026781
40 73 863840356
32 17 321814079
45 59 523090175
41 68 900361860
70 19 875504958
52 58 523964465
44 30 272413594
24 99 311316488
76 69 994490522
7 48 527093620
18 53 632557035
71 77 997014031
61 30 248673855
62 57 597611690
66 24 548923090
93 57 566299449
43 49 209575948
16 27 736851719
10 31 399887960
85 20 436520114
94 51 461243450
94 2 267513571
73 42 918471363
5 39 487804514
6 34 450904852
89 48 909014250
46 79 128650587
98 78 728541732
31 41 823231511
80 68 617523562
52 71 117908295
77 21 941729346
10 68 844580369
45 90 141924145
78 79 383907059
79 87 651021918
56 32 439361597
10 75 560980993
29 32 528928657
56 99 782678831
38 19 984104942
46 63 877257666
10 30 49609455
98 12 508959927
44 36 494101662
93 34 878166890
57 69 581109917
94 9 989807364
62 4 847585920
29 96 473733065
43 4 125377965
37 85 371204164
8 17 16948732
21 38 810141466
54 65 860933949
54 48 955345105
43 7 275085442
85 50 448094325
88 22 992326781
59 1 2719865
95 91 833772648
94 12 896671895
71 35 165184197
63 39 288344335
35 19 407634389
65 19 855164425
88 81 689825345
78 57 540032573
31 38 503827802
61 3 740538998
80 5 196042609
37 95 463911367
84 38 183865420
85 86 653340604
28 91 592855479
49 17 746288541
97 4 299114313
93 74 353482897
52 19 964434474
6 38 692164274
47 40 75588845
49 91 599487973
26 36 699349465
10 48 380042573
47 24 305853922
98 1 672241027
18 84 152185491
71 64 325222070
10 50 801759368
71 14 462256941
32 2 28787834
32 58 287392025
88 1 553067226
62 11 868523166
52 55 821318162
46 25 167154112
79 92 950080178
96 65 367320730
53 38 128958024
97 21 26665525
96 55 276718425
47 9 424743131
81 48 834743924
88 24 474821941
12 100 702942551
88 82 534159744
37 19 790474895
43 86 576091687
97 2 657738690
73 34 546608779
23 22 310895069
16 74 752431438
63 8 459799075
16 91 554699426
58 25 325584317
76 15 197016518
51 68 869249032
94 79 914362367
37 8 46776289
40 76 137046930
29 30 821613072
89 99 184301480
37 100 827111913
49 41 573109207
72 36 105134839
17 27 72432077
59 48 139739120
63 58 873932855
15 25 483313429
72 78 236448397
70 15 491672317
23 19 147098372
48 1 775476239
16 55 513983966
54 78 805405059
63 12 783376362
38 27 999675905
13 7 964755611
85 92 655392391
40 68 118471277
37 25 133474697
50 68 48805621
37 90 405672093
18 24 539792034
36 12 379059012
46 54 341793633
72 96 359003004
66 82 709477566
17 92 593918815
3 60 218253596
76 36 447146038
18 8 5161323
46 71 417975839
48 42 818476772
49 16 266424472
80 39 491823184
93 21 235904247
78 14 525140581
5 4 756087472
85 81 667596994
11 77 366494740
4 42 229644467
13 24 695987293
45 77 410779702
8 14 425573802
98 57 926385547
79 17 151017823
52 73 300425224
88 68 333478579
63 17 385983174
5 2 934723462
66 5 856066813
70 21 276816696
82 74 980636134
77 90 525745336
49 8 855988456
85 65 489098024
84 1 260410356
51 42 609862591
50 42 375998213
55 27 111025772
13 58 356733492
36 35 752854469
58 92 87056285
76 53 203784039
5 59 447240363
75 25 73721591
59 60 282906982
26 70 744991111
43 87 47642696
41 30 296468431
33 58 337583717
56 59 437046103
81 96 600612290
30 74 372651871
93 1 104894300
76 100 447526852
50 12 254853804
77 64 974640596
20 41 343485504
13 90 870555873
11 95 673103386
99 74 293131623
12 55 104651868
5 23 492721261
30 1 397337771
24 35 989479271
46 36 458058861
3 15 842742055
24 42 10709585
90 99 902167292
11 98 799123441
23 83 669311248
67 19 27532025
7 25 260936718
46 68 106222841
77 16 860419242
56 8 926534790
56 74 590101193
30 38 152382885
95 27 627865614
23 31 697177078
93 48 889028571
32 68 364763520
50 36 899630516
28 79 46684937
47 100 61636615
57 35 47131682
84 79 341590455
7 57 779150259
49 21 857503864
20 53 850699017
8 15 448420689
40 15 261574390
97 71 722809342
78 15 714078184
49 5 47500590
66 45 526863899
70 100 370999404
94 35 84408280
20 21 703477378
52 15 487091640
21 15 715089379
48 86 339661703
3 70 653043697
12 92 130957197
32 69 334724666
93 12 279665785
47 15 969271773
18 79 201645363
43 94 691899050
62 59 998194624
76 2 448640662
46 92 814810239
16 100 444776670
18 59 484116481
26 20 576111364
33 97 999253084
52 21 574700887
85 49 959220726
3 78 526213431
59 70 56274777
12 79 763429254
51 35 901005501
32 83 882059045
52 10 388331324
71 100 264922956
24 31 660462359
4 25 407811054
15 92 414415978
66 38 695216171
1 27 519967815
43 50 42921707
35 86 376587871
18 15 968352815
7 31 859122944
25 92 517947296
85 89 415164960
41 27 763876707
39 38 923581735
56 91 445789625
33 20 9528701
67 90 542739301
36 90 866322637
83 86 866023329
76 73 925611149
75 35 227930545
8 2 470263287
47 81 839713617
23 68 766576347
45 65 845534071
62 13 149828451
98 30 602325410
61 13 852359181
56 93 634377408
55 86 7937567
73 53 705596296
80 52 511475910
43 74 597396813
3 32 590322484
4 83 103873621
85 16 848236636
62 79 188053879
35 87 51421820
48 41 47183900
88 70 477923417
6 100 344842857
46 45 512337523
88 80 831409001
78 27 804738590
72 28 69133675
31 15 206182312
74 42 778446281
76 99 885150160
47 14 206085251
61 18 854161571
60 25 76686729
15 2 445141415
97 25 873984366
93 14 755631334
72 70 587992036
90 92 925284404
47 72 926079459
64 53 309612453
20 73 855605579
94 32 706190746
43 100 968574569
81 41 307217919
61 64 933455201
64 72 703307065
88 87 859718127
94 28 343802731
72 73 512698693
75 16 295581533
93 75 164187538
22 83 715965082
95 57 4429988
93 32 285332263
29 78 974346305
66 18 541192416
29 95 563063313
55 87 353561483
67 34 449547075
48 28 343605997
33 6 8634633
66 97 942391567
88 13 716831129
56 97 956899487
95 56 991577155
83 14 974655820
51 16 216252838
20 83 937772445
80 53 326136702
89 24 689583469
83 92 195314882
26 60 902815494
43 83 89962032
5 15 820973583
2 34 844085124
51 78 978654109
67 6 331647286
12 68 515486176
65 92 675873481
66 17 139418339
67 17 959527593
48 57 569141042
51 39 512373417
41 34 713048299
33 86 753275518
88 9 908738653
29 83 527629548
60 74 110743224
29 16 970002493
43 71 356276696
98 42 682739131
93 19 41156385
23 69 663420714
6 92 980533795
54 20 20718999
33 49 687825349
6 41 617358597
5 7 372233611
56 35 329847851
52 12 987945941
75 99 390490632
9 25 32570820
51 91 919246130
78 28 965437430
90 87 53784636
75 91 665462304
32 86 13379044
77 79 7990482
95 51 306754563
36 34 504364807
5 53 710467512
94 26 716142695
71 23 827178009
13 26 528825375
77 31 516785572
5 28 334757647
95 23 208669069
89 79 120372937
38 1 218303108
83 65 589780473
61 20 179648435
37 87 60080464
80 51 592328092
82 19 32616256
85 77 341059093
10 92 962872707
47 25 585009662
63 21 832494259
95 12 33243607
73 91 559285682
49 55 844256900
99 6 117038959
33 88 311614057
21 87 969986534
80 82 748150580
30 91 74940954
71 22 185810541
82 75 878497747
3 90 199320558
64 22 481830430
10 35 816632576
54 8 22185595
97 38 150820771
47 87 277373197
81 7 143456184
22 65 569895244
5 72 554408287
84 71 357498801
35 69 305673297
88 2 133489019
45 5 272963917
18 51 364295597
47 54 215767079
59 30 549387270
45 63 629199854
50 82 723817185
11 8 51779627
11 2 195722533
37 91 414692604
72 31 743521037
84 39 573875365
84 24 164309449
40 53 942841164
36 74 67505601
25 100 768213691
88 10 497605166
54 60 583648175
81 87 134250875
98 61 31479471
80 32 48298441
10 40 32975894
93 70 954769159
14 87 849680493
63 30 370771265
47 70 281048668
71 55 976406933
36 91 219523941
96 69 448085731
26 89 290258336
53 83 930624273
94 7 185023460
38 91 895107258
17 34 780586238
6 21 380973724
13 41 593073038
64 42 730917688
20 40 353984178
71 36 803117647
85 91 535959052
18 22 714004622
4 34 479894982
33 7 354764523
33 30 473569928
47 63 934999160
49 87 991105803
46 60 335964041
81 39 624447707
56 57 88366181
43 76 886072955
52 42 618124053
46 23 186769350
60 55 407830248
89 92 539487824
39 9 804264595
66 79 268578603
84 83 217626880
29 55 630418734
61 82 923485413
45 38 164592499
58 1 462485425
12 22 176904502
95 36 510249421
85 13 909259543
54 89 180481992
70 17 299571617
37 63 922114227
62 55 509433361
45 93 704786213
24 78 409734135
20 22 343542536
77 69 160723295
3 39 895902687
63 50 925978619
71 1 848858551
40 14 882493822
72 19 104362362
39 31 370283381
77 86 386180779
39 2 817919578
39 23 100111409
97 32 232003316
58 87 389257501
54 26 532375187
44 16 436799046
1 91 760198859
37 73 737415520
98 74 184507694
19 87 106608114
83 91 744822571
70 78 762909763
49 78 563435156
93 58 793350746
71 69 810162057
73 21 116290572
20 34 243295020
31 65 440186166
96 17 274618029
80 87 444935597
18 6 795412322
43 99 121794698
43 28 166254587
28 12 560148228
45 32 98415441
88 93 471057947
75 57 668156824
3 74 936535340
49 7 894910243
26 15 931629657
54 35 986078969
38 83 552290277
34 87 280233951
67 4 802230760
37 1 903661946
89 76 61378058
50 39 612577526
59 35 343685363
5 19 140722213
81 74 554749263
81 17 328958819
33 35 787874315
45 10 433720834
95 47 843733458
64 65 719091346
40 12 159448721
32 6 731302082
95 15 908883105
13 10 886089833
66 57 828583895
18 65 816582390
5 93 743533028
22 92 531395684
84 81 364136567
31 79 702113586
94 47 687007701
53 14 209441932
65 87 181272335
44 70 238841093
90 96 795648604
10 8 413408941
98 27 176571902
96 23 390119742
61 17 574837687
97 87 539147718
94 52 3406056
88 85 433502274
3 89 3163320
63 72 606383060
98 35 977573592
9 42 377856762
53 87 812062490
51 81 123987828
94 77 563773839
56 28 512137925
43 58 780075734
18 23 549860192
57 79 159210832
72 34 715912165
39 57 816327272
46 57 358671238
58 41 878485828
29 41 443202210
50 16 785869127
50 6 705890022
80 1 604737501
61 1 391322287
21 19 702245490
34 92 479510931
93 24 934562203
59 78 935978888
80 77 132956836
52 22 393807784
82 87 847577453
47 60 495998430
8 4 115552217
59 19 891360120
24 19 118190037
47 22 231852549
40 36 969822085
66 22 701202775
84 21 644344013
13 89 327126496
70 36 910006103
1 19 633535570
53 99 822382810
33 84 405575018
59 65 26202227
26 40 29142218
52 82 492861754
56 60 29776125
58 42 517778206
29 9 241637036
81 30 269503863
94 76 342035663
31 17 384296605
63 53 386944354
37 44 426722757
44 5 831786605
54 64 846939571
70 24 428748722
4 68 684999927
91 65 526220786
18 7 459549777
3 17 427669032
66 2 670374425
29 81 233854449
84 50 604445288
43 80 888003162
88 28 826447618
47 90 759084839
95 92 139991560
8 6 365865568
44 100 721500521
85 5 424521137
60 4 704126575
9 21 215536640
39 19 484369710
84 90 870387595
96 12 515569718
4 35 975020622
84 32 980384755
49 73 682850956
89 67 331795072
63 57 121757132
12 25 903991988
20 92 123701283
58 68 934123401
52 67 510035991
7 41 845896234
46 59 224305646
51 38 753862836
98 5 369138112
29 70 576569525
44 92 523287467
10 27 231600686
85 55 504374867
95 100 510142386
70 73 431807125
11 42 902300812
16 42 529822115
47 96 594671022
10 74 181003453
95 7 278562439
21 34 16573099
72 99 610580100
20 79 55990471
75 17 479657816
61 31 563094073
33 47 394636098
48 100 765056820
76 22 146935667
51 64 565390740
29 80 503850620
84 86 265189142
47 3 103703655
95 81 7678612
28 14 453476255
34 65 427603926
56 30 621489896
20 36 381472749
71 7 342492794
64 15 753582832
59 68 961253602
70 35 140400699
86 92 445149167
3 4 960079239
29 6 759677466
29 47 390985690
21 14 45743570
44 90 738963259
47 41 668284153
13 42 207009876
16 57 422725776
89 2 402077144
47 10 924938918
15 34 49418748
67 42 564928622
71 48 589236965
2 74 516976635
29 84 171408889
81 1 827849523
24 67 454783303
11 96 384006661
9 90 256620092
11 35 795597942
72 67 208085529
39 14 121567681
82 92 112589849
89 14 594526892
76 38 114248201
62 66 367475703
88 60 801844754
63 1 588707131
37 81 272390667
39 60 170777397
66 94 325775557
84 26 429256037
10 60 820790348
94 90 213083552
7 2 154560311
39 7 349253975
24 92 170485885
52 72 477730135
75 31 341603028
3 55 480332360
66 14 968893213
15 27 206718437
84 63 307777036
82 27 794620885
99 12 36132405
11 71 643330660
76 48 492353143
79 42 797868847
71 45 804810489
7 38 395545732
13 97 757954589
80 44 680646981
84 15 581889537
44 77 481635213
11 34 359829721
78 42 438794334
84 67 369531670
35 34 805441221
84 36 343008078
44 79 628117277
82 30 599601897
18 52 333099315
18 57 196459983
38 100 449149131
33 51 768194236
43 47 971034540
39 100 131076372
37 94 165081674
62 15 695433662
6 30 539227159
73 6 580884320
33 82 392735187
44 34 850657306
37 92 854597938
85 24 251921972
13 25 746272231
62 90 580164520
37 10 48879842
61 8 499678236
44 32 80433009
54 25 594794272
80 92 519792054
78 74 338420291
52 14 378217030
100 14 525226527
28 2 228855465
89 12 969829344
51 31 529026755
82 22 519231377
100 42 80645122
75 69 751438937
76 86 601812619
91 74 224370952
73 12 913803408
11 66 611608038
80 6 844746902
12 19 98645826
99 42 175757712
77 27 798465666
94 84 443453282
80 22 261949009
62 75 632655822
6 69 604644771
64 31 690127822
40 30 742649154
62 33 944940073
43 84 893741970
97 70 871853384
32 41 710884460
67 96 391501455
41 55 23217034
11 81 695673150
37 51 828725510
67 25 869876674
3 19 554256378
66 56 7694692
40 22 372587448
46 32 623233188
67 12 813895087
10 59 858276450
89 96 909651483
84 46 202273250
17 68 474717642
66 30 636985361
54 1 618503639
13 91 35285258
45 48 614140089
59 74 232656524
18 83 254703878
13 55 612882064
2 42 933318716
94 39 676958344
46 22 605473142
37 53 691419120
63 82 815483063
61 51 833199465
28 83 228174288
85 34 245289751
89 59 175881680
89 4 910333967
85 51 658522557
77 82 682031326
47 48 18710860
36 83 923379201
24 16 732021592
73 4 738033464
30 92 648265552
48 27 326110927
10 89 378805805
44 78 612663879
72 68 138418672
46 74 446071432
63 23 137114090
18 9 37614311
93 23 953553875
91 42 443276671
43 35 312790512
13 67 414293918
20 42 695140486
37 15 461982550
66 91 62282312
44 10 910945320
81 32 650322911
60 1 206524611
94 71 175357088
52 74 508477812
56 82 424074149
62 31 144500882
90 57 992393420
67 73 434327385
89 15 352424040
35 55 371990045
58 31 391210058
53 35 764606214
77 42 384177482
80 12 291637974
80 25 613161520
52 83 52846795
72 42 747617040
76 28 276779490
45 4 703795278
43 46 125765330
63 89 405731533
51 69 795345352
99 34 451701873
88 19 970330685
53 41 954716453
37 3 451164925
54 49 146275925
88 35 363757924
61 70 696527735
47 83 556349817
70 68 504959455
71 17 656565163
18 26 444896440
5 96 295702488
96 21 636221267
69 86 578024883
43 59 841291764
63 48 46528479
98 67 503741333
23 15 413378048
9 2 239585236
84 5 265732406
59 7 305863561
90 17 508338125
52 51 6976823
46 9 697374525
44 2 615657066
45 40 717641039
33 14 326694194
89 41 509275181
11 61 207173404
39 99 142551747
36 22 381176641
32 14 80437460
76 55 320944225
97 59 666937440
95 22 827431556
21 42 706115897
72 81 67268761
84 92 164926786
77 40 288630288
11 90 686318387
51 53 30255607
45 75 728675779
10 90 496945857
60 14 118564801
8 24 862837731
93 83 671166923
29 75 907501967
71 10 397096278
95 9 511162991
46 39 793208474
37 46 144850885
44 12 491111237
50 100 600766710
54 28 292329905
80 64 129801476
62 35 600744723
10 96 696584465
97 81 538659929
22 2 138020085
64 17 81392758
99 92 631015350
97 40 114553919
11 1 497334075
85 54 474379683
67 68 735306987
62 77 377445483
56 86 879742652
26 27 527018295
80 42 862361314
4 15 810472413
81 91 21361448
88 8 486564874
75 28 455309794
94 87 631824092
36 99 295036163
37 83 547927072
43 51 354172671
70 38 634429303
89 75 262833292
75 78 472498740
62 89 206554018
76 16 631005724
95 2 218840218
64 38 178618545
20 69 285113662
94 1 456568696
54 23 798419748
33 94 691349577
43 10 201104802
13 60 273037530
99 17 207025420
95 69 71485010
53 65 891587134
52 89 955043883
94 56 110951899
3 8 831555243
12 86 459112022
88 43 178506583
85 26 650322035
85 4 342571249
84 89 7842399
58 27 982269884
68 86 419031970
64 50 739691554
98 53 723378968
16 17 817117185
76 96 262827980
23 17 335180888
59 83 464783569
80 74 647501147
24 60 41375604
20 81 367158231
16 4 875346082
18 77 28837772
60 19 868414634
94 89 318391608
5 40 568040792
63 35 384081172
82 60 294951123
54 17 125876316
85 57 468986798
13 78 619845301
52 53 216688758
89 21 76687889
49 53 152256071
38 2 93111238
49 100 932077098
72 38 75879619
64 78 465424499
94 55 380972921
61 34 986871488
85 87 615887507
44 82 528883105
1 35 327671350
52 90 208923625
78 23 968791956
3 14 785761939
95 73 659352912
48 22 970357934
26 73 364838266
47 5 55126956
7 16 513811727
28 38 884299373
77 4 931039370
2 65 898195448
56 69 965600431
49 40 270141999
84 45 712622749
18 60 86301472
54 27 733397213
20 100 830764832
98 44 938692211
59 100 737125155
26 28 761300576
78 99 231909212
84 58 589032358
61 48 398481478
98 7 694221018
61 21 546854955
65 42 14427142
25 86 527921285
64 83 737474503
18 97 892938787
98 36 408514515
94 96 322897397
94 73 610552275
67 55 629229708
53 69 652610389
100 86 824443456
58 55 275175190
51 48 397655608
24 68 880136363
48 38 250868578
93 67 328631237
97 12 33637982
13 1 946129807
11 84 235971220
66 92 450425546
59 34 654245065
61 73 360585890
66 49 584056551
95 44 987071696
88 29 461577659
54 90 826435787
83 55 90150954
77 15 448833602
3 2 982643811
8 7 578470791
97 17 701474726
66 39 957739975
46 17 30276914
65 27 18513320
49 14 276141462
56 6 154392997
66 69 100094771
89 72 353289905
76 35 23967761
85 45 943487115
43 41 639285701
93 63 237240054
50 65 20236963
94 24 331141043
76 78 207695750
94 75 650157622
72 21 878644793
77 1 369137108
94 34 234136997
18 39 838772519
1 83 527541274
47 38 819822217
95 10 784649171
53 92 949940467
94 31 547361291
98 70 850431456
10 39 866483858
62 80 939468569
29 44 638007575
89 68 398254082
66 96 847684903
5 64 763151821
88 56 335903178
46 31 837702568
37 4 661680088
84 60 507733286
33 15 429917126
90 79 493202247
56 24 430278994
88 75 424269947
34 19 942304356
18 69 795568978
77 14 987891067
32 87 378601516
37 82 36124712
24 41 936451346
88 36 545736006
39 87 291271728
71 41 924849850
76 6 452196286
81 40 707431258
24 36 880606144
81 15 615250026
64 2 873056788
94 63 110160151
76 79 627381687
60 86 730470120
59 69 184045184
94 4 894301428
36 2 374547560
47 68 771915468
29 25 530175582
56 87 616494438
68 1 126770160
62 72 379564015
97 91 69395303
71 42 408348629
40 83 308229554
39 58 997866440
26 91 328881596
95 17 438964666
99 35 313524677
49 26 350841633
24 75 668724224
80 27 465043344
95 93 683747773
72 6 403698133
54 50 667836000
61 23 333599112
98 45 559442649
62 10 210087209
46 81 368259011
21 91 630157730
99 30 616251882
23 38 636994350
5 9 90587433
47 99 177869456
32 42 815494756
36 67 275621150
82 99 801751949
30 87 393930266
48 68 385669254
95 72 103467853
94 25 347517641
11 43 886481620
95 39 297180190
58 79 240371213
81 76 920962012
51 32 571495787
62 84 577223132
50 34 42256970
88 72 347667296
47 69 196172423
90 34 233078980
12 30 582602865
83 87 606257031
67 27 447314089
11 38 58035744
56 96 371261002
67 53 182421598
53 28 416995414
33 10 176523439
51 96 714703688
78 22 40033744
51 17 723042125
3 27 337281127
40 65 655743841
71 28 38105953
48 12 25209629
28 30 241048678
54 32 573411292
81 99 282210191
29 59 84587017
5 8 116499729
51 77 737707866
45 58 311184685
70 57 719708487
64 100 96113399
20 17 244053344
64 91 63073720
80 67 405637226
73 15 740405932
53 4 744121175
1 15 375402982
37 16 425879322
51 72 120672874
40 57 488844142
61 56 142077182
41 65 516715126
3 99 68026172
11 52 684829562
52 32 397641757
51 9 379672857
62 46 806008078
85 15 632507232
96 30 427640898
12 38 311091483
39 82 356646749
57 55 491528639
46 91 768383635
31 74 207365254
83 34 235032922
89 81 179925849
32 57 608642620
49 59 329086973
33 60 961564964
66 63 813180182
66 10 164041377
58 2 126197079
71 12 743138700
2 91 408213235
80 86 278263392
39 21 493959301
67 79 271713340
31 19 929488989
64 23 944028580
51 71 460414989
62 48 979883205
61 12 485980289
44 42 929291642
95 87 654204295
76 25 510138311
1 25 88860475
49 68 463372686
62 22 306144477
63 83 217632010
13 81 179830619
20 60 37790326
11 60 887847438
56 36 622373314
94 36 992288092
4 55 228070422
85 41 870828199
5 21 686324942
45 24 301068292
46 93 310874604
33 77 900767455
38 87 10757833
95 46 398492789
95 89 497103199
3 50 150325048
18 16 958416098
21 60 619658208
29 4 852182461
54 92 666101000
98 63 754209666
32 91 658527884
5 91 123903562
26 90 163720109
62 83 482123765
66 71 217863707
59 87 312039552
49 57 741695679
37 20 947024688
11 83 673194129
18 10 858092931
68 92 963991851
95 74 940904039
88 86 284093916
33 45 717043842
63 78 214454882
32 30 229334888
52 65 542672109
77 74 776648874
11 20 249783326
64 41 725090655
70 55 776709418
58 82 877328710
30 2 206735939
18 28 461777544
10 100 26812678
29 68 263997944
13 79 800080149
50 32 455169806
8 35 637164210
28 92 59311541
84 74 6404163
8 42 438546963
24 27 49045608
72 41 819222681
44 73 221905788
23 79 140518437
57 30 161918570
61 49 781472098
63 28 966538675
20 96 789131769
26 53 849348991
54 81 997126673
16 38 937032942
82 55 981858444
37 47 445183949
61 54 590357519
47 21 399329032
31 57 287603241
49 48 637252049
50 90 608128263
10 57 367854344
59 32 462724240
81 83 465967933
6 14 115321305
85 84 455195147
66 19 143417984
95 42 627007921
35 2 322074761
11 58 406996633
18 87 574483293
11 73 528966888
62 24 869967336
94 42 79514228
53 91 53811730
42 27 970228190
73 68 989949271
39 48 725018533
100 65 893348042
57 14 213848761
12 27 25878173
5 22 352749939
97 69 524016132
10 91 246511347
82 12 815583788
50 23 215814803
26 63 922354148
32 1 2461151
49 28 924955669
11 9 48158025
68 87 712425963
26 39 155185472
17 1 163436856
26 31 189839754
66 81 427308781
54 9 964306503
47 78 389231181
45 76 861484763
51 25 337156025
22 25 816829066
70 30 693405914
7 22 384369461
5 82 975210568
61 79 745061404
20 70 327336192
38 42 899401164
10 32 547556623
32 19 204358180
45 50 5790241
79 83 441537061
45 31 825778446
85 63 278170778
60 17 678468215
66 15 450682997
95 18 160866803
64 48 777463665
56 25 221645624
82 96 151147283
63 59 810646070
37 23 499904067
26 57 186024909
7 78 757598384
22 17 390618442
67 87 165420132
11 88 536316636
78 87 373939336
97 68 670022031
37 12 457237601
95 59 961203395
98 18 590232252
64 82 849197945
33 38 733366598
93 55 905718958
56 73 933505889
59 2 224937896
66 16 604066401
8 48 971949634
81 69 443356976
70 1 535147597
58 28 22064676
67 9 461860019
43 34 407876555
62 20 961135248
35 42 930930553
29 60 373174798
62 30 708574915
68 65 816673946
10 12 251885781
98 71 5217956
32 27 970048542
24 69 903504636
8 28 419836594
41 22 706091159
89 34 694343719
31 34 537190177
23 60 335644830
46 48 839764325
88 26 508451083
88 44 589639571
4 100 469412936
49 77 425070072
43 97 820027300
33 16 478110216
40 100 412075810
8 74 31699218
89 32 156950860
29 63 66898853
18 100 919590775
80 63 439940729
1 86 752860708
50 14 799932525
59 73 29128686
93 65 808917091
48 83 728828089
81 35 511966918
52 38 184062727
60 27 308349475
56 41 126910570
5 81 446313205
76 57 591600571
21 35 144323409
44 48 715152774
47 53 73189478
93 73 172247245
57 4 391090695
62 25 394204817
26 86 14363120
26 96 983522509
9 78 729464869
51 12 200519302
47 49 296943505
80 91 327746726
39 35 441216531
39 16 227696961
63 2 602893149
80 58 686804460
44 57 953507640
50 31 646235247
88 48 834192526
26 35 440499943
75 30 657131994
56 49 199929991
29 22 371609954
47 82 201219755
98 29 57716573
66 52 230700295
98 14 897788518
3 7 28182159
29 54 386472189
64 30 601652784
58 99 940202401
49 24 505918414
78 41 120265651
54 76 510433027
63 4 525128211
60 65 441953426
56 23 326344248
72 32 566084979
47 73 554551954
89 30 227885184
73 55 633665650
97 19 611561705
20 65 998574944
24 28 425531366
75 60 372593796
20 15 732571687
11 12 316586020
49 60 892463677
37 96 588564567
44 7 212972946
34 69 825913602
26 16 541843868
61 71 350736134
49 38 686643790
26 75 236111718
11 41 571237978
74 14 410617943
46 3 450618242
82 100 679378533
43 40 715384106
62 93 553317916
84 82 855424660
31 87 569114556
47 23 697200761
40 27 635132747
77 83 864252098
1 87 325619128
18 71 834774505
50 8 268638535
70 25 797190310
43 77 101267347
95 32 419070546
33 73 630295252
59 14 105426173
41 42 14629748
44 50 740367992
89 23 330367977
62 88 172712766
51 87 683109781
64 39 602782615
89 78 57101343
50 99 529354587
49 10 184506833
51 15 5310614
8 36 664448943
89 69 906139183
49 83 933816868
94 81 196560217
97 48 403308984
46 35 890331617
49 12 852983065
52 1 367135468
46 100 537860742
95 84 958988503
11 85 44055119
80 8 171585905
40 69 718400258
26 17 646846660
49 4 76380052
59 38 101065312
52 92 715223593
2 87 499769862
13 17 282332367
84 19 234141107
9 38 208066251
18 41 166503342
17 69 154824422
18 92 57000084
33 39 94683995
32 40 757553708
61 77 940566627
50 7 292852793
58 83 713517437
30 83 213127393
98 80 393095139
76 67 885495568
52 26 192127733
68 69 179349123
61 81 511551837
99 2 820823214
98 84 407361518
63 42 893846765
95 13 218406558
88 38 710621447
59 20 783407247
50 9 720182431
54 5 46961331
80 7 942963042
80 38 225067169
45 20 50820367
64 63 938000546
13 56 921051528
51 59 198455637
47 17 431113556
36 68 215186256
76 90 244639347
80 14 125198473
88 73 689082010
98 56 642616860
98 89 46165399
44 59 478590775
70 9 671935381
8 25 910093710
3 67 975210644
28 60 701961416
22 38 148485236
84 51 932880435
49 2 916610077
54 91 287211949
98 93 988220286
70 8 136030702
29 86 50345389
3 10 902748710
71 63 381956924
62 94 323080067
33 92 226516020
77 50 985031189
80 31 415477481
32 74 424239263
16 79 327165183
13 51 773303276
62 5 419128302
44 45 679351565
62 41 489984926
90 74 128143138
96 60 823702195
8 87 548773977
57 91 659680670
80 81 505132077
13 84 378711182
59 81 756535634
64 32 848680091
9 91 650296451
18 1 643039490
39 28 937624862
88 76 695372405
61 91 196061001
46 24 314331776
77 25 416210347
93 15 528943107
94 49 98543073
10 67 745577188
11 79 25773750
67 83 502571067
35 100 188328417
93 25 907933829
17 91 76615471
29 36 80660981
67 1 591604737
74 86 123301706
28 22 180515845
59 6 252477196
20 25 541412665
26 10 787814214
78 25 304461971
37 14 392827195
50 96 669820955
79 91 365465301
5 17 824102436
39 86 719397831
24 15 888026051
68 55 171884391
91 92 525190820
37 74 780287142
58 4 765800561
35 92 291667509
53 68 223704512
53 96 402295280
43 36 850874937
62 40 862165117
70 69 393510578
36 60 210931940
13 53 330442597
100 69 504878877
3 65 648629020
73 78 147352003
95 53 41662942
93 3 267177851
90 41 76560926
80 70 820193796
84 76 795849516
22 100 73865614
82 83 593031591
46 89 995108078
89 7 701692271
94 100 297322462
84 75 436374374
58 96 742141177
81 86 348562564
35 65 62531660
47 55 809171969
8 41 944049691
93 6 512162886
66 100 444534327
15 19 885900270
53 74 323414301
85 96 806170155
20 78 833735236
71 93 632139840
1 65 497627248
64 19 600639558
71 34 100225665
92 14 872573804
40 9 647655270
77 8 419635316
99 100 695580928
43 27 603156361
4 69 67259766
2 69 930069731
11 76 155733026
64 21 170868500
3 20 27706035
46 52 553590882
89 70 21252148
56 75 999101127
80 72 896091979
98 49 189226609
47 18 88507497
90 53 663528791
54 93 960427924
77 12 274175540
24 23 142264120
81 34 645497406
24 22 20935145
61 2 460065654
56 15 481149818
29 10 521972225
11 24 671385394
5 35 996569981
26 38 752762419
11 97 633076941
40 42 878209813
80 19 727797296
58 53 811787060
32 48 996110378
20 4 162203325
5 31 789152444
85 14 115196905
64 14 598824562
45 15 361604240
11 75 743224217
96 4 723686650
54 22 281197903
53 60 226112093
77 22 451062069
44 56 191698785
88 99 675278412
54 82 888546782
71 39 834652468
29 40 820577292
29 48 393750521
78 2 72141116
66 23 467248166
43 1 781460284
79 30 749221788
54 24 772197415
53 30 122663408
45 36 656777894
96 22 138540659
93 87 545831112
21 22 415277307
15 83 586522880
41 57 49344957
51 57 313534696
58 86 236597204
60 68 283435474
13 65 304885140
33 9 978804737
95 54 544368889
71 9 662778356
50 57 178349711
28 19 965097691
97 28 587324983
24 73 683578734
44 24 230697750
67 35 969212479
3 34 465819563
48 34 254307667
32 12 509866031
5 76 682501281
45 92 282590824
62 69 314765565
12 83 410683120
52 99 278086065
11 94 478861399
83 74 137734643
98 19 436848098
51 8 136963170
59 40 981983780
28 25 812601319
23 74 289563804
44 40 619612110
38 74 509388146
71 68 62588409
80 96 773241018
73 1 848602955
43 44 83391773
25 19 360156737
88 63 90873697
61 38 277998540
84 87 425573427
56 67 696630256
32 75 648359115
26 74 111613152
6 87 750070114
29 51 219426022
48 2 738066514
12 87 11674824
20 28 126502932
81 9 308722523
62 21 856111931
32 60 386377444
7 86 987439741
26 25 947251383
19 14 381173147
37 55 369564914
10 6 910570570
75 7 746296471
88 12 465826925
29 100 921253902
80 26 207836736
85 58 58998029
97 100 734019602
29 45 326800229
6 19 406492126
73 16 951431198
81 2 603524827
10 17 378039294
5 63 596989528
32 67 515466422
47 75 417634758
44 72 581212428
81 67 53484598
18 82 683219107
5 20 986571809
90 4 599173878
13 57 661027017
88 41 319957776
7 17 12528665
78 35 349983726
41 91 594783268
95 67 114172375
71 2 585367767
80 24 588762500
38 17 247250870
11 80 512238405
60 69 34876985
56 45 851392408
51 83 947354297
99 69 996401828
67 16 70346868
64 79 822850610
100 27 952290294
33 25 678996858
18 3 343018243
93 90 712786682
37 79 738561600
71 99 913398959
98 43 118736154
63 74 36860277
31 14 447508896
94 53 668987539
28 86 771265893
26 100 573750431
33 12 695236613
66 83 715765317
88 67 489907098
24 82 286390369
93 30 478226843
73 23 428503467
69 27 587886627
28 42 515522512
84 2 34070540
77 19 466900854
24 74 308267226
5 41 155659430
9 1 462073406
4 14 292256646
52 63 670498534
9 27 754122797
94 86 336600363
5 87 357997683
80 60 698910540
52 78 366896937
10 53 905424
74 65 143862201
13 83 389642595
11 13 246549437
32 65 439368295
39 40 593330296
6 57 858416882
97 90 642912732
84 8 884726653
31 4 228360353
40 1 577120853
43 57 713901218
3 21 334375007
16 99 497351746
40 19 180927647
84 16 191386701
50 25 383912967
37 24 26015134
76 82 973534126
24 96 937533780
84 97 410007299
62 58 22991194
61 32 481735562
89 28 166224955
72 1 650035889
97 55 961414451
82 68 585613755
58 15 7665706
82 36 125965304
18 78 882461309
26 67 366306141
47 91 206811351
97 3 272877397
28 4 323739231
7 53 283779833
38 35 506927662
80 50 267358077
98 82 323197395
90 12 690460772
93 50 23786408
58 6 217309509
16 6 534624929
85 3 263709951
36 25 843730804
31 69 171925025
41 74 462518538
18 76 400394215
89 27 111115347
45 1 142174805
64 76 654005153
64 8 539144647
62 98 12794884
18 14 122510451
94 16 126363150
33 28 180141493
49 9 849074141
50 67 837768949
29 28 483006790
91 86 508247388
38 34 799417529
43 53 419064890
37 78 15716504
43 42 888055174
73 2 2563621
24 2 647339202
50 1 60054719
99 41 943823623
46 90 993794809
50 2 535936660
79 34 823403430
95 14 658050057
100 87 934377152
18 20 760430793
16 48 227204394
84 22 677025624
57 19 809402250
99 55 27083932
33 68 933283490
26 87 44226115
36 38 478395118
94 58 554090775
33 100 685697277
62 67 357909441
57 42 545003289
10 38 980556800
10 21 878415900
64 59 45098618
13 8 62551211
51 63 680180518
62 27 105853663
73 100 610536977
95 80 127452613
5 89 984514912
98 90 593874458
48 79 449950871
39 78 823605645
71 26 514459081
81 38 577356364
18 93 204526197
23 12 692803391
56 34 524450867
9 99 423760644
29 69 822098317
29 49 260606031
51 75 780783995
28 74 888389244
56 76 263098292
36 21 758104844
63 32 219654869
93 36 564813231
53 21 93512871
43 79 67768452
57 86 912840304
16 15 1342331
75 22 155150562
26 32 604976612
40 41 222790507
61 68 960628783
84 70 121845032
58 90 209749790
9 19 613631384
50 20 557826388
26 48 924426706
25 34 927659375
49 75 580073390
98 52 67185826
97 65 654937485
72 35 990723401
96 68 936230677
58 34 689014847
33 1 183367483
66 47 722975861
59 99 212756047
66 54 327750853
79 55 817161650
21 74 766684414
5 75 873421263
77 87 134131646
13 23 198387733
77 55 972608176
77 32 813604833
84 42 850680851
1 34 282674763
67 57 718253940
29 3 391948257
97 67 464138736
89 90 235350257
49 45 428170882
79 74 549901968
84 57 241234478
52 87 717558612
84 30 630111096
33 95 277210131
43 78 254742163
97 58 540781529
3 35 472028619
81 31 901661371
63 73 467652228
9 12 833403843
85 67 68664215
66 75 536740523
79 38 831275164
37 29 733439670
46 41 302387584
33 83 125101433
29 1 452457587
47 92 138397984
98 21 298557261
37 21 602900607
54 75 476180365
41 100 907865351
8 31 897293722
43 6 531075297
44 99 551630109
73 38 962181751
46 15 800107924
60 92 106159235
43 13 659463651
11 40 483037963
57 1 811597101
58 9 267404317
63 27 564999018
48 15 989055989
40 25 73036826
78 91 497249928
93 22 470061114
16 78 37213413
29 56 557814142
89 19 643447800
21 100 764135549
76 9 429296582
26 42 36936797
80 73 194855025
60 35 938016304
54 21 202332912
18 32 670526726
93 35 755832596
50 79 210674772
77 20 905501487
78 65 52121630
30 68 684737711
90 83 616199536
72 55 893336293
54 55 888584016
11 54 771073410
45 30 446715066
43 92 205926927
9 6 752475595
54 99 580078963
48 30 1157576
39 68 216290426
49 58 448044812
1 100 350978093
76 91 524583139
62 97 672424811
32 28 93925643
80 69 948148016
49 99 959535599
85 100 926891149
37 57 972032368
47 8 723968748
39 34 263716360
38 69 22010363
79 2 962591281
63 41 939493619
36 16 729599397
39 15 627489618
38 25 967281560
45 82 481134197
33 67 357125066
8 76 836620047
40 96 296686543
36 9 642434302
47 79 461305750
72 12 563648262
58 73 629103430
78 60 719379136
89 31 500618577
32 16 266577819
97 99 439539535
81 70 467116357
64 35 79397231
45 3 291096324
43 14 611963667
9 16 309032534
72 20 348641469
10 69 318547575
18 2 63969393
44 63 404993186
69 74 766981060
32 4 147989864
52 2 339778411
59 92 543761278
51 58 49252012
46 53 718860508
80 36 331957507
75 73 477856783
62 60 421267982
49 6 976056793
46 76 337920950
72 2 545462633
70 42 813058400
41 86 994346023
49 89 239697188
45 70 742853378
24 57 92797544
56 10 748518782
66 32 22457163
61 75 870862612
33 72 786763998
33 57 43832447
75 53 943817760
4 74 407240883
6 23 440670432
13 77 277063358
11 7 426943429
63 9 60557746
24 53 528408556
52 16 63165006
90 1 490471873
3 59 283514414
61 100 776818971
8 57 18985916
17 55 11599829
63 67 321492173
45 9 513961957
9 30 656739304
53 25 719115076
81 78 385007764
10 28 202166719
18 68 430003477
33 53 133174248
97 72 85277441
11 47 133660470
3 12 730628732
26 81 491647505
16 14 682693675
61 90 442729370
89 91 117340134
5 6 681422573
44 86 342949544
72 58 625462387
93 69 531728326
75 4 350310383
57 60 526139784
33 64 296309208
80 17 257670358
62 87 438843488
13 68 326640583
13 96 772959399
66 3 140007770
71 91 192622232
23 14 466085837
43 75 157838774
20 12 678796558
66 70 549328916
54 41 981230164
3 86 894704711
32 8 646509480
55 65 127042678
45 25 388888208
91 34 158364192
85 90 856285011
72 90 725842463
45 87 794490708
11 65 989957453
33 96 810444155
80 71 55935355
62 68 970829018
8 86 565918904
98 3 472382993
23 25 66438016
70 6 862292131
85 18 894853128
10 58 474668433
71 67 846550990
30 4 416585824
93 26 897748364
61 52 842136128
71 78 770191507
81 60 384394740
61 99 606546350
11 26 627976604
3 23 489995331
88 92 768242818
36 53 560038830
24 6 143143254
57 74 79946245
56 7 959202
94 23 901199020
46 87 515064165
90 69 259465358
86 14 420884736
56 40 210117300
39 32 360677551
24 91 484348948
33 48 893980039
93 99 858137566
52 75 794073369
99 79 329175844
80 97 500322103
13 59 979270302
50 58 359791263
41 35 852003529
81 65 506707431
28 100 996718061
46 7 658011510
72 27 115885520
58 24 295560295
90 86 617025732
43 22 897510600
59 39 596613156
38 14 602841552
11 48 715089314
66 53 971740410
56 52 349630928
11 4 343110002
43 18 107352506
32 24 76924976
3 76 820606978
10 83 472979098
48 60 107709220
57 65 287389113
26 92 818054490
95 52 848431643
58 67 187469999
47 4 494210057
5 55 400255065
61 16 110043637
89 57 807288761
85 1 103100329
68 2 904277604
61 85 960826531
18 19 579061364
95 24 793731410
79 86 946376056
36 7 753632809
2 25 675060672
80 83 763195195
33 52 656066686
50 24 974846329
89 36 684326949
85 7 76948479
57 25 264208449
59 24 153913583
95 1 982573041
20 31 826439669
49 50 201344219
98 16 324378867
7 87 199191065
83 19 34881154
10 7 29555643
9 57 651609760
72 87 950355830
23 35 333293029
81 92 123028793
80 3 703623281
61 96 87237304
10 2 791154984
75 2 331815622
97 45 968571788
80 35 247346663
8 75 831006925
68 19 645748950
82 21 397215482
13 39 362068455
8 27 451184778
33 78 885900462
29 76 258627926
16 2 316591998
98 73 38861225
91 87 32491822
66 60 512304818
93 64 861580579
84 41 917933534
70 83 775433091
62 99 245332771
1 42 577322369
96 35 249611844
58 75 982354633
58 19 243720158
98 65 148177561
15 74 248953934
74 27 893779027
85 79 478562675
19 92 347878352
61 58 213222049
29 7 935489649
6 91 372724676
84 14 795349307
63 16 322197585
54 68 920672864
85 47 115943537
44 74 386743871
72 86 513941193
50 91 511781157
11 45 535670636
82 4 729853956
20 82 735657762
10 19 928075827
44 89 779948259
46 10 318992407
80 100 175893799
68 74 350111443
40 34 34660917
11 93 343447934
59 4 237295241
71 38 628133801
54 63 824257321
47 46 644223096
88 39 307040548
44 81 21892427
45 8 841044563
72 24 691987316
28 87 847916123
85 68 228331748
64 7 757590518
3 1 552992767
57 15 677078819
37 52 551819237
62 1 208153816
70 74 849722233
13 27 856301908
66 27 498569299
98 13 199272459
71 57 727632014
68 91 439730878
10 36 261765298
2 100 168564487
36 30 847988924
32 92 541373735
36 42 540512953
11 29 9142156
18 86 497660793
52 79 803427701
73 96 974686860
45 57 959088824
54 58 57385419
63 79 125974639
1 74 879669045
62 53 905172781
18 56 65360949
12 91 72286869
95 6 153799745
62 32 908744379
2 19 178839090
43 69 738755586
95 78 920455450
20 86 112808455
39 76 610060661
11 3 870322325
29 94 638756044
38 55 974010735
70 82 211879110
70 65 837252533
29 17 868356907
28 27 289215405
51 65 25864816
54 53 185265070
26 83 885470264
39 22 662777102
64 73 626541103
77 100 890526250
45 22 858502418
51 22 618623239
64 36 536959938
39 90 403506952
47 74 614143047
38 15 674194946
88 46 115114495
16 23 512337502
98 81 623123008
96 86 478724081
83 25 835125491
47 59 249373890
59 42 606299049
62 12 699362709
44 6 556482044
43 9 542279627
77 99 2427194
80 28 77440426
33 41 206654187
67 22 824054327
72 9 332741367
85 83 867717899
18 96 597991822
77 17 210632187
10 76 38115213
6 35 752751177
8 79 145733432
95 5 323073209
61 89 994218956
23 92 143011730
52 4 919262775
20 24 371599149
49 70 530820907
62 2 827073663
50 41 287130693
66 87 301261189
63 14 426881971
54 39 297445643
61 66 20740651
93 8 90437027
88 90 443605848
17 15 879480303
75 100 504491348
95 16 431719803
10 1 742926376
49 82 628386886
36 78 527299638
26 2 167162371
56 21 603970861
67 60 38344511
2 55 183045288
84 100 514641165
77 65 904925760
49 86 913969298
72 69 779034363
12 15 348570725
90 7 493102620
13 28 361681862
94 99 132895296
58 16 300644770
48 92 81520201
50 30 69418252
9 79 21386888
44 84 474543089
44 28 439381083
37 43 895204278
64 75 508218952
4 65 710264287
95 35 100254270
9 69 111365802
85 95 27398680
18 72 921160998
37 86 67641109
98 86 922732781
80 59 554735346
3 79 211360259
7 6 923386765
78 4 551482556
40 6 6809969
26 7 988464137
13 31 79627483
37 65 178890335
94 82 790216770
97 53 458029944
66 46 791394434
84 52 41973911
98 6 127634220
39 53 402489022
75 55 632240079
85 8 171316580
63 34 953875695
79 22 236153258
88 83 141719816
94 72 751936421
43 82 438907406
63 69 329368969
95 26 469905419
48 4 645567245
63 76 185721303
50 53 312480588
99 25 77317652
40 55 231177708
85 31 472022710
43 63 732716882
64 92 280478879
82 57 504805901
98 51 280216324
26 59 545531288
44 46 30067474
90 60 13887605
82 38 253159735
85 75 209595632
75 41 209523992
23 27 413358071
51 36 34903125
11 19 917552233
37 17 509275303
37 72 953952200
38 92 480407572
63 25 80310156
11 36 869419448
79 68 301188661
12 34 955473790
63 38 614384190
66 43 8257112
12 69 632342149
80 65 714438473
32 21 263887822
6 42 512410238
44 75 983300830
4 91 456645814
41 1 136910870
18 70 89210784
89 16 408638715
80 34 948490968
58 78 318871742
64 9 749387115
7 1 413726987
51 3 929468644
96 92 323637094
58 17 315313294
43 65 750448759
45 91 793803892
44 69 77272029
46 70 633385856
99 14 247255122
50 15 692634262
64 4 655246856
53 23 928101254
46 75 236099317
10 87 657194177
98 96 87957551
28 35 93131438
52 9 632792646
82 90 124705341
98 37 180223290
89 42 207834184
93 9 886035652
29 82 768078649
71 59 209530922
70 48 839044967
51 86 151277878
62 8 538689493
16 30 151441723
97 89 772321933
24 90 747700553
77 78 152945257
50 70 543278198
89 9 327675918
6 74 514169425
13 9 660164808
46 78 936408106
49 69 379008110
95 90 605218303
73 65 307650870
6 86 242140854
47 67 301067660
33 22 248197560
24 7 239931374
94 46 977521285
56 84 364934704
3 92 398961458
3 64 525742077
29 87 855660599
89 50 121750003
35 74 472358706
71 54 94460500
75 92 278681164
90 15 980379838
21 17 116710183
95 94 181358921
94 20 685259103
60 83 551370237
89 60 27078973
66 72 362050057
56 12 218480843
62 86 609261925
94 65 315754195
75 34 392995624
66 36 939173140
85 97 577636530
54 14 720370026
39 30 128046841
94 64 689744291
46 12 232768388
33 32 187836480
59 25 283295224
24 48 783547195
11 5 95735763
73 30 935200898
51 2 683949450
56 16 545436919
37 54 91080116
85 56 103513119
16 25 295286857
95 25 812904842
66 41 363724469
18 54 574152
64 68 928175269
64 87 570599859
51 7 918313467
98 83 166654698
49 1 292062442
10 82 539099635
26 6 141086403
29 13 789888482
43 32 901466240
90 78 649435508
5 73 905098893
12 41 615464986
26 76 619940899
29 89 544483390
12 2 124887603
36 19 339267572
31 83 429340527
5 100 233457239
34 86 142089121
21 69 935086497
85 69 893008749
53 6 797230084
9 28 355827139
71 53 719590578
50 73 784657219
28 15 551791937
51 45 950307885
93 27 265176967
44 31 500760687
13 4 421282895
22 1 261509912
11 17 47090461
22 27 834273541
88 78 727195981
2 27 676426784
53 100 440216403
31 42 321058231
13 63 700054644
70 96 244902982
12 74 589964473
97 22 348318622
95 75 608249104
41 38 980906503
72 25 127138511
33 79 929797336
51 19 222835691
98 40 447309357
54 42 959910194
85 94 305468466
29 8 524791326
92 27 915781417
80 93 334902519
10 99 712447131
17 35 95187130
84 91 247189723
37 41 935404781
84 6 323173030
46 14 66798287
66 65 432086050
96 38 983999062
41 87 793848577
24 79 188227869
29 27 770447402
18 67 707399675
13 87 989404273
67 23 807841585
94 78 777059782
39 8 29515589
98 100 275068419
27 14 305328687
47 71 984081040
44 4 147286629
45 21 421090321
61 93 867949655
31 2 662564452
20 39 992880971
95 19 636050213
47 84 495284393
56 79 802553711
84 4 444268986
64 99 884077235
29 18 911351082
30 60 263048437
32 7 671564409
94 59 551386046
88 15 655509680
29 52 272456158
45 26 577698390
18 5 936791191
48 74 318863276
82 73 34184865
8 96 930844942
44 49 129917993
10 79 693213289
26 19 806928409
18 38 815101404
70 31 731843680
70 28 295793194
18 35 912307722
49 30 600926931
93 53 408795520
49 34 426838914
37 32 739517866
52 3 937893612
34 42 786525694
51 20 825052940
56 81 250835145
33 34 181084555
8 65 125429882
63 10 691294208
75 27 963161518
21 30 282526940
59 57 658381060
22 14 217107873
5 16 136467225
85 64 345244760
22 91 889525546
51 70 477044025
80 49 11814774
7 100 766961417
26 79 66766562
96 87 124187979
100 92 200145585
61 83 619626178
66 20 246595813
4 17 245341125
94 5 303946120
52 50 976990962
3 16 333753339
78 55 439867311
33 85 143328341
40 17 437885765
26 78 780186242
58 21 663076883
52 86 35575737
99 19 774789101
51 92 798705745
11 55 55893608
82 69 602383023
95 77 979690059
41 14 817793331
73 74 705767312
84 20 897014505
95 55 904992827
45 68 378220660
47 45 417033647
70 53 537827124
44 23 254996053
52 27 192967641
59 58 870286689
9 55 475542389
99 87 876181778
76 68 765598570
5 67 785862562
54 87 811550573
20 1 258764266
85 21 420148977
81 19 231601341
4 27 569275497
4 87 203254809
52 24 802668240
77 81 987506406
13 73 657892481
46 1 618078028
25 65 10047500
29 72 197991267
85 74 337396646
97 76 6564324
10 25 277745197
11 50 176286245
97 30 194044531
37 18 764936171
29 58 655143169
52 40 886582379
37 39 798611130
18 81 601758277
16 19 276761994
85 78 85620926
94 8 274786852
11 91 881804760
88 50 253122024
95 58 484391345
15 91 788573639
98 92 273114862
95 34 98582657
24 76 230648673
61 27 476441179
5 30 784250290
29 31 240238898
94 14 124876370
8 21 780411767
61 55 284120061
1 2 231201784
44 39 745396358
70 99 892486881
61 59 167817232
98 2 551943546
44 93 14358308
20 32 988942779
75 74 173558110
8 100 353475190
88 74 88716686
44 1 324925588
18 46 819282112
98 33 804585444
90 38 383949059
97 26 44282951
73 27 212385850
46 73 820339094
20 16 287945776
33 5 472337665
61 84 163712158
63 86 142856021
47 56 398273189
80 78 865615200
98 68 129716305
39 67 122775519
93 38 81113963
68 42 467843680
9 83 320348835
44 14 793863404
12 4 127142555
70 75 759331308
48 19 61746332
28 23 713912782
94 54 536787659
3 69 407000306
56 71 655786605
62 19 931052843
84 55 294116159
47 65 213159611
51 76 681261294
29 23 539108772
9 100 479834070
53 12 621257613
97 93 207917520
11 74 458329381
33 4 842285959
29 90 223517764
44 60 438492624
97 57 652274810
67 86 272061015
62 38 522440126
37 28 387665301
91 14 74259336
84 10 377825596
57 100 61810613
61 63 649149992
82 53 17904322
71 19 683645465
25 42 935962305
64 20 839893073
47 19 556330596
11 39 60663760
97 31 135234657
19 27 466057073
39 96 11264517
70 86 89768882
46 28 657465205
64 86 528472750
63 87 333552955
49 20 299313385
6 31 170002818
18 31 720853454
85 82 834519919
23 34 93295556
62 85 363442504
33 3 584257040
16 35 666552911
29 19 346160812
54 15 71302755
80 45 958036375
79 69 766081701
93 96 138310612
16 21 37004607
31 25 648990191
20 67 617092428
13 6 85134987
80 56 499936074
3 96 545027544
85 35 461532548
88 54 131373186
49 39 574092092
3 91 750677256
44 41 158986584
33 74 788145407
90 31 147339780
75 1 701420292
66 35 908812398
99 91 460575048
45 100 805452140
97 73 191900622
26 65 480708613
45 79 92812500
73 48 613947416
3 41 343893960
96 15 494771220
84 9 931293632
62 45 533022506
10 20 785202349
66 68 344046475
52 64 322944345
33 59 845066441
31 92 649415747
66 1 765166690
94 19 948802650
37 69 841796300
43 64 875222998
78 96 585932613
62 6 46686339
21 92 279226543
71 76 676643677
37 80 809193277
