100 4947 16
2 2 2 4 4 6 6 6 8 9 11 11 13 13 14 14 14 15 15 16 17 17 18 18 18 18 18 18 19 19 20 21 22 23 24 24 24 24 24 25 25 25 25 25 28 29 30 30 30 30 39 92 207 226 393 462 500 538 559 599 632 635 670 734 777 800 10287 10337 12599 14631 17992 19955 21809 26614 30046 167557 190282 544921 569856 786193 7389987 20806385 30380819 55769414 90675409 172819698 189834055 264759667 280703662 323730918 461665897 511174664 605314304 624262993 628055427 834881755 917834277 969914632 972914549
83 100 401481765
6 40 92430353
86 47 397790706
19 90 207412881
6 95 576545761
32 69 544757586
12 34 862153827
75 28 462419630
94 32 447717258
37 32 336606620
53 4 722446375
59 8 707529961
45 9 808771069
1 58 949323657
4 40 774476015
76 100 588898670
75 12 967231336
9 62 716602450
43 71 984986984
80 98 845217384
89 77 73779693
24 76 682548759
14 92 196226735
28 10 350875128
86 14 896025118
63 67 797472366
53 19 608895432
87 9 952923723
7 99 894325109
76 25 415348704
89 88 272473289
94 88 811186856
34 15 421762838
26 96 67993893
31 62 510404308
37 85 257343583
20 92 805729187
3 89 468188417
84 100 452060826
78 77 538702260
83 48 269301669
19 94 784626670
79 35 801280099
19 52 619060150
60 20 684103533
19 88 652375777
39 56 611974656
39 65 259542395
8 12 498151653
14 91 522846918
40 33 726210759
74 95 281383863
60 92 247195677
27 77 134160114
5 66 145919677
81 24 128012572
71 51 964975018
84 67 129464921
16 32 869836481
44 15 691871372
79 3 495527094
1 67 343824768
73 94 323240875
29 72 828660508
35 76 142124517
86 98 122769217
37 28 83268092
47 40 458717759
75 20 485742808
40 56 752624244
20 55 307873395
60 64 31455748
80 100 539439217
29 24 846297424
29 30 538809818
24 7 241282773
6 34 157622074
84 6 462802281
84 94 676176692
44 18 753071584
26 18 100726752
70 58 439042553
75 72 371390893
59 20 518707395
53 24 884848608
80 43 217178891
81 68 608119272
1 45 722966013
8 30 304394085
32 90 232583638
69 66 939963542
34 33 182288729
31 65 11136903
33 88 60866556
24 100 852980313
63 81 581877157
37 54 338516250
93 91 639696208
70 43 608236397
38 90 587939644
57 62 185039230
27 28 486932011
85 31 549411374
60 4 686847272
16 61 736045907
42 88 91757919
49 41 851990196
67 25 762770716
84 88 652943723
53 78 384745458
5 55 261551945
68 22 634306648
55 31 158706888
60 83 438892207
75 66 495288301
67 33 483000364
80 9 78219173
64 51 321230253
91 48 989713254
81 19 62755871
68 77 697251609
98 22 986215283
34 88 638503183
86 65 985519718
24 28 495904291
26 55 363751714
95 56 731720521
5 47 268745042
55 52 175707696
83 32 25494261
87 68 503834576
1 39 946536110
56 58 884223086
45 97 861464715
14 41 776511030
83 68 936142984
81 66 938490566
69 31 934788877
28 90 407454245
61 31 127107821
1 28 514353488
77 56 507821194
57 9 917194867
49 90 921897829
19 15 747067205
20 40 646308587
43 39 354721402
73 68 298656622
1 9 745366108
20 72 838580936
86 55 291075218
43 45 94514980
53 94 132156328
6 7 175994473
3 23 338264943
53 60 303060713
98 19 737950573
12 62 333243865
76 72 188954172
93 55 675767693
14 40 639396915
60 44 79356207
50 44 550517410
87 52 285192744
45 67 799153207
33 62 771590157
79 27 750622660
3 76 691798174
16 59 387994625
31 99 268495011
74 24 776313190
60 33 787595442
61 40 148628708
84 96 148895112
84 44 652489666
63 64 104912420
94 11 759316527
83 2 643287678
6 11 345599352
5 11 967125370
74 96 991124850
78 92 548358933
95 99 715518331
97 31 736567632
79 78 523117069
76 36 339274799
35 48 559050478
73 10 732783434
35 97 586213355
84 85 651566683
73 93 830174498
85 62 998230305
86 13 760310231
75 23 788355572
33 2 586464185
32 15 102557760
63 47 267278514
93 83 403726352
49 27 362607978
11 89 527769469
9 99 155375940
50 61 558211596
81 28 247672893
87 22 450021502
56 62 484529461
3 39 547835972
84 66 426793772
78 91 439875812
7 31 972117200
59 17 273325185
17 38 451675060
57 44 133169062
76 39 165352284
98 28 849523665
73 52 379097032
45 15 908586993
73 78 280778434
99 44 442466159
32 91 199135786
24 10 494977893
97 55 855021698
49 20 952146362
61 21 801606142
38 65 340124218
87 40 428967030
86 24 33262237
94 31 98576965
51 21 274984994
73 35 831195947
68 62 142920588
81 57 280716266
78 51 904900124
25 51 741931928
75 36 12138280
30 68 255367975
81 90 415831631
81 40 843379499
7 89 410500263
93 7 327776852
47 90 644491899
45 66 864847950
92 15 753871920
24 83 173618089
37 42 590891567
37 64 44775218
19 20 207549010
76 68 429412064
25 22 460498963
49 60 486921757
75 76 953426674
69 2 319191671
5 36 31224442
9 58 265030521
53 71 196259516
7 40 120465213
3 61 417551747
100 12 515947586
16 55 720970980
80 15 706935548
52 2 584383587
95 47 181263019
26 85 183866640
91 90 200603389
43 69 964413924
76 34 776544515
7 4 507996598
26 54 368153115
28 40 11963684
60 12 305889945
39 34 962972582
88 21 710091537
42 66 836389720
81 94 174127041
19 32 161788519
27 36 189502124
3 85 8489522
71 54 565928292
13 55 217341081
66 48 282835451
32 55 60874104
44 56 360406627
99 2 482769423
81 25 593441732
93 76 484421777
57 67 184528843
87 78 332626893
45 83 439425360
3 15 275275570
56 21 632168447
66 88 716308704
15 18 329714668
71 62 852907457
6 21 327002784
89 31 672444271
14 54 761429393
70 44 761121650
82 88 611341960
64 9 418097834
82 22 995909624
74 41 26861608
87 59 826945444
43 9 270427076
9 54 370767803
57 35 445027968
29 31 611460882
26 37 398072263
25 88 392696026
4 42 680058503
5 13 555697083
7 13 981642942
70 40 842088460
93 67 229114445
61 54 82887399
72 82 488220648
98 53 773288327
79 53 259190188
45 68 975594564
74 85 697245839
95 28 154412038
98 81 632760665
61 52 443260864
64 55 669597950
49 46 589236387
100 61 990275700
12 15 859185369
57 91 756909842
74 82 181535992
85 90 134528841
79 98 451308040
66 99 467516476
23 35 959711953
24 72 933652265
5 38 525922070
59 54 551487136
64 40 78414759
30 10 591874897
34 18 528540071
79 85 782024090
8 58 97508802
89 21 952782624
29 44 315672148
87 64 386404440
100 72 975041188
43 22 367660449
98 52 924416597
41 75 445453767
83 82 455906647
83 58 959571171
8 38 615438775
85 65 426092619
83 65 807714444
67 76 865770800
59 88 435269857
95 66 794500407
25 64 373666802
59 23 299509749
83 30 187820545
17 54 773195154
69 92 933180653
35 34 485204041
46 64 424338905
71 4 485679673
67 77 287139222
20 56 303202566
64 54 263777502
24 61 132831057
45 40 355908868
46 13 541187589
23 50 577089314
5 51 109349622
79 34 435937968
60 40 134691671
49 57 924353920
31 52 192381793
60 90 732705676
87 85 646702350
37 38 392269406
80 25 796932183
73 47 552785102
24 9 773578053
84 11 145586284
63 17 933532084
45 96 325716541
32 12 333609407
37 36 251627485
94 13 138230
23 4 132691762
45 48 985538949
2 62 850444207
9 10 24114316
48 15 382044078
64 21 643122511
69 42 650739915
78 33 319519618
70 15 863710941
94 28 912118995
6 41 314519216
63 14 641318989
13 77 408488911
43 58 425219749
59 27 529505709
98 50 405125048
6 9 544307041
61 96 116891894
27 7 960014348
74 84 338022956
26 34 224226651
30 39 306350858
79 25 270723457
94 33 331469376
24 65 734424648
85 89 819232350
75 38 256886478
8 21 107469194
71 30 833976114
3 29 69324025
1 50 620727484
53 56 695894166
97 90 698970237
25 97 130264362
53 51 920361708
4 47 645743479
30 96 709400207
100 56 532377876
71 11 856453751
80 14 809025434
8 69 27834226
49 50 690291949
60 71 830514915
59 45 351689947
9 48 587967564
51 65 188778676
71 20 574014485
63 15 128776385
3 11 439021705
46 97 902189641
27 78 669804955
30 82 899917212
87 31 1956501
7 28 212903126
36 56 540690768
51 33 683301139
46 25 539139579
23 54 702920184
57 25 883249739
86 46 637569534
95 51 222736960
13 4 988480138
80 21 821192038
9 15 456778106
81 52 768241548
1 88 532695539
53 58 996457748
14 10 488016255
27 88 486820044
55 48 49879303
43 97 72525595
23 42 123108893
63 10 405464498
6 4 874293835
91 28 333153504
71 9 130206463
37 68 245570249
45 78 483496193
4 68 115834557
71 40 644227925
8 1 52781439
9 34 950663491
97 64 10384146
65 58 454624548
15 33 557110201
59 32 121978366
3 33 581143014
38 22 636112895
53 43 352384348
26 33 753322410
27 100 491299169
57 2 950967012
49 71 678944346
1 65 888551595
46 72 790171029
56 90 426983276
76 89 877251398
75 83 863948431
5 89 750474319
39 22 241297496
31 2 258325016
65 33 504475256
94 4 594519866
26 99 973874499
14 75 366071317
63 85 655007939
13 44 107175760
47 96 885156182
61 18 129367847
6 91 881299157
9 33 840445796
83 25 945057949
22 54 700355724
73 59 469657872
43 40 431164722
80 99 6179200
51 68 490855388
59 97 204810103
41 2 537454029
6 93 570713387
78 48 830775068
9 92 822316124
56 18 187185311
79 24 487904624
81 11 983033336
89 82 131400907
84 5 426245311
42 99 915324983
57 22 494643527
55 56 897486317
29 81 7946498
14 66 84120115
13 39 694145834
91 82 673788158
23 13 625471201
74 55 692347390
99 56 154812699
63 21 646701859
81 34 349500878
35 2 741622340
79 2 505687144
16 84 527443916
80 57 661721610
38 42 728479597
6 18 993485625
61 68 489091361
50 72 804120418
43 60 702449869
14 81 733740903
76 28 279930984
98 30 656102440
70 2 844607525
100 2 666184253
59 94 73594189
81 1 426470886
70 33 286745721
93 36 162807594
51 31 523523176
35 11 830746135
83 9 582477903
65 88 917484324
80 10 7710733
1 11 593246812
36 33 767658944
55 58 640288049
29 36 587997489
59 67 114247246
17 93 573472968
23 34 23122825
45 28 895126823
5 72 885742705
53 5 871190914
57 38 206121904
89 66 791655586
42 34 635911065
26 87 380495137
50 95 278345983
75 97 471693616
45 22 316998932
73 89 870071389
7 50 880184991
59 64 602065291
42 10 738147004
78 12 459099023
17 90 637284056
49 38 555637094
60 45 893110364
38 51 901578008
49 66 403624720
16 87 250615075
26 90 99320923
75 82 752368597
53 13 65142573
32 56 695404222
36 62 182575714
74 12 620479948
7 95 448207240
76 90 848262395
68 18 604998031
51 44 487458650
47 15 883539662
93 47 550342329
86 99 74525010
37 58 831063740
70 4 576392216
49 100 232516357
74 60 490882356
86 50 544504815
28 22 9274085
80 13 799128551
3 6 774240000
71 90 425340390
81 48 397210257
13 95 826955712
68 58 73998072
50 91 806875680
93 27 240198522
93 4 616876467
89 34 366936774
80 35 419068129
49 13 899243876
99 54 548530259
43 85 267075352
89 15 560187419
67 28 623568601
84 30 936183946
27 23 693987096
81 54 989207000
11 25 779383
79 26 821815960
87 34 632040190
71 56 704051399
30 69 316279387
100 90 543591081
49 32 120881474
48 99 22173726
41 30 684028663
87 8 960688683
83 20 988063089
36 97 886410819
20 44 42783033
80 12 86732503
36 91 61159862
79 88 716870910
53 54 974048746
65 40 793391430
16 34 554078392
93 12 219111380
73 17 244906505
81 47 851250345
85 64 293118930
86 43 771809393
13 36 552267108
98 8 210909312
97 2 823620428
36 52 520339783
37 78 477494784
9 47 896793174
23 15 999808325
24 91 195045996
30 2 192937197
80 81 354160925
12 54 535823651
81 45 859910920
25 48 276295347
73 15 789134917
67 48 447183497
98 99 209250430
13 64 929190669
9 65 43273326
86 19 67837867
29 97 929546933
60 54 57684226
74 59 789666060
32 54 66331036
35 58 476479677
86 59 281464317
17 29 762558985
87 62 692171191
70 45 529414464
98 68 943966941
32 65 729038750
53 68 627724377
22 2 281654714
59 28 406013018
75 95 372341868
100 28 839694257
86 34 798546528
76 95 591291823
9 66 779560957
14 24 166600508
97 58 362653077
74 50 83348007
26 43 850802227
69 90 352614647
84 39 489943332
42 28 493945749
71 69 959607054
19 44 305397875
18 62 673659588
46 75 683283291
59 37 27336368
46 40 721449549
41 42 868874063
72 10 869116259
35 66 26869711
79 33 472878484
98 27 157241936
14 90 597892311
46 56 222969880
1 78 606548404
19 83 371493859
57 95 828904477
40 62 82960547
92 82 442545751
75 47 769148705
81 50 154331593
6 39 902797774
94 18 244686840
38 20 930322692
24 93 240030616
16 77 223565615
81 92 496030014
74 42 123646224
98 4 888844144
71 13 846610294
16 74 788842334
98 15 203523772
67 4 22489140
6 54 421990089
16 6 478364429
86 45 309629077
79 6 50417001
92 88 631423344
79 7 504471833
51 61 91095327
70 71 706993056
45 38 79670389
37 77 833358981
79 92 10939791
5 54 348088996
13 61 778949449
75 68 428543197
81 61 459085201
57 50 484922665
23 91 708193751
40 10 640040560
14 39 684372403
68 82 635672522
60 62 75602797
84 25 900093556
60 50 601306759
22 10 710448152
38 68 663646514
60 11 476233525
94 5 57798279
20 66 686818051
7 36 14328709
73 44 470634101
29 37 658720329
34 58 412424877
53 27 233554592
41 18 549959072
4 22 769158377
83 39 360969881
35 20 748218986
76 44 869031061
19 54 599425092
92 44 772839731
64 62 766845607
6 52 945728039
73 5 533907169
19 100 387925962
16 8 755431431
84 61 31444177
17 95 88349901
81 97 101118627
89 90 4136897
14 4 480656032
17 78 243504565
13 96 93299176
85 28 786303932
91 44 434461157
60 23 555077331
63 92 238024961
27 65 74464406
11 76 223936387
47 21 942297626
31 66 728487733
41 35 623171454
42 15 541982478
75 62 375348425
4 33 610554443
57 21 799835005
27 58 755567544
13 47 264706513
27 95 501774067
93 15 325400041
75 21 248708825
27 55 27033887
81 82 476144250
3 97 559107226
89 62 667957137
26 50 199647421
76 52 919656221
50 82 158442449
42 54 306738986
70 37 51374394
30 48 422097687
7 34 374846441
40 54 184337598
38 67 470710415
19 56 307788564
60 77 587145505
73 48 703545507
27 21 953504540
12 99 604078759
76 97 226561973
13 31 474550772
85 21 103368503
91 15 641722441
30 99 2870094
12 51 604580276
36 2 378978877
98 45 729791226
37 94 256554993
67 54 996379222
97 10 561079384
26 77 13595372
89 65 103537635
35 62 547471879
8 23 427404937
94 2 331559531
100 97 657594117
93 5 527631135
35 32 306505480
98 42 80612513
29 91 99903286
45 35 116762189
23 48 219364416
53 42 184963759
80 17 936829932
93 42 241670141
16 25 458359536
60 58 767954254
61 15 547468428
19 2 140979988
96 10 436526438
83 42 569950386
63 93 720154167
85 51 79695725
94 54 157413059
66 21 556828914
1 94 495483247
6 83 17793014
37 50 90494142
81 9 687750735
49 8 201448058
94 44 811703863
5 12 383789619
75 61 874213098
89 22 884961463
12 82 186901466
16 90 986388389
63 75 289327271
80 61 322771807
29 64 916473330
46 24 582462196
76 2 107123665
24 58 830206339
49 95 665347069
80 93 633396154
38 33 619843958
86 6 886442802
20 52 264347537
41 77 40365975
59 85 497692545
73 84 405139058
61 72 497588158
63 28 236700221
24 27 337227423
49 14 162680057
29 66 960287766
12 18 31817980
64 61 513210679
98 72 935341905
68 96 862046732
64 47 570462427
8 10 137594461
85 69 374776800
80 76 947836693
46 45 482814416
16 91 79089385
69 52 608114373
92 77 990707278
63 38 854214387
26 1 873398369
19 25 858081564
60 5 725144632
7 85 874649016
6 58 379313860
35 95 677872674
27 38 311264878
37 31 337899809
81 99 56074888
71 82 400249209
93 44 286870364
87 14 416378619
26 44 896238023
53 100 40666639
16 14 318477730
5 96 269521743
80 23 275787612
95 58 16597817
19 27 756101718
13 9 625538712
1 40 551574997
82 58 589604949
7 65 351742973
26 14 728717966
3 60 759033817
73 24 562644722
27 91 105011596
5 90 643795565
93 45 773597779
80 65 29527532
16 96 76441672
26 38 799834750
74 23 709119561
98 96 412032916
88 58 537538534
14 5 977639970
45 65 121012757
50 65 853148872
48 96 188757120
98 85 846729120
83 11 884943123
8 52 713859105
53 89 741671365
23 95 480044224
55 66 163546834
84 64 357280983
44 65 559962347
87 15 690676526
81 89 843648858
86 52 277907565
8 88 9980737
98 59 656416560
28 96 55195995
67 40 972937500
27 76 513415868
17 34 434195856
46 48 1660804
100 40 960654774
19 42 495491648
55 34 97240311
49 5 898079133
99 68 907780149
4 90 929423559
79 37 55683980
32 10 399271843
12 42 109866452
19 12 604437860
34 44 250926277
14 43 244059936
19 91 80913857
35 88 564478217
46 2 640759867
42 52 21709890
22 62 862523317
86 100 565192606
38 54 126559509
8 93 636890826
49 56 775807436
29 96 881947256
79 42 7973402
83 12 934317025
92 58 498880881
17 8 314640863
73 18 322697923
66 90 398454365
69 91 638837354
59 24 754357929
27 33 679434880
86 90 130950788
45 31 111567712
98 41 40600072
9 2 595972728
80 87 642401926
1 19 605110408
57 45 881945082
84 7 91929724
3 82 221016128
93 13 766023106
49 81 254103534
84 2 100318945
33 90 95738726
70 21 793504569
51 92 153043812
72 28 745535311
59 83 122473264
29 76 428837537
7 38 212122231
3 100 131163409
28 18 409382679
1 68 946753023
67 61 739456507
89 40 778925073
79 10 173874336
46 18 433867718
74 67 823457746
51 34 141068124
34 21 750560533
25 77 691466200
74 93 749582015
95 54 507979696
37 22 408287802
37 61 653204630
46 51 315917703
71 100 58987269
80 78 29149896
84 87 684318104
41 89 412224592
59 6 508112934
59 100 252296317
86 87 620907412
63 31 275463916
86 49 489990110
26 46 248974370
24 15 288836233
8 97 296658075
3 41 967787566
32 50 73675789
29 52 388402575
85 82 927818016
97 99 44873193
57 28 504640824
76 9 966417759
46 95 955472
61 88 639223955
46 41 959922835
98 38 771243732
39 88 688988708
83 78 480733172
24 95 857106073
17 1 930431131
87 98 870718978
51 47 171798119
60 85 418649434
9 28 160731296
59 99 149033416
55 82 791512825
19 72 912270036
71 2 544453065
84 48 51122993
80 11 969514874
86 94 209129153
20 4 358902176
36 39 19606725
80 41 741130233
86 66 965293839
75 10 642476172
1 36 711089375
19 68 975195187
87 92 639714873
87 10 502150746
61 47 89570750
71 85 546836995
50 30 115967725
97 61 676257505
34 28 763380901
59 60 161860051
45 92 810503445
64 91 452186176
29 34 859929396
46 38 642538283
35 56 373032468
18 88 672742211
32 4 181152774
73 54 309185804
35 64 673161997
80 47 315652678
73 53 294648773
90 88 452042796
69 22 558133358
71 77 502059158
68 88 790045091
76 22 610491970
13 66 545159563
93 94 202771398
93 54 449124454
29 40 879756661
8 61 997943174
59 96 580287859
8 85 887034257
80 91 115975248
50 31 11703313
23 61 610086688
95 88 759211153
12 61 797541873
79 8 254453991
45 50 312543785
29 62 632245547
57 36 460385480
4 39 964368464
80 60 144319293
91 2 255148709
85 99 298482317
79 94 233197143
44 54 139193876
43 7 633195166
1 7 872463482
5 2 367409970
8 50 945605323
46 43 637963847
98 64 978262529
1 41 106125220
29 54 917040551
92 62 662461315
16 40 465436804
98 94 505373274
16 64 14435387
89 68 922764367
61 28 934532755
84 23 594846828
94 7 835661798
1 62 226229962
63 6 724725287
26 13 519156975
79 75 751765979
87 39 219692229
32 39 947862727
23 18 737081190
27 30 972041246
59 69 556317308
85 48 639381901
99 28 123427160
94 42 495951585
25 96 769877861
81 36 703310561
20 54 644036060
43 91 289218447
91 18 130463236
95 15 529855778
49 6 401770878
84 10 849662905
16 35 367769417
29 55 377151465
98 66 822936467
85 61 5521928
20 48 279539419
95 18 180949255
38 44 933395872
87 72 10107602
71 47 77460533
83 22 924313865
84 97 647058937
71 83 728944329
74 90 724223986
59 15 770843391
16 24 791714865
44 88 196679479
40 2 876163614
75 30 636692066
5 95 840002017
84 22 505140439
98 14 786943164
46 65 610819355
84 8 694130640
84 83 899735942
75 90 362568520
84 31 374208058
14 15 241579361
27 47 673267777
63 35 158376908
73 29 917996305
70 52 263608601
78 31 529690264
83 18 730476192
76 62 859222030
41 13 105930756
23 82 131802460
23 88 973051394
78 18 686355557
95 52 294089187
5 21 53337231
99 96 839017384
37 21 843996705
17 25 106014830
91 56 751660530
57 97 787924083
94 12 91843533
24 21 773085241
85 56 971885339
46 21 631604351
67 21 563869490
87 94 543404361
93 90 467160932
48 65 420913081
25 52 673420183
43 62 247410539
26 47 519312122
79 83 185866303
86 57 390594617
59 55 891874989
16 12 685060370
11 56 568864181
73 27 527611671
25 21 284130578
85 39 542185042
7 9 539531961
64 15 774643757
85 72 713094406
25 68 15064534
27 99 243449248
3 44 869462917
63 24 884004220
6 36 654048434
60 21 154812367
41 22 151326348
14 38 485988491
70 59 139109368
23 31 736924386
13 11 271785623
87 96 105386930
93 40 740789126
89 33 400448943
67 68 465255272
1 66 921300353
69 18 23486798
83 47 698077578
71 10 736341725
41 7 134579283
81 65 918648679
90 58 788578837
64 30 234320398
71 45 957176716
61 42 307446471
97 44 381607021
24 42 143452958
57 47 615637040
48 2 236699706
57 88 816266572
66 77 263896135
71 15 339627294
24 67 326852686
65 15 400684042
25 58 152973247
5 32 318000674
32 61 402745795
19 9 562156341
89 91 619706963
1 21 290700059
86 77 496792455
79 48 227806756
54 96 496519894
73 66 865078201
36 77 94941685
41 21 861422713
98 43 39145518
29 7 689035621
27 12 227447228
85 20 337452949
95 33 417974054
14 77 4051379
3 58 903156091
72 2 854515345
37 33 210465921
35 51 243559684
23 62 730898648
3 98 557882037
78 52 793224279
74 34 71905763
16 53 163865194
32 34 739179442
15 96 587000445
73 7 900829782
70 19 740139165
80 72 844462201
77 65 48401456
82 56 171789485
79 52 114935215
81 22 987765853
84 86 511132905
74 33 578391671
61 39 357813739
71 92 415301158
41 51 579165629
84 9 446694075
35 65 683967487
37 65 978043255
17 18 294371322
43 41 744684949
52 21 687175219
23 28 569852926
74 100 120168771
64 96 778195564
8 96 839575027
19 61 607496387
66 2 268633957
11 58 654429119
71 76 392297735
44 58 682701326
9 82 517645821
26 10 276381684
85 95 46447106
1 61 830255189
71 48 213566612
41 69 309800672
41 12 770895642
29 85 916909555
84 51 740444854
59 14 154471675
32 21 242640718
73 72 971267340
26 23 938338022
60 15 415639473
41 23 287294836
75 92 993192628
97 82 11111678
1 35 151692958
71 21 253906657
83 89 200809116
80 50 936175441
71 28 343222017
16 97 465155376
63 57 743238606
95 30 629058975
71 22 7425295
87 67 563064039
92 48 194719145
82 54 557158531
91 31 381378643
14 67 311635153
83 66 7159223
46 6 632684333
9 44 188826888
13 92 155670472
92 34 636001519
27 90 940684108
29 27 376046639
80 4 688753002
42 65 849413020
37 71 860600962
63 52 972489341
47 66 115919058
63 76 991934592
38 47 916812459
27 18 255252272
63 95 176566529
11 99 728942801
57 18 366507940
91 47 154625726
74 40 579785243
26 5 537295530
11 50 100494690
16 22 13591324
80 69 366915757
29 53 952561719
55 47 707415889
82 10 980240317
100 18 588788503
57 64 468880484
92 66 697976226
20 90 972683669
27 34 516429586
7 92 719509799
41 4 997628514
43 78 233480779
17 33 973526796
8 37 23925871
68 10 666604795
19 97 529643607
98 9 631467461
27 51 470089001
8 20 370955267
24 82 465209128
3 38 619437261
13 91 30080549
29 8 849783342
11 55 727926201
93 35 213389184
45 88 734638562
11 62 469406800
99 88 510819957
59 29 945290607
6 19 771799757
67 51 183117182
57 11 867327216
5 83 232724296
13 38 21326525
98 2 629202596
87 51 333455902
7 47 923018278
31 34 696734588
75 77 809211416
39 58 6221129
36 69 180749545
59 40 375483852
6 72 382061116
14 58 709977345
97 21 561781433
38 30 85076241
93 25 191015962
94 50 643437270
6 12 429316973
74 9 208244930
24 11 520844230
26 82 719886300
14 95 32485423
73 41 163178198
32 20 581142269
28 88 98702888
81 93 458851721
81 4 30882844
87 58 777332966
35 99 666973861
80 63 416398847
72 21 398536813
31 28 760466684
63 94 549238704
26 49 636341816
63 4 693851129
70 83 411943498
8 39 346351992
32 100 28797878
50 4 309409174
16 17 659017208
6 15 750176418
46 89 517450001
35 91 466751921
4 58 756648955
86 96 935668552
27 5 494458138
79 51 169312893
57 48 518003728
84 77 758273665
53 91 890231824
16 88 326151865
1 97 63467959
57 13 122196153
31 15 106229449
20 36 979607308
80 42 211663460
74 58 373332314
84 14 406418019
35 100 316577684
53 90 826038380
48 68 273132597
79 82 444969269
34 77 203869515
82 2 838193664
14 22 886527719
26 25 699322281
52 96 796677654
74 35 892449454
17 60 949411484
34 2 846039073
11 100 587963973
16 76 913256754
79 41 363216802
98 82 634676484
45 72 720906987
48 62 450946620
3 26 840259022
26 8 543755295
89 12 322420063
98 39 48433122
74 39 906596586
39 21 906853479
41 33 889190632
3 12 561158402
53 11 916078048
45 77 753707631
98 62 442671997
37 75 573123831
38 76 801296500
67 2 56259341
29 77 432771938
56 88 965895109
76 50 241170688
49 89 985163852
84 35 350873185
97 68 783379571
27 68 304862153
97 39 34670090
93 64 65493601
16 10 525932640
49 87 985470744
49 92 92478951
74 68 479549191
85 12 906565929
35 44 950196180
76 21 718118684
80 67 276488149
95 68 308228127
5 20 829690802
61 44 442396328
41 52 329955662
57 75 790348020
71 18 183614911
72 56 347093333
38 10 926083527
41 100 706718324
84 47 582694073
19 58 414766953
5 76 223076427
32 42 884853927
74 51 537756933
1 20 541143693
30 61 186069161
65 52 763524621
87 42 139867849
38 2 178728194
17 45 710442311
70 99 494945317
5 50 571431673
54 18 622570890
98 33 838798666
70 6 847814337
3 48 915255092
19 96 301536366
17 75 901029035
13 51 396732219
98 55 842791367
81 5 117083641
13 54 908764818
56 10 94574991
97 91 865543887
29 32 37992518
50 40 105970252
74 43 774526800
36 34 538092407
51 18 879250356
19 66 913851514
3 68 882854084
35 31 361319472
73 6 481696535
84 13 572212059
70 72 98660298
84 65 178925541
4 10 624292925
57 94 860714581
30 55 547437559
57 12 301106046
69 96 688337454
60 78 291747757
26 6 336102652
43 34 421020317
98 48 287351025
73 82 748430572
45 91 758253403
26 69 350050586
59 50 338237628
94 67 21460297
6 88 584257816
28 58 53817750
43 33 857741493
63 66 847374577
53 38 27360678
29 12 186917141
76 69 266363696
85 67 781064784
29 21 1431176
46 59 24170094
63 23 386964425
87 97 181192169
70 41 885335661
93 20 350288318
26 31 668588506
72 33 666774259
3 2 356421578
27 50 899256860
53 88 767712910
98 63 24034070
78 22 807525169
71 99 426184009
79 73 972935361
29 90 11000099
85 68 971936356
73 96 529672253
3 51 90284941
74 89 883889723
33 52 15237342
38 66 396144317
89 42 629882853
14 35 366360804
91 54 930798066
37 76 736758258
23 89 651743971
80 36 674139518
17 51 540469948
59 38 591615229
66 82 190232671
94 39 335895146
57 83 675374532
43 54 453336806
73 31 439548276
63 51 379315062
53 57 112568195
8 66 885759608
3 75 834800591
74 8 238609693
63 69 848539370
84 78 629151906
12 4 996426496
68 15 535667256
64 2 555849230
91 77 498409847
49 85 210337286
87 61 462746066
17 37 957862190
60 7 543168238
26 15 354790846
70 54 298465258
6 61 760577167
54 21 177722616
7 51 721338602
94 51 743694799
23 56 582584809
17 62 536328127
14 13 186023201
1 76 819600834
37 66 295573003
6 10 140822427
35 69 487624701
77 54 84172134
9 96 284141577
45 34 883422939
70 39 441980625
98 67 586674805
20 58 643665440
8 43 360337885
74 52 765269299
63 62 982253476
72 88 275248141
74 91 632641387
29 5 225293397
79 71 278091027
84 62 869034622
39 47 754917609
41 68 391101256
14 28 782433356
35 92 870177511
100 48 492669720
28 21 336942671
73 63 929876048
1 64 536041480
35 30 363057785
7 58 289053277
99 90 504995671
53 48 761496247
76 18 921335505
76 40 256006837
6 13 962204468
40 52 583174927
59 44 27832557
91 96 672297580
38 55 419582120
23 10 973710123
25 4 62782182
9 61 294260430
77 90 231211410
89 28 265701810
41 39 199763702
71 35 426358498
80 92 996922269
57 82 540928043
47 10 897996542
94 34 381319952
71 52 414041483
98 23 695011910
16 80 623226961
6 33 77944065
80 96 737476716
53 95 303256205
27 42 860981147
13 50 908606373
38 21 635147255
70 60 457989670
9 52 889291068
16 51 981197434
73 58 39058452
19 82 634761738
46 54 444376758
23 64 51596171
17 43 432627698
53 62 902835109
3 59 476779409
45 11 964995413
22 90 335288416
27 4 615921490
80 6 984953304
39 15 523603079
71 44 206382301
1 55 718394284
8 78 609188078
1 18 918076404
53 9 626462251
53 67 964427281
57 39 685771192
49 39 837221331
87 75 989667497
70 14 69812248
26 17 598895393
81 58 799236612
92 90 961567055
97 95 842038750
93 95 221530420
67 65 738126267
59 61 658661762
27 72 760966353
86 78 10760055
60 88 614020613
14 72 752907319
67 15 333375513
3 43 523235308
85 50 874370949
76 65 899062806
70 27 777346539
49 22 594449572
36 12 952862732
49 4 40936151
26 100 619449649
23 78 995329446
3 22 851414251
90 54 244637875
93 23 568914914
41 27 530847660
3 19 393551528
8 27 310674008
97 62 286587387
82 96 881789784
100 95 395157149
15 52 375917573
16 70 233206621
67 31 220300842
60 100 330701912
57 58 901969110
60 57 125050674
37 30 522757909
37 97 995580834
4 91 941677399
37 92 765520823
86 67 954125619
70 64 234947418
24 68 620250401
7 33 697620850
42 58 86745807
86 27 149460990
24 51 950423752
86 38 698703880
43 51 564544792
73 23 77492574
92 40 205984211
75 5 123116890
26 94 66528258
40 96 566789595
25 47 359964914
44 77 351332370
26 2 561109025
27 52 836031114
98 1 696756323
7 72 728210747
86 37 255674754
24 20 421315473
26 60 437026145
52 58 259554247
57 99 880518431
100 69 177416570
31 77 440156233
72 40 173422949
50 28 842061724
87 77 914337444
70 81 273654597
98 88 453071780
24 18 275885314
59 63 160507328
19 31 266897681
67 12 535146739
98 100 472373171
74 48 334627804
20 21 195606875
47 54 696156981
29 82 339552728
63 71 182653085
74 15 191693476
87 65 88277455
6 69 450025513
27 62 602910902
79 54 685603644
78 40 492750091
98 17 341436105
23 83 440238642
39 52 177374066
95 12 1815180
30 90 2231217
12 21 454979845
86 92 62945206
19 40 152583590
35 39 112895606
34 40 375558861
49 9 764687127
89 61 471424947
83 62 768471656
24 90 295772962
55 91 521553848
93 99 860585259
26 67 166206180
9 22 108529750
32 28 949726551
49 76 805749937
9 69 267068575
4 99 541299846
23 90 310355435
91 65 366051597
3 62 905288847
50 96 188758721
89 56 13745762
26 63 583140728
41 5 222872867
93 51 123175025
1 72 929573493
8 42 655896718
79 32 399407419
37 23 924763799
8 65 308762084
30 52 594981121
57 10 550415139
38 18 873050528
66 22 343019446
93 65 697893868
42 56 433735445
14 85 529461470
84 12 700341102
35 40 612007044
84 75 509871024
20 10 408553371
100 54 666591791
70 87 604634482
80 64 855290279
75 91 959968569
64 58 853083349
37 88 10602934
4 66 670680492
55 28 465180727
92 42 824708133
73 28 767410861
60 41 58312064
91 33 37621824
38 39 654441993
87 63 265445969
87 47 994504852
51 54 767201175
14 19 271498790
28 56 880269115
73 26 292780019
1 22 940265286
14 82 505411174
97 54 592170518
60 47 791072393
35 52 258783768
35 96 939175969
98 51 239158038
25 91 114475053
39 96 971820696
14 7 846485513
13 88 450654695
93 18 53895489
91 42 870765864
100 64 36050296
64 34 478650847
80 82 605345458
7 69 629205883
70 55 894167526
66 28 439113821
99 77 619500532
8 15 397469605
87 69 733401368
70 10 164191351
57 85 674496986
79 28 297867025
50 52 98936960
17 97 949488443
71 23 5333173
16 75 770013989
63 13 61434256
64 92 104369212
50 68 949429198
1 96 117666546
80 39 48371168
87 81 106873743
3 54 774171976
45 44 16964473
95 90 209457776
47 88 94938247
20 9 906656835
41 71 533183798
45 62 657236265
74 63 912402913
11 61 863895947
3 34 803751264
59 9 985398642
20 22 226182307
19 51 670203794
38 34 107112847
57 52 658220788
24 56 433983596
70 24 266166124
44 62 211873168
13 12 29808018
17 77 135767743
43 1 971359650
11 90 214612694
46 44 596890486
23 58 936145865
19 65 589903600
93 41 558898766
78 11 2633655
92 65 56479901
87 24 348478394
8 90 634079472
13 2 786437350
14 51 188053016
66 65 603119644
81 7 935596172
53 75 755117530
47 33 461794487
60 82 117253622
29 9 462332524
50 39 532897983
75 100 164405227
7 18 745293325
73 49 884714062
11 39 401646612
8 53 968177088
36 42 644254295
77 58 914239551
75 94 264480377
83 88 408663981
69 48 339765389
93 75 109022009
75 32 25727806
36 48 858802878
94 10 317055323
90 18 768196785
3 18 486221825
87 60 759160964
31 90 23211690
64 39 315869420
7 48 83755762
49 25 470987922
80 32 343484485
31 33 895560020
60 68 516323341
83 31 228154767
61 62 334995484
24 75 16833182
85 40 380197951
54 58 716490734
63 65 348390357
45 56 418605474
75 50 391408793
49 96 586079575
87 6 588986011
63 45 15812964
17 20 83479046
70 47 963936232
46 92 450069857
37 34 302936056
26 35 566734882
72 62 279844536
53 72 527892661
38 96 904105463
55 22 825816025
68 21 176237118
39 10 694250102
15 90 393060925
49 67 461606644
37 19 277206483
87 18 425717809
100 89 293057674
13 67 244405424
49 78 728205715
63 11 779577154
44 2 271664465
63 2 131910313
94 72 559723016
26 66 751305254
24 44 370815474
84 76 135506759
76 10 763560764
23 76 792503070
93 68 202422327
62 10 33839274
91 40 968608517
3 35 839003743
31 68 882808601
49 23 337533252
80 18 48808046
16 78 335492974
97 42 28371690
73 86 935350295
37 69 566954130
23 5 358709816
35 82 20896881
67 52 946216266
30 77 874619365
99 34 426540093
87 17 336964639
71 78 469891950
50 2 2198767
100 96 577243164
49 98 826254155
38 88 120833626
60 28 508244285
59 1 895143964
20 95 184028739
43 5 401352571
25 33 448249026
7 76 897239234
58 10 950833056
94 78 693935242
100 51 207688615
1 51 449062191
6 56 308664395
54 88 20644044
74 19 927943532
51 2 658652410
80 28 384863561
100 9 785345673
49 61 499485623
22 96 9255859
11 92 604446898
46 23 600613300
98 18 424923040
99 10 795673045
29 14 358178420
25 69 236672175
24 89 9308257
41 78 369066448
74 83 61252555
63 83 566007896
26 68 282381888
60 39 21696913
35 22 897387978
6 27 622040009
81 23 904619119
70 63 210316584
19 34 334662378
78 36 239251910
5 91 908537499
69 39 440088933
100 68 4867392
12 2 495114373
75 42 910964587
84 33 42271318
94 62 308050025
14 99 248830996
99 33 558357100
77 21 361639167
57 65 572756551
64 95 990703987
24 85 281241739
17 83 807147443
79 29 602685634
83 99 196266994
20 30 816615126
20 68 796290348
36 61 526259147
24 31 513894144
93 22 36748884
71 34 855469161
8 13 199792207
25 44 640701188
23 38 216526206
26 83 573122343
15 2 38532886
6 53 938633608
71 88 940439054
84 60 309632502
3 70 153909555
46 14 533668474
79 14 442087361
25 9 91831544
19 21 151531742
95 62 496756595
46 53 789195075
14 52 110722283
94 55 487617797
43 20 793658323
45 69 54147557
87 83 969637205
31 58 797780126
24 47 756335557
20 89 270132713
74 62 964521373
17 58 579017924
60 75 817794333
74 46 13146242
55 18 753583982
76 48 674838842
57 32 460054371
92 22 110553887
53 18 515298183
75 13 144251540
53 23 565013944
48 77 771575646
35 89 347965680
19 69 582561809
24 36 534090497
24 23 791723081
16 5 852429167
51 90 69429760
85 30 324179695
70 26 653415982
78 15 569818856
49 63 718229674
79 80 172222423
26 32 853979849
46 30 611816911
51 58 241297672
12 90 403535651
3 31 531735895
36 18 483141849
20 61 132518786
33 21 836778255
92 96 221831808
80 75 229564732
59 7 349747405
86 60 621265957
17 48 149173779
84 89 241359985
49 65 950298812
49 40 313339353
89 2 304601358
3 46 139432110
35 54 209840923
64 22 553698965
95 55 26573056
49 68 156888069
70 85 39018393
79 93 896589490
45 32 702604966
26 40 774013081
90 62 990847794
79 18 974937059
13 48 349100359
81 64 211563866
81 35 238666304
73 51 249358576
78 72 222886069
8 45 251460464
28 15 876164408
78 4 804346633
43 11 146020127
87 50 121596245
79 100 689323483
87 12 273592175
74 65 336058660
24 64 216164384
20 65 598306447
14 42 580121989
26 76 338299179
12 91 702630461
17 11 135862311
70 84 389429650
53 96 603880439
29 28 855928701
65 96 327630774
98 37 891035202
41 44 120752722
89 99 916872428
16 43 724716692
93 2 127677208
13 35 453712307
70 18 625092306
57 31 300469506
55 2 472432085
79 47 456598158
82 21 38638085
76 33 73791270
55 65 825220136
17 24 348069930
100 39 556644466
94 38 846483692
51 91 943072844
32 92 659354749
79 13 241503350
57 90 939161234
19 92 870003365
49 82 217167771
7 35 889411261
76 92 57467289
8 48 769966231
67 90 343438138
16 99 326768684
19 10 322161954
63 29 626618832
59 19 101036498
70 50 163654209
69 88 182132335
60 55 575408580
24 71 438377350
73 30 659209649
87 90 854521125
71 36 247194723
57 55 679151841
41 34 861959943
83 61 906209319
79 91 611688716
49 72 274341964
43 50 332019787
32 2 979609458
35 18 612643339
20 100 128753790
67 96 817730211
30 88 914374049
38 50 898563063
11 38 421161552
73 4 663810493
78 21 976001019
79 11 899542237
55 69 16936142
77 88 374418446
98 57 712084876
82 18 105988467
75 2 442105246
57 72 551282415
53 15 179739279
13 25 317528465
17 35 906916793
27 9 464894756
27 96 994621252
16 57 509115007
32 76 94946261
49 99 736693531
69 62 877589923
5 10 649695644
25 99 935202408
27 2 294682420
80 27 656570722
64 77 534097146
63 18 637460215
65 62 941874780
63 53 699931833
65 21 380358352
40 21 475345786
25 100 110528691
74 27 333207267
100 47 689561127
30 44 328535729
42 40 746076370
98 95 228621795
87 27 423649199
86 20 539357541
46 27 928494825
47 56 151604582
43 30 353083615
99 62 321692543
7 97 316162706
75 34 819632412
1 44 157224118
49 44 795968448
85 10 596103796
53 52 348509117
55 90 951891398
45 54 906634323
34 68 387410406
68 52 774726010
70 91 609603517
20 39 542345997
43 19 657433673
59 89 821766080
68 28 152856298
49 91 774333452
63 60 537679084
6 47 733666226
98 89 92159574
6 66 154606958
42 68 359368412
49 33 716332056
32 47 998124356
19 36 984878375
16 89 576764038
63 68 277124295
93 39 277556471
93 11 75141428
74 44 438980881
59 51 144824730
84 50 931297710
99 65 979255455
56 96 876428717
26 88 958895861
46 36 265134769
39 68 961404608
9 91 381277185
9 77 868705261
100 62 766031361
26 22 705863675
100 92 647417773
37 18 873925252
27 32 81768782
76 54 964764386
79 89 420178689
97 47 964032400
13 76 147353379
17 81 411277227
5 78 4383723
86 58 205593492
67 88 645727707
5 92 132485607
53 50 353009148
75 85 468316375
8 35 127389467
98 31 620391279
9 68 79739224
87 93 54879238
75 99 611553187
6 22 775520857
73 61 706146820
17 92 771143026
59 12 128181527
7 100 885318269
93 30 696390309
49 19 308403570
27 35 667990046
32 62 84425835
65 2 392179174
43 10 911676734
30 4 518285812
61 48 118079
6 92 511744328
45 12 668048032
46 82 430463699
86 1 264462512
19 85 228651140
83 34 789148526
74 7 262701397
85 2 500274360
3 94 665245552
71 5 764585904
42 44 150144491
97 33 595417566
6 77 364447708
100 4 816859906
17 31 140886339
24 60 642994993
77 33 548763203
46 55 710184215
35 33 256434992
16 42 4911558
32 31 557689305
43 90 694896046
87 23 755203686
86 5 864003456
4 15 714269549
5 88 871372801
28 54 963892813
32 22 274692667
67 20 522105012
50 90 360691521
31 42 742565954
83 91 433102562
8 41 808541631
43 55 618779894
8 31 687723432
14 50 233799696
5 99 444855104
17 39 990971031
60 31 619235045
78 69 663903212
82 40 545980832
75 89 223442022
77 82 227569949
29 83 727996121
14 60 21224560
41 96 120677381
60 10 757696984
98 77 786544614
51 72 989085932
87 45 423428834
3 4 561812444
86 21 679584841
51 62 298501304
86 44 556086296
66 56 363757852
6 5 194949111
49 54 697069645
48 44 169317954
41 48 521276757
48 33 109521339
46 42 117683269
27 64 951438555
48 10 540731511
19 95 100164632
14 61 699033073
44 90 781332741
53 61 526586112
80 89 451587871
4 51 685282088
89 47 970593210
3 96 533966691
74 77 837466440
92 68 863428574
23 69 242018053
80 22 407656855
11 42 904736983
53 31 320318969
84 37 637016866
46 32 609766456
4 48 764572216
49 34 875945468
73 25 556365315
26 36 837731235
81 41 565173288
19 23 854951337
74 66 952300159
70 53 940007625
78 2 783442008
32 97 243135308
24 99 336986420
16 7 204344219
1 12 843078558
14 32 400638240
63 88 958058631
17 13 370126594
19 45 426970452
30 28 401654425
94 15 798735800
29 99 639725507
31 96 21928394
41 62 994321920
57 20 934899977
59 78 609020180
84 98 111006330
27 11 463689428
38 99 60459313
6 32 501867163
14 64 255504420
85 22 418164890
1 34 303941891
20 62 568387185
49 47 127875109
41 32 590119556
34 54 356309461
16 100 192858171
71 72 806739075
80 40 343458863
63 12 734922281
48 28 154685347
11 4 30392656
80 38 863557163
78 76 295489332
98 13 255454332
29 100 967830603
14 69 914200757
89 4 358747297
4 56 467519083
46 31 647960517
17 27 153807568
19 67 123622974
98 25 521220700
38 4 729366583
14 65 433100318
78 85 526805394
16 58 862606935
53 7 791701699
31 54 485613359
46 5 728073458
3 74 548692728
3 84 526908707
86 35 291227268
53 34 308275427
30 40 952946361
1 54 5511698
81 38 549734472
32 88 603461483
5 61 637820694
91 66 314647730
94 35 518936190
7 56 578927536
46 33 230631
60 51 139589471
84 93 738784109
70 76 473013521
47 34 79574594
69 99 795712720
64 12 705638722
72 52 968991988
28 33 469586136
75 4 540491247
35 85 970957170
8 95 306493158
55 42 611977552
39 48 340725825
3 92 859668678
32 58 659361237
26 64 699543942
49 15 76173567
6 23 806697836
53 82 59847309
6 81 657023229
60 2 634056571
70 92 304385850
78 38 570874046
55 99 767567586
64 44 330878795
38 72 416301237
25 18 656324335
53 44 118045993
1 52 638386625
70 77 23146256
45 13 731416
3 8 977222053
11 65 351079519
37 91 285970958
41 88 789133905
91 34 573362807
8 71 55215724
98 36 781122854
92 52 58462448
39 72 883445312
70 78 503371072
86 11 32157103
42 77 879084125
79 65 937966071
75 44 937432658
4 55 280215929
68 54 322930333
71 89 12528185
57 42 714360384
97 15 222598084
59 75 735750119
87 37 87555981
12 44 883237685
61 90 821099546
90 21 316637636
59 13 520571805
8 9 29135740
97 77 902882449
95 44 223264337
41 72 818136969
19 99 482981426
50 18 549778243
60 91 508392543
86 75 782880630
19 93 975453218
80 30 367701388
39 33 528872767
63 72 110321228
74 1 362466669
81 12 571934643
16 13 15509859
79 64 309648017
87 44 74732162
78 62 390651481
25 15 159827448
53 22 403589374
8 62 130209675
86 95 448960910
95 10 593946406
81 32 882624536
80 52 863836185
41 38 908920654
84 72 208304546
65 18 263473794
63 91 345308109
5 44 358068581
32 38 46678495
30 15 440504848
7 20 365858892
94 22 7406506
49 21 324348035
51 99 795477311
50 48 141920961
16 54 23605500
8 51 241434994
55 92 680743299
29 50 775867832
57 51 865228511
8 77 802102978
32 96 896340724
20 34 848801995
37 52 675920830
70 62 757688813
70 90 843508595
73 75 143599938
37 20 545643832
44 10 119605410
98 65 398238975
74 2 23294534
85 55 207921619
42 96 99423801
60 89 548257221
27 25 886120357
23 21 387501478
83 40 912008703
49 64 510267711
20 97 222275129
28 52 422810777
43 92 915517248
12 33 476264589
25 61 791728192
23 2 96289942
1 15 606129963
70 69 224930418
79 57 142615505
58 62 904992213
46 20 286747607
84 91 169417273
60 42 663457208
75 67 206229331
29 78 91330877
70 57 819827770
94 58 233168336
98 24 86912868
29 15 641922197
63 40 874592109
81 95 440919397
27 54 902613590
97 52 633244938
11 77 895867796
16 36 873528520
1 99 134753852
26 59 392617560
24 22 84044305
39 28 810012416
13 20 184049237
19 48 747256322
92 72 401124944
83 21 470545555
57 68 117833211
8 83 816912188
59 72 151140123
92 99 454370931
55 72 749144439
58 2 541282128
1 48 383379481
79 43 897774517
83 90 664801681
75 25 114954032
11 95 247298061
46 7 683686100
44 82 122048238
6 78 967603197
94 27 527559588
87 57 524858005
79 5 176788858
57 30 503381449
37 9 472540986
64 31 19088193
79 86 820058591
6 2 299451880
85 25 479869428
29 65 918518050
16 86 12488391
81 88 533209501
46 100 945853360
16 18 434450521
63 54 917705994
1 100 687122929
84 34 373156443
41 85 621217112
3 93 652076046
100 50 741866796
46 93 499218354
73 77 38291698
29 42 630549739
48 88 107595514
100 52 797103362
61 56 667396804
79 81 750590161
74 14 998057907
11 15 874448825
77 72 899985033
54 2 52890590
49 58 559945695
11 30 91615101
37 41 941676965
78 30 866634285
74 30 586939158
81 33 810991487
46 11 322787813
68 72 463301779
73 88 760735470
9 18 770430223
63 100 103482768
6 29 708861348
24 97 632418108
23 55 867189899
83 92 968433175
42 33 661885358
4 2 168883972
24 2 102037533
67 10 671937493
95 92 613888578
36 9 530294298
37 72 489498271
16 94 989719682
25 82 526446488
70 32 565436744
93 82 549757813
71 94 270958625
81 76 301124690
38 56 325617352
24 92 648017204
39 44 333152578
78 67 65306350
16 21 501523191
49 12 316801414
77 22 120636065
74 29 502724854
51 88 298854232
86 89 139982736
35 67 789982346
47 77 696837438
16 30 556339457
13 69 964215019
36 58 831328596
3 66 814171783
100 21 233385452
35 9 311261166
30 34 528588491
38 97 90000713
25 72 445300285
4 82 697313887
37 13 650010670
75 7 398849919
93 38 172717104
36 30 347056451
48 18 528096900
37 48 826993746
92 33 600197309
98 83 615296644
74 87 4933440
37 4 722023309
1 57 45011384
79 45 474409018
6 64 940966427
81 72 459269993
53 76 857656520
50 77 560779222
13 72 48434233
23 33 793891364
80 1 49378753
49 10 761397355
84 40 899247646
67 18 90414495
71 67 907022754
17 68 415623191
13 21 832099349
59 91 431020600
64 48 844150767
79 15 936606998
50 22 897315631
56 2 335441
23 45 934311661
14 56 54068196
49 93 559335010
86 53 667797776
38 92 566488529
53 47 406072464
18 52 494531729
87 7 877155481
14 12 601885590
6 75 84880445
49 42 403376184
74 80 496453539
87 46 784201392
71 42 617187671
17 14 582835562
84 36 58322495
32 72 910966664
53 30 92489399
27 92 778967726
86 97 635724269
60 38 414167028
70 13 927501959
44 96 957243051
82 62 608419286
98 97 711939104
70 68 138568132
38 36 857088167
100 66 411842016
70 23 794629415
55 44 171474530
24 32 374763616
81 31 993335099
37 83 522699918
94 45 107802294
73 56 971347910
12 92 956007096
50 92 819034044
41 56 642646952
63 19 776048666
81 78 245262741
80 29 425140825
79 96 232991570
83 54 601576238
14 30 984841014
14 27 479271647
47 48 906510849
17 9 386036953
37 15 757739641
93 97 654136559
79 39 864044456
21 62 386855609
43 52 382604099
49 17 953729315
37 44 592720001
76 82 988863276
73 69 424098415
18 10 588566816
53 45 562474126
49 35 50964793
63 58 535950079
73 33 726145596
67 62 241435144
24 30 236207430
84 99 229240189
46 57 598016638
11 96 209044596
44 33 27797124
11 9 672572650
26 61 258499959
76 12 135978628
25 42 124118833
19 22 974913537
3 13 614632496
63 22 394858293
23 77 138178254
55 40 608775384
8 57 997370391
94 56 433203061
43 25 714640652
41 15 626682772
14 96 951417953
69 82 19716417
63 78 373580450
36 95 355102105
1 33 577836291
100 99 238150349
13 15 427569947
86 23 800883253
89 9 127894034
5 34 119160045
86 83 451342976
79 99 607475608
76 91 901619305
31 44 639154311
46 68 299787136
27 40 593033294
14 88 777661124
53 21 717505793
71 68 413679769
39 2 414081378
74 6 956322016
86 42 495256045
73 13 620844692
46 67 47626897
84 42 792603207
8 22 831307050
32 51 359089475
73 65 114308030
12 66 533289700
45 52 32853843
4 88 365148456
42 22 817734349
65 54 427561501
12 47 470348623
98 56 658846728
49 69 916505718
82 28 226464580
35 72 793503090
43 93 475445263
37 62 519997580
86 40 317325686
63 61 79237977
39 99 172195545
87 71 218411849
97 12 156385170
14 9 849699822
86 2 279626775
49 24 882901311
36 47 293684580
71 7 885386816
72 96 587938759
35 21 785760748
17 56 384233170
79 58 170450876
16 62 988472664
13 30 37817557
45 95 19475872
51 82 309650979
27 31 757625667
73 42 575065137
17 41 779126522
73 32 316985665
63 44 170809516
48 82 410171196
36 96 918883226
8 68 953413845
43 66 151211590
87 33 897420642
50 15 748238090
79 17 286115087
61 10 949419781
57 56 246063303
70 98 55393418
94 64 683417039
26 45 87877013
63 37 990902595
81 75 954848141
81 96 821046848
46 58 709278142
5 100 301465249
66 52 99236256
20 51 615366557
84 82 922021595
49 52 307494759
20 50 2161918
69 56 851669955
86 41 131962205
24 52 640512510
32 11 720283742
13 99 911224892
78 99 983028365
37 27 350491678
1 82 437836416
77 28 929015236
93 58 245168020
63 41 131438903
43 82 196653042
53 55 786990974
11 18 872722981
69 58 9733696
16 85 22432627
20 47 373002041
57 34 811246974
20 12 559495124
7 54 327731197
36 66 106065061
17 50 809288069
89 52 110899193
81 53 229194203
29 94 279427494
11 40 546492375
50 97 540863712
35 77 151682260
77 15 997350645
17 30 394099594
60 94 136069598
97 48 832014800
75 51 47317167
78 10 129954594
70 61 485076058
51 96 105407607
100 65 470032314
23 97 927246729
71 31 850929139
73 57 640903517
87 35 215252372
19 89 625584491
47 82 786019870
3 28 532857038
55 62 299702091
79 19 765607059
14 33 947144058
80 19 95440816
100 91 185042130
71 12 325955115
71 55 143815764
76 51 77940249
40 22 320748412
60 56 86506699
24 38 270718362
86 15 485326328
79 90 844140945
23 92 581589395
83 95 30619182
81 91 777527247
11 33 608501039
85 47 799991975
91 52 608661827
19 64 833185309
12 22 534174777
51 40 847231615
72 22 236472249
79 30 395936203
48 58 389187487
38 89 80632653
57 33 706559989
29 69 370985098
45 99 8086108
49 7 168111136
85 9 312208932
50 12 863696693
3 90 924677564
92 2 542059026
53 41 646202371
9 51 970880972
70 94 194611561
29 68 521579106
92 18 459718601
99 52 687456391
34 62 573324538
99 40 839628332
71 95 69272233
87 29 212408312
73 99 835273600
47 58 80673621
17 42 100031135
83 38 490280866
12 40 980876224
81 56 670228131
26 42 985366719
88 2 885775187
15 10 164870491
8 72 466783460
24 62 972276580
59 39 632413459
93 69 301478901
34 52 334543161
87 20 714028558
26 12 92028564
6 14 247634441
26 86 510475789
8 11 415465402
30 65 338529247
74 10 506918013
19 39 289061201
24 55 295649831
50 62 225151660
8 94 281545587
100 22 908981868
97 66 153971310
73 22 858153356
17 61 332246144
84 52 800999431
23 66 683221524
38 58 100186566
79 68 906425012
29 13 124706125
3 17 305012538
28 2 148797297
85 11 230146259
8 4 380828519
73 38 529394206
50 21 810629689
74 99 49616861
67 30 933526953
16 15 710126740
74 32 510579671
16 46 309241484
6 55 729415327
79 20 684267827
45 36 921109428
46 10 701835350
7 12 414239692
86 25 558547141
59 62 331471151
97 34 155860177
86 64 872964944
6 25 499379455
71 64 27572424
84 4 401394266
20 91 53602630
86 62 468029913
75 27 926376230
11 51 126705449
94 52 870079808
86 91 630132239
4 21 502436862
32 18 877642422
98 11 376511730
86 33 257203725
45 30 41822181
29 67 418171765
43 31 904511082
30 91 593228233
59 2 82587675
11 31 860515340
46 66 528255868
16 56 47768201
67 34 322591982
75 45 40760489
61 91 936491277
72 18 413230606
41 20 715231840
84 55 32308644
34 82 811568797
35 25 821973247
17 82 115525553
94 83 68699653
75 22 937707345
3 7 913061033
12 96 38204169
87 53 1161578
63 1 234564499
19 33 69923810
3 69 591756867
86 72 750793805
59 41 432559614
43 100 402564503
1 77 11496463
69 33 835480384
37 96 902847207
55 10 114417859
26 19 309003288
42 82 428562926
86 32 517820392
94 96 142495080
63 55 970831130
87 5 399403468
73 14 899309348
80 55 662978174
70 28 637594896
19 38 799291320
1 85 269703706
29 51 858978167
80 66 28988627
87 4 43708333
98 75 48623927
74 53 422976487
26 48 222873323
17 69 697075486
14 1 468187358
48 22 80365184
35 68 203527230
32 68 74570572
5 22 961827922
30 92 109231284
13 22 905875181
3 1 595619351
83 13 83474070
99 58 985300230
37 25 303047868
97 28 100827846
11 72 401103543
89 92 182151077
89 95 430360227
5 68 934614862
20 25 23304268
84 29 257915532
59 5 221807864
8 89 570685192
81 83 554817830
3 10 169222593
87 48 308811426
79 55 441450780
25 62 467193632
1 13 983056617
68 90 276691163
60 66 621237805
63 20 905769943
41 61 84188831
31 21 552689487
83 85 787924376
19 77 486537619
11 66 722166276
67 58 583443167
6 62 518759442
53 69 792837841
59 92 497869118
78 90 116389612
83 52 927037998
84 90 559250664
26 41 170065667
12 69 813732058
31 47 735565539
49 59 441091426
75 52 51965502
59 36 527144734
1 60 705296260
60 13 90841624
83 55 84703568
6 76 21778745
71 66 796184881
63 36 677837498
18 21 559725485
29 22 335850443
67 55 668182712
14 8 475849286
29 10 355706248
69 77 781561204
87 76 465587772
47 72 448064356
9 72 569673747
13 82 148230695
46 17 576073741
41 94 111306531
83 64 449474374
26 95 845002074
13 10 516579798
12 9 39706288
49 48 69394715
54 10 487880735
73 8 996524837
57 23 250093923
50 9 130111363
70 36 349405770
46 76 717266435
79 76 567089703
29 43 331445049
32 67 664658395
24 94 51630754
14 2 153211056
70 95 340136588
45 39 29833270
7 96 23143019
70 25 617452867
37 12 17716210
75 69 376254966
59 71 348802481
60 99 498246719
48 72 11409136
84 28 127988515
36 21 741389869
16 44 786711042
16 73 762353411
92 31 992246450
7 21 688305393
14 25 536244917
14 93 422644302
50 51 457572984
5 7 22997495
87 1 58779948
50 58 468418054
86 82 334430046
53 35 297035307
25 10 506125806
59 21 182783576
14 89 86147264
69 72 605912123
43 65 766131629
59 82 193049629
49 31 962191358
31 82 73650517
70 93 23631208
84 32 63483007
20 64 473745785
79 67 65917317
43 99 130996585
83 4 758523797
42 48 41332051
69 40 677148241
17 100 825815663
76 15 801032173
37 45 268424901
46 37 891689625
64 33 244466629
8 2 860474486
76 88 86618447
48 90 290106007
74 11 83215915
1 69 282711570
74 20 317974921
86 12 393086374
61 77 533659890
84 27 970972770
100 44 85933469
3 81 513332155
73 45 10088639
3 56 863496255
99 72 215241880
6 24 292592017
56 22 72403138
14 37 376890489
26 57 277782819
7 32 586107974
24 45 652967179
73 2 273617222
18 2 996480527
63 50 40724593
16 19 865802698
42 2 336996263
86 48 602858084
75 48 450168515
86 7 900071384
26 78 765365046
52 10 17986943
22 18 526301295
41 55 358001451
16 71 362264508
1 32 25574089
32 99 223661176
27 45 845734275
3 37 424736897
41 31 645344291
3 24 836360140
87 88 294093256
73 90 494507776
70 66 539725847
16 95 269591307
15 40 532286250
44 28 732263605
93 88 613012217
63 99 519854089
32 89 328761749
26 39 829999450
4 96 383242463
70 11 800446912
77 96 27416344
49 2 6399740
3 78 43881071
51 39 125082952
1 5 965204828
17 99 861086368
53 32 951630890
87 66 198846570
3 55 803490896
80 45 381159947
43 76 751473507
94 85 489195353
93 48 946058068
5 18 846382816
74 81 490003145
96 62 851579038
12 55 437558996
94 95 420835549
85 44 415010282
84 49 309040270
30 18 504835441
17 7 200097782
13 33 540617533
76 99 14667522
95 40 964223382
23 32 285092577
86 76 558390568
94 40 342913399
43 15 384124524
85 96 893425696
36 4 753811270
93 66 839880382
92 54 126812972
18 96 414272711
79 84 337950392
33 10 525465759
86 39 736814010
72 65 532084621
74 88 320738429
30 56 929685310
38 61 26215476
29 20 241839097
79 12 377840426
12 52 851162774
59 47 197329074
24 37 161630032
27 48 666670361
15 56 775326411
6 44 1146713
41 9 120677881
59 81 75691842
5 15 276436519
38 31 799076807
84 21 783331672
57 92 365776281
83 77 761325492
29 56 640066936
12 65 531694036
80 51 338885849
66 18 601396477
34 96 784452681
84 59 395553660
16 37 446937115
98 21 625612533
84 53 90259577
80 56 322303506
95 72 844701293
81 30 706760101
37 90 154161955
31 40 925213695
56 54 594673080
93 77 299230876
79 36 630560923
87 55 703548815
61 2 683493763
26 28 401019226
23 36 785720183
85 58 569698243
36 44 343574730
3 86 508608744
5 56 352379586
60 9 312697429
17 67 803971692
30 58 600844792
73 70 839927277
68 44 318121831
8 100 798443056
93 21 760852685
49 88 860265136
17 71 867338740
42 21 600982644
79 22 302364163
39 40 326117201
43 18 291059231
1 47 855861352
29 23 572583342
20 33 92655383
94 82 689809397
6 65 259180663
95 91 667148989
67 89 195828869
13 32 299100794
70 88 346119921
29 11 471905338
75 58 659087434
57 27 636146261
4 9 375721413
8 32 275731120
65 56 826645740
14 45 611757871
86 31 424335477
8 5 255023086
36 65 987586004
6 8 958741820
13 97 900594782
17 40 55731645
5 33 756519083
11 28 66425169
3 88 809435671
79 70 511166480
29 33 669843626
80 37 643948827
84 18 17202143
11 67 834973755
67 47 550638871
35 55 371703643
30 9 623147389
76 66 868513854
64 69 642614408
12 72 787384042
97 96 480292264
23 100 365688935
36 88 434187768
79 38 345909547
67 64 128756269
97 72 710804430
43 89 696528454
36 15 603986154
46 78 668847354
61 58 290841384
19 4 639069425
76 64 108533285
49 28 209403958
43 27 661866060
91 10 715348454
67 9 750187127
4 54 826350365
25 28 336051504
25 31 774770277
16 72 405431332
94 92 475200891
5 85 790618304
98 78 611387110
49 83 208065320
5 30 256976247
26 24 606288305
26 62 57560636
73 91 162794162
46 94 695536572
64 52 276251702
19 30 339501301
93 32 405238067
3 83 297834447
7 61 878766504
74 25 232894887
19 11 581039574
7 88 508031731
3 91 183756502
26 51 739811953
81 77 910227800
11 21 764833909
70 5 791342965
60 96 982144482
98 69 290617919
16 28 250234365
1 83 229180611
75 9 468176393
65 28 371614168
63 8 172486458
41 36 723881931
95 65 348070359
17 10 700995829
83 36 450173258
53 93 379164586
32 40 195325192
6 71 220956519
74 86 370484156
24 50 890549927
44 21 566394811
37 2 469615400
39 18 937427369
35 4 592426596
84 46 753061432
23 51 668754465
88 62 16290471
83 35 972373887
92 28 726765701
36 22 442746110
73 46 606086499
11 69 214281602
6 37 866559438
4 44 975660705
4 34 788736634
8 40 513095119
87 36 548764882
73 12 667675635
97 30 22729759
65 90 641704885
43 96 155412338
17 65 136238659
51 56 698757352
95 82 723643
63 97 77246403
79 61 535506992
53 64 216331961
64 90 576296186
41 28 57806157
35 61 903835512
45 58 313789555
74 57 88033735
79 21 795844634
27 22 302839980
77 52 408996914
45 89 653181551
31 18 570417312
63 56 296623437
17 89 476335754
74 61 954349383
8 36 654893899
84 71 200432858
76 4 697379871
74 56 441811340
46 34 799364238
32 95 799192445
73 1 689010330
60 52 843769138
11 52 266091090
29 93 962673484
60 69 87836295
100 36 221347345
61 65 948245350
3 64 996685467
13 78 74765992
39 66 455926988
7 77 804810528
6 67 771213274
67 82 988067805
70 89 915829187
66 68 260634826
46 22 394325121
30 33 89886797
3 99 43706322
32 82 698533850
49 62 835226745
1 10 963251302
78 25 890650982
64 88 756247817
40 88 442212088
83 97 59017693
76 61 969950422
63 43 47152595
49 75 431961283
6 50 731864674
16 33 324537188
4 92 74475068
51 48 725238099
48 21 556731597
65 22 396255191
13 85 151968138
73 67 433842626
86 9 559388608
55 61 369220985
67 50 976855967
60 48 404445009
7 91 256285273
5 58 961331938
70 82 683596514
1 25 509252679
20 82 9537478
81 21 500353297
35 90 293051778
60 36 660736794
64 28 439192263
20 31 725862791
25 30 329226301
53 65 797343252
42 72 142732674
50 55 656981111
53 83 313118292
3 25 543849233
30 22 231033036
11 48 485308522
86 56 379266530
80 20 19065455
43 94 132874401
60 72 767044699
93 9 248794263
72 58 838479071
1 95 490451648
26 21 22006201
24 19 173720902
19 47 287530378
35 12 432799987
86 51 153291097
21 2 353240651
2 10 598946775
79 66 147342984
38 69 889710359
59 35 230380315
64 66 592817208
37 57 631088013
81 42 830845344
84 45 732939022
70 38 993164857
81 62 155116752
85 100 34465523
41 10 988409521
35 38 811605221
92 56 85650340
51 15 721099645
86 88 863540791
19 5 484449837
66 40 843238396
37 40 540764389
77 10 563591750
98 93 670016546
3 52 320538348
24 57 950754068
45 4 557056006
49 18 822985552
78 82 32898374
17 94 516635555
23 68 134906050
38 25 799023543
23 12 249873553
50 47 383629418
45 85 393025076
43 56 356976532
47 2 900261436
26 52 46572246
80 24 368209529
78 61 458797978
93 10 835279922
56 33 931395005
93 52 471433675
7 2 30421285
55 15 71773224
24 25 738896547
98 58 189085376
74 72 575472087
27 69 266930650
57 4 138133424
45 90 307225450
81 15 948472251
29 35 612949447
19 55 890091806
38 64 740911696
34 10 395465587
6 99 614196341
67 44 137158354
81 44 433504886
95 34 167353212
39 77 838762414
45 47 865840861
84 54 6483399
13 58 702886610
26 91 321574833
45 20 202411110
78 42 629039399
12 30 688446528
3 49 328094159
97 88 705631546
90 2 70967009
27 10 875918826
13 42 636416004
30 31 657664826
80 59 938027979
89 30 948852185
63 33 986646345
6 51 76305062
7 64 890283282
76 58 601829889
78 65 420266885
37 100 731276144
84 58 674662191
78 32 261956101
60 67 750446277
66 54 758216539
1 31 968831420
8 76 934084418
46 1 506661770
26 11 962466072
63 7 88203948
7 66 23446685
6 31 804057616
5 45 387368163
3 71 335858835
8 7 541969093
49 11 979255973
26 65 891698046
59 58 614706136
70 42 13941998
16 63 499641217
16 3 356272605
79 4 55905875
45 18 547173920
100 15 312715169
6 100 423494941
74 76 741615063
26 81 611181888
84 1 253470450
59 93 796146911
71 65 895143745
80 46 758497034
61 99 407122986
94 20 748903043
24 88 2108290
9 88 586829981
19 18 940822128
57 66 465313168
32 33 331598201
55 33 257207683
35 50 80781962
83 50 818662007
27 97 541512878
86 85 979746207
25 34 661706083
95 22 476949286
16 49 883808902
89 64 955519838
73 85 50043884
54 52 225149820
70 67 177339577
24 41 947194673
78 89 403237376
87 95 662444376
13 34 930256259
46 90 399053568
26 9 847803242
53 40 516257164
33 18 881636350
51 77 172487433
86 29 559172574
38 52 946257217
60 25 230107102
61 92 83524294
16 29 914396036
37 39 424655108
24 34 301581061
98 7 213458854
53 20 409477704
16 31 592609151
19 50 71917726
78 66 322116
81 27 708775274
76 31 212986038
69 54 39723034
97 9 382589075
89 58 853005239
94 36 981899343
1 75 936082791
3 42 607604285
25 40 4945860
24 96 837153264
38 77 786296432
60 30 471086036
8 55 916866826
3 77 397556832
84 20 482837
69 34 169549095
98 61 697508588
5 97 720997062
44 52 695730540
86 28 966680063
53 2 198253202
13 28 31937370
85 77 258797218
47 44 764010108
49 37 811387322
17 23 860564180
43 13 159758374
81 69 114860686
42 18 701268238
6 85 687023546
12 58 337622502
26 84 852536144
30 62 37270172
38 9 953379084
78 50 304239730
45 25 96539113
37 82 978422567
68 40 455513438
11 64 393394577
41 82 677242783
8 56 12269158
73 50 900193066
5 31 699221829
59 42 576146822
71 97 883742957
67 22 946650
91 68 379997736
16 38 62442710
16 47 769743630
89 97 148794615
59 66 930622112
98 32 946398523
41 47 3854418
94 25 702250852
6 43 615972242
25 36 364551776
4 18 662448787
86 68 167073169
66 58 222392902
85 38 506884778
84 80 824931948
14 53 342724635
38 100 477953310
94 89 648455403
100 31 14428538
87 30 950489541
42 62 796060839
63 30 376755825
37 93 645858066
94 90 319640239
46 83 320915376
70 20 763874951
85 32 684839996
73 92 462990085
12 56 72496985
27 15 513901342
43 12 742693572
25 92 61034477
97 69 624420428
45 51 503610685
6 38 358989609
5 77 984541460
29 61 740592082
73 19 441017596
43 23 608000198
80 5 9330992
38 40 977058132
43 77 255633494
34 90 109788238
54 62 709907341
93 57 278036303
48 40 978993622
8 34 383886308
53 99 180236967
23 9 117411770
64 65 557026903
36 68 709565956
67 99 102952416
24 33 310493921
23 25 658183561
70 97 449287561
23 85 104495683
80 77 306535072
79 9 454280126
26 72 353886522
93 96 998640570
79 44 654871946
57 15 981380013
49 94 770394044
7 22 616981506
83 67 116356391
73 9 341509327
6 90 877789774
3 57 382191238
25 56 912928155
5 35 77943553
20 77 81524038
53 97 323960124
29 57 898406717
70 100 499780668
71 50 168530227
86 54 487644701
71 91 185602805
61 66 320255697
83 10 32430285
13 90 845364046
100 88 378665062
84 43 842605777
58 21 568478489
38 15 611006636
80 49 636880805
17 32 995995532
93 34 324083357
59 34 428761350
26 80 648933555
64 99 6827761
81 20 997671059
74 71 664532583
53 37 967427644
32 64 603867580
33 58 140103318
39 42 895526915
47 62 771431122
77 18 238542446
78 56 946312976
75 56 390415874
17 53 5887289
41 45 922134321
97 18 940532176
100 42 475065916
20 69 172574505
23 7 43606329
80 53 326081272
16 65 868007535
53 1 190100016
14 97 266204919
23 99 702696165
80 95 257393955
63 48 150678538
7 55 201255603
26 93 616360708
50 99 731195942
67 66 88079899
20 18 702445851
19 28 961268873
3 21 934324256
82 33 477862572
73 20 599351750
34 22 930328568
73 21 229537888
6 1 673763732
4 72 504598249
6 35 865799841
16 67 31156415
53 85 271294802
23 96 741149562
50 36 841815838
16 48 668218658
13 68 284998598
86 63 144358930
32 30 260173001
1 38 573460652
47 22 370696087
45 61 776188543
46 98 173369154
64 68 17739134
27 82 475583539
36 92 277723070
13 52 761467944
71 61 893543083
79 31 666969240
43 57 276257970
80 44 992830331
37 5 60186400
19 13 61602465
6 20 711853872
18 58 847659803
94 48 660707446
32 66 11279954
69 61 509681044
17 36 599786113
46 81 71204686
63 34 182797024
15 21 456193003
92 91 808106665
3 87 520835336
32 48 102130679
87 100 998958896
57 69 187802981
71 96 252757587
34 56 481017879
83 28 11600714
81 13 895228163
24 66 156852972
37 99 886888423
95 61 848785578
16 45 436894515
46 9 700083355
3 36 671016918
51 52 38358777
7 30 386993459
27 66 927479768
100 58 651005622
70 12 800684449
19 41 565183906
93 100 488426106
98 91 987962186
70 34 454470974
57 41 767472544
63 32 915798232
12 77 43788120
73 36 248610541
43 83 973145410
73 95 803877458
14 47 948554757
16 9 41425342
67 92 58712388
25 12 310246836
93 28 425894594
72 90 392243799
84 63 550403121
46 4 896324510
76 42 666316793
41 65 425337969
46 71 77490412
41 66 127029293
50 69 621357611
71 58 206591837
95 42 120192171
87 56 398705216
94 77 767959111
70 46 402897246
25 90 115413151
29 2 507625555
79 74 109512402
71 27 7700148
38 95 804084443
53 36 862985544
49 29 121914268
37 67 802144680
17 44 493550216
11 36 402688515
17 15 942361151
41 54 301615919
78 20 224443343
93 72 396041828
46 63 92194633
74 37 190347089
53 66 846948859
87 38 736117810
5 39 510766059
36 90 859258475
3 95 539777182
5 52 922963501
73 43 603835812
70 31 220997334
19 57 346238306
74 64 640875886
63 9 443114534
98 6 400406913
29 89 21776587
1 92 297023896
74 4 31106113
92 21 309548496
8 60 954872686
44 72 903746133
3 63 383534014
59 48 774121480
93 85 646428640
8 25 372385626
8 47 829030188
83 69 496075205
63 42 142412474
89 36 982165296
49 97 72524697
74 5 251219182
6 28 880755113
65 82 810889555
30 72 536830394
74 13 255354013
95 69 3550718
79 59 878325037
83 15 706817081
25 89 499443732
38 28 505042426
89 69 275181668
3 65 105800853
6 30 749923989
9 56 119843535
4 52 842421757
74 97 455971525
87 11 372562491
81 8 171861690
86 36 712937030
81 71 253242560
37 11 527640077
5 48 309332975
16 27 999251191
73 74 795472089
34 65 217161839
87 28 736257106
11 97 386693063
86 17 820137829
78 34 299129777
87 54 75705695
75 55 53548499
67 42 463661212
98 44 239674692
78 64 664494997
86 30 544225509
80 88 359071178
76 96 714506937
53 77 326381812
36 51 220831869
26 58 498600291
60 93 630260610
24 43 605862425
85 4 511851587
19 62 466136218
55 39 822574197
86 4 690731362
87 99 290510814
69 44 553607062
30 54 183314751
80 62 984822208
51 42 217451390
43 2 132326931
29 38 559806850
26 7 576324202
15 62 103862796
80 83 167378495
3 45 657188066
68 33 951590993
75 65 153063327
79 97 349352021
84 56 550219102
79 62 306225043
73 60 526215831
85 54 593102687
29 60 158498370
43 61 437309271
89 54 977918569
24 69 978988344
73 87 819092432
31 48 995439751
17 52 266926012
14 34 895264168
82 15 782639973
40 18 196597130
36 40 701252758
32 44 234059204
66 33 260036147
14 18 33596160
79 60 972011488
84 38 30893898
16 81 168252764
17 4 675174453
5 65 990197553
1 89 485329965
53 33 83701902
26 71 425694161
59 53 111461956
89 44 245565635
66 34 127277412
7 10 495700087
41 58 607810476
57 89 780950837
100 30 320738275
3 50 476425335
81 2 136021346
16 1 165738065
94 69 235889642
75 35 165753871
86 80 290373270
9 90 887896229
41 76 251338302
41 99 904924335
26 89 128443309
46 15 978033501
44 40 918286433
11 34 192384435
46 69 536421544
8 19 994864142
5 67 995353873
46 91 760045461
45 7 549869402
40 58 447372682
50 66 368639810
31 72 366266671
6 94 866461488
87 91 9553652
87 41 712607102
91 62 693337748
16 79 390514460
86 10 270691736
43 48 859993260
84 92 740602682
1 91 58334927
80 85 699298440
29 95 651663306
78 97 113311439
83 7 14890954
66 72 988033143
80 31 725496567
60 18 296981785
14 71 740273896
94 68 908633809
15 22 371692522
23 72 524335655
17 19 124906986
74 78 118141054
70 29 302510127
43 47 454092152
74 98 915066343
46 8 350410267
38 48 545625763
6 97 297542419
84 69 850839966
11 22 468515219
37 35 509752903
87 21 282712959
7 52 652479895
91 21 603643541
29 45 64671970
85 66 409191911
31 10 488517202
86 18 750972460
17 2 62387053
92 47 960109101
92 39 782384055
59 18 415039531
11 88 438635077
39 31 443173725
73 71 47732831
43 38 161249981
63 39 263847965
57 71 849161370
65 10 514492226
45 100 937834840
97 22 213518712
99 82 454228103
14 23 670500781
61 34 462889124
8 33 937804569
16 23 712870310
60 32 224733371
17 85 391029389
14 57 83930796
29 18 506646457
29 58 438859143
46 47 576764142
8 92 472413644
31 22 611479533
93 33 929364718
49 45 887525816
6 89 502732265
4 62 219951322
49 53 820981017
7 44 699430428
13 18 252018812
94 9 908113731
3 27 150312527
46 50 891537279
24 35 760102328
46 12 179680498
88 10 82119853
39 90 347102086
29 48 270680908
69 21 796245898
85 76 636328650
84 19 751206965
75 15 764421
43 37 619968570
36 10 290682939
60 65 386830899
9 21 237727772
79 46 869482608
29 92 9095904
46 96 503787286
43 72 156328196
47 18 720190418
63 82 502512178
86 8 289095579
69 65 544512367
6 68 804145831
67 72 366991343
11 82 290049467
45 82 775601403
23 52 907167102
84 81 651613169
74 18 502349558
70 7 40779095
97 51 879849424
96 88 491339777
50 89 104659940
93 61 891883853
25 95 998232709
80 90 538727840
26 20 31389262
98 76 343306319
86 71 969878969
80 33 565451300
43 67 515534577
81 85 695018318
3 80 552472132
46 35 734058221
60 61 321198194
59 90 971474337
49 36 463464626
47 68 606131711
87 19 775119876
36 82 178936456
53 10 890541200
83 76 94479849
17 28 167797185
74 36 162729183
81 67 249766499
26 53 16529494
60 76 857098620
91 72 508013290
73 37 822691020
43 44 974936994
91 88 23298380
73 55 891493636
17 5 571894253
73 100 466394101
74 75 377837163
94 100 581947405
51 10 533375375
32 9 748886133
49 1 253384904
1 30 393150343
1 90 705700874
94 97 323268229
23 22 4831931
45 21 880137871
70 1 973108766
41 25 291447764
79 77 44233858
14 83 156353135
89 96 359854701
59 10 893492978
17 12 978663358
95 48 10964434
16 39 653549581
39 54 861864263
78 28 910852225
37 56 352205322
45 33 770638600
80 48 305764335
19 60 645906676
11 20 591937380
1 2 794894465
94 99 6484399
52 62 736200150
73 81 827404284
80 71 955871840
98 29 621636111
3 32 487194738
59 56 995841817
50 56 186525163
59 77 624907505
98 12 968383395
90 10 563420163
7 42 97787891
13 89 744812550
100 55 943088552
3 47 15287403
20 99 345938194
51 66 997317572
83 96 191075553
8 91 196191208
81 60 952501600
38 82 191973585
37 10 599719159
64 10 404525529
3 14 481267732
36 72 10629979
67 91 328769666
90 52 712060924
55 21 521736312
36 54 684084578
57 7 767552870
73 3 754588496
68 2 242231373
77 62 131975784
6 48 804307978
7 25 126208145
17 6 23771322
49 55 483945425
91 58 418571879
36 64 499833729
16 82 789238886
81 18 319198050
87 32 605607556
85 33 251608796
17 22 355788077
7 90 704138570
94 66 867755294
79 87 388916922
70 35 523759186
20 42 159934449
37 95 763208677
76 77 337721457
48 56 835563095
93 56 640143806
87 82 408655361
76 47 953517731
73 62 50414849
44 22 861054936
83 33 886178310
55 54 379328481
47 99 159125603
79 56 223862955
30 66 146873209
27 85 21657108
24 4 918787161
27 44 246270350
75 88 580242319
76 56 792373593
100 77 611149010
39 82 918599034
16 69 901267289
22 88 537107226
80 97 797869132
35 10 71040696
25 54 127764601
83 56 628280275
83 72 482050666
45 55 115774110
6 42 598095203
35 36 561056389
97 56 115587581
45 76 47761282
13 40 80964407
66 15 148166402
46 99 647764524
6 82 840074773
24 12 80366924
100 10 506725271
87 2 724227910
7 82 143675083
48 54 151601602
80 58 842982573
70 48 556283534
89 51 932549249
81 55 622945749
19 35 75546114
3 30 113220938
27 89 827414029
5 9 181264125
98 90 514357751
84 15 624832075
16 41 424128895
43 75 511800218
5 40 166023993
52 88 23510167
37 60 610619474
79 72 839815377
26 98 805956328
70 96 227493870
59 31 257553754
45 42 729561453
78 55 785903497
57 76 424017128
24 77 607184122
9 55 367284009
27 61 977058036
1 71 651066902
30 51 405750569
12 10 871465371
13 65 889251540
30 21 633677759
79 49 536535186
76 20 364065540
100 34 537398908
63 89 332930485
63 5 708199073
99 22 250858162
68 65 510838251
46 62 392136104
17 76 96614063
98 5 30718940
20 2 216968795
93 78 984852019
56 52 285585010
43 95 147394872
98 35 686771074
91 22 10185955
80 34 420453502
86 69 651384513
42 90 498200176
11 68 925704209
46 60 262541491
14 62 806138763
100 82 517479804
93 50 201280661
19 71 254659141
70 75 210872706
74 94 613111118
25 2 746816176
14 68 15069965
93 92 699132224
12 88 417894021
41 64 729281284
24 78 265411584
67 97 217414999
12 48 491901842
89 55 494562333
47 65 935541576
43 64 391756633
39 62 263472383
14 55 474773758
43 68 141690302
6 96 836308201
55 96 283121382
14 44 505317372
29 25 10252080
38 12 900086049
57 96 82334317
70 80 401196827
73 80 35224331
23 44 489300919
46 88 127748162
85 18 918313531
51 69 70963049
19 78 982649465
16 52 434861638
59 25 946990109
16 2 887213783
29 41 240655768
50 54 415303453
41 67 86790639
7 39 417924591
35 42 547483986
15 88 25368923
5 64 336131327
41 90 817590591
94 65 821847968
3 5 582834978
51 28 3868412
46 19 577600942
98 54 434402223
37 51 607461480
5 62 190943905
46 85 822069012
74 28 30192060
85 42 968750355
23 11 925086797
46 61 728145610
8 75 668013809
78 58 613713462
66 62 129970767
98 10 784107264
50 42 659561375
17 55 978643774
37 47 220106066
81 43 186792001
41 97 105558823
23 47 306690196
13 56 991987134
95 4 716872973
70 74 931668012
69 10 733955881
21 10 397158448
16 66 609355025
38 62 346835773
47 52 621786697
63 90 874236604
85 34 328657648
41 11 792768359
20 96 315688299
8 67 890488140
20 28 672121454
91 99 62500451
27 83 29956147
8 44 746854283
32 77 105941408
25 50 809070427
45 10 827152502
17 66 594835990
11 2 137715166
74 21 157439314
55 77 571001521
75 96 83447901
14 76 398030109
69 28 672853549
81 39 885542395
79 23 130112701
71 39 844530672
99 15 847652637
79 1 861401979
1 4 770332860
43 42 561877759
4 61 441098226
50 88 474868155
41 50 294935440
59 11 681697489
53 12 877419175
95 21 579401082
61 33 242354761
69 47 666893731
76 30 216086861
73 64 482480490
14 36 328041477
1 56 517715297
3 40 306972642
36 31 807821004
24 39 839217655
4 77 709508025
64 82 376701066
23 40 102431232
74 31 233008996
13 62 906884676
70 51 356899815
17 47 831694452
98 71 694246147
98 40 517122227
35 47 763710337
55 88 288225822
27 39 614409609
90 96 659391420
98 47 476767747
67 95 737630462
73 76 507402070
14 31 297066255
24 48 53567697
50 10 582139727
94 61 675905299
26 4 688460830
93 31 681436219
4 28 939974083
17 72 857680282
84 24 59804649
57 78 611155112
71 25 355826486
19 76 620631661
29 47 283014890
8 24 34387748
79 95 699214186
74 17 536227733
57 77 595141377
89 48 196790551
11 91 760490555
14 21 729291975
79 63 616062365
36 28 814715419
5 82 260384925
11 10 406012107
99 21 989601250
67 56 994819768
24 5 606419452
59 57 186522685
79 40 24396865
94 91 870317739
89 18 307370662
24 1 648233226
63 25 716891498
94 21 537938757
64 42 378638229
17 91 433136780
99 18 968490020
13 100 875273743
3 67 553639871
95 31 818986847
16 50 716462184
75 33 347861348
22 21 329387830
82 90 219094587
7 62 398718245
51 55 544074722
11 12 514650626
26 97 809567767
67 69 886775660
60 27 380410983
59 65 750417333
67 39 947123893
17 57 768078711
63 27 821649564
14 100 536782837
24 54 337522080
16 68 479938207
78 54 479630733
82 52 957401986
12 68 317020833
71 38 424734779
85 15 808388857
98 34 221995014
57 54 482830584
70 65 435046517
85 91 343713158
74 45 91808869
22 52 83450670
77 40 13365
81 37 763141369
87 43 809867395
98 20 190828936
7 15 672221664
59 33 233601114
95 9 338594674
85 36 701818891
15 58 593064298
78 68 647235307
59 76 125852629
33 96 574193787
80 68 567155424
61 22 874296925
50 33 12052943
81 51 573183832
67 36 822236788
59 68 92906189
94 76 810327994
73 97 364576015
16 60 428008672
29 39 535591221
16 4 10001900
83 51 239855822
14 11 994610595
76 55 816615629
41 95 362578828
70 17 493078521
75 39 400226481
87 89 952440001
57 5 461486465
49 30 894150547
28 62 12787615
85 52 797347550
43 88 47332705
12 28 553974316
79 50 319647845
59 30 927168239
86 93 659577025
75 31 523660408
49 77 376029269
46 29 645603394
41 40 292769170
36 99 673741985
59 43 436668736
85 97 276232446
6 60 211042444
75 64 415834724
29 88 642595181
48 52 352056965
36 55 941869721
93 71 204838184
71 33 323218306
70 30 273614937
49 43 786748644
26 29 610412234
16 92 823191760
87 13 538825921
30 47 806040602
81 10 507722138
14 48 756608326
37 1 823431474
85 88 794726269
92 10 639730361
81 100 755008342
11 44 951398019
53 25 849234817
98 60 665961217
64 18 399973470
47 28 394595016
80 54 253379938
84 41 131261713
16 98 467300407
8 54 370286155
15 54 850611045
5 42 531657799
57 61 399168748
59 4 124027142
14 20 954785494
6 45 955587488
16 93 52973010
34 72 867083570
84 17 651193436
3 9 79191868
84 57 925260781
74 92 23631568
16 20 172072368
72 15 741181704
74 47 432330860
16 11 971394230
1 27 301603589
97 40 214719792
6 57 362193739
71 32 684174168
35 28 202068407
46 77 614024684
59 95 77995664
4 65 483212712
9 42 98470247
5 4 220363568
95 96 321378343
43 4 710168499
73 83 545270299
16 83 815697933
46 28 252525238
74 26 194493565
78 88 384787452
74 38 594879462
70 86 228110898
59 52 573145348
17 96 197170551
46 39 362539965
60 22 462618957
89 72 947303387
86 22 243817398
25 39 267254403
47 42 849320498
29 19 597547961
7 11 595470342
96 21 20821414
80 94 465349335
20 88 390562256
80 7 23814473
22 33 332729669
78 95 41127310
5 28 327875094
74 49 189925067
4 69 197059143
93 62 595510236
64 4 745685070
80 8 710774385
46 52 321519074
64 56 100050564
73 34 674937382
53 39 899799564
7 68 199209108
8 99 853964820
57 40 459765148
73 39 695393485
94 30 296999468
87 25 131960987
57 100 885107297
14 78 681046075
26 92 804962180
69 68 955954085
45 2 876951001
32 36 573841986
25 65 45498215
75 40 881977254
94 47 178642935
17 88 842814811
70 56 316939898
19 7 445969706
66 10 423377138
50 64 536022154
7 78 998772664
97 65 5380600
26 56 282308625
97 92 648068471
32 25 175881599
1 93 980143959
24 40 509640874
12 39 575690386
31 88 284253618
85 92 476816099
29 4 408872170
60 34 998439419
86 81 308077501
26 30 696682217
75 78 876648516
70 22 628911475
41 92 105336973
95 39 217242103
95 2 849250416
30 42 194262362
63 77 309991562
9 31 168706345
74 69 791337437
9 40 736677002
53 28 2022372
25 55 969824142
74 54 22733421
74 22 510818082
96 2 860932682
97 4 985302454
7 67 81831758
23 30 303060190
100 33 909449236
70 9 481680119
75 18 292097907
78 96 731763662
3 72 425726656
98 92 851991090
11 54 476738581
17 64 908380316
27 67 707500799
48 34 421102848
78 44 448315877
29 71 572946872
33 54 509284406
38 91 82314954
5 69 945910019
60 97 725526648
60 95 758893381
49 51 605024549
43 35 4953357
75 71 751830746
45 64 318459541
59 22 376569519
22 58 827196425
32 52 355357457
63 96 199654903
69 15 540443932
19 75 62149830
8 18 403803265
9 39 445897005
84 95 783715320
66 44 479671303
95 77 713799503
26 27 734912651
39 91 587809343
20 15 409332830
93 89 599953051
41 83 905489575
43 32 100631616
29 75 72848388
89 10 521503822
37 89 183241541
66 96 683709791
89 39 924142555
3 20 642963280
16 26 805596608
64 72 640984848
3 53 863293034
43 21 315918928
68 56 903768084
11 47 496334969
78 39 886693248
14 94 657011216
67 100 86619665
12 31 767956503
27 56 282253099
41 91 907724421
78 100 537512326
25 66 534987082
8 82 120304628
40 90 1176572
50 34 518441965
80 2 338708278
60 35 479664953
37 55 106432625
26 75 505451551
43 28 477051637
23 39 93572335
61 82 694168562
94 23 687268396
37 7 875114878
31 56 199035510
78 47 664123807
8 64 456855692
8 28 378520654
23 20 477725332
75 54 431767041
75 11 159644979
27 13 250165759
23 67 776499364
1 42 845591748
79 69 413435902
70 49 930290652
84 68 163089707
70 8 598781667
96 58 262397001
1 23 556727282
53 92 802306168
29 1 256797245
83 44 790028275
86 61 351150105
43 36 609511536
55 68 817790325
27 20 290022897
73 40 435089833
5 25 818951012
78 35 151410292
72 54 11940528
73 11 239868423
51 22 404404381
35 15 524589478
78 9 648357215
4 31 976642638
24 13 860670006
77 2 392955033
