100 4950 78
5 19 53 86 87 98 146 198 200 202 219 234 252 256 277 308 342 373 375 397 399 407 470 481 483 495 510 510 557 566 632 662 663 665 669 697 722 763 792 812 838 850 860 873 923 930 942 971 974 986 142440 232681 253649 270870 416191 426697 435716 529502 552544 558243 579290 778777 785125 793793 814231 998957 62606891 91294842 109024183 138821380 163289148 200237642 208513563 298429943 305851695 315315527 334498965 355982294 357911766 377241243 388140717 460657066 500435291 521047137 528537140 570060103 596590314 616577274 716522617 724104212 726982982 739378861 752423585 760236713 778491368 817544947 881975002 913436917 951612884
58 16 870036345
96 20 623058986
18 22 911936727
78 92 335446992
99 85 637169396
83 79 341310987
23 39 282378626
48 99 432119072
11 41 36681120
72 14 104113347
83 54 22099236
93 4 510809760
40 76 110846294
70 36 17590434
45 24 148909062
24 67 828983411
65 55 648735785
7 86 568631283
67 14 957447364
46 6 397948435
62 52 788695314
91 93 517491199
92 4 507951798
32 31 494750812
85 80 154932922
44 39 335089738
7 46 608835535
45 32 477394528
33 31 4549329
52 97 232900670
54 67 982053876
44 61 876350805
58 15 237599249
45 65 356272568
16 88 205655667
80 75 947385748
5 97 817012558
76 59 714547228
99 14 312586701
75 14 383285193
57 91 740940422
99 37 835665156
46 86 29810676
54 42 105062223
5 21 90825926
15 79 889527407
78 51 679239750
87 36 805655460
67 81 411454937
40 85 714854108
45 60 516522898
80 64 651560533
91 42 375587406
77 12 945021049
42 90 779692328
10 2 811703896
96 90 273594552
45 31 138156705
97 22 41624777
19 80 482774366
13 33 203673190
73 33 954608291
87 26 373325621
4 13 169134943
82 2 853347490
20 55 777290445
44 29 421268667
86 31 758961385
27 56 377742907
54 88 885710951
58 86 715449630
11 72 31129737
38 46 100720857
41 4 903128455
45 27 615678485
98 64 238708071
86 81 571616950
37 93 975754133
16 44 451907047
25 4 322418083
77 76 895717737
77 21 930644909
45 5 303036653
81 90 587285076
82 21 568258167
38 74 430632160
63 47 293116667
5 77 264035883
93 76 548375462
15 72 331587562
39 92 875909188
58 59 871323236
7 85 914054158
46 96 997936159
12 1 89179164
46 2 799533734
38 96 229462556
66 73 189439880
23 70 919612629
76 12 989314157
60 2 120941110
35 31 395486460
50 72 318688697
24 25 315177580
100 56 608697848
29 81 123951533
80 53 532715308
32 43 129499472
22 19 701436015
78 70 51676502
41 75 763904261
47 98 503332104
100 80 742714666
77 80 800282841
63 14 650626393
22 21 705558315
5 68 38737011
32 27 274793372
45 87 673277941
92 95 260757706
77 41 207467750
16 22 530201668
28 7 253788145
45 99 621043787
91 96 810372639
57 15 439048032
54 51 150342868
47 76 970493598
48 98 470185108
48 41 616250895
16 26 841961903
83 81 415743384
7 98 466506751
55 1 505525624
2 14 98658852
45 76 733143819
6 90 529547195
92 8 233326601
84 46 370252977
51 4 910910484
92 93 205087564
62 80 516496480
52 12 838416577
71 35 944918374
87 98 892078768
64 33 808041683
45 40 888902938
51 87 810947598
82 13 36391788
28 20 647340898
48 81 753125071
6 35 375114687
69 64 296492734
56 81 563936017
60 68 471434085
17 26 787625276
61 90 999694078
30 18 488228775
5 67 939381971
45 36 154360222
74 68 950775778
54 46 561822456
32 10 637025791
11 24 895607607
67 64 248048207
58 71 863528087
39 43 230211119
67 90 177362232
96 34 780199134
52 82 619418750
29 34 706446859
23 10 485476566
37 52 715226424
89 96 857760404
5 81 622902140
91 79 771058545
93 86 654014090
62 12 945821613
91 48 149377843
17 92 647168421
46 21 570969245
83 32 112509158
57 74 314709398
73 17 664089135
21 71 785834707
10 93 159376765
32 85 221856715
99 84 567080298
30 26 595634633
93 55 105727468
62 23 15059456
65 13 839908310
54 2 685317182
5 94 452781655
37 12 322536922
11 2 772918899
56 34 778262232
50 12 761795350
38 50 645391264
73 61 93979953
11 77 940292300
94 61 328830755
39 76 101333493
50 98 583565000
16 55 844653289
83 22 881041588
78 74 920235094
65 6 12814729
32 73 797468167
87 8 374944544
58 8 507113536
87 71 635813394
69 44 505318546
60 90 799010960
16 6 218210025
66 74 115358875
59 34 316919465
84 27 470837791
12 75 682695202
100 7 211198891
83 2 200130855
6 61 372938303
4 81 45299523
58 9 145582552
69 96 382903959
40 82 60169158
59 33 767825278
11 23 508628943
89 14 586306457
28 36 343741091
27 20 617276877
54 76 437318360
57 93 898280393
48 51 476426950
10 4 523602770
69 6 808480172
85 34 590834940
77 25 359699391
55 53 865857911
87 21 183367299
32 75 261304837
16 24 379305102
45 18 922815883
30 74 375106601
100 42 893861835
16 31 276968639
60 72 444648393
83 58 437324564
32 71 836285019
51 2 558755335
41 93 224809208
100 97 863422519
37 10 475950250
91 71 378675865
15 22 971837130
23 92 510074636
66 71 176887923
83 65 444464297
48 15 86667173
100 64 418669057
41 88 875307960
79 21 849158072
11 87 814073078
83 7 147922943
91 26 795007587
78 91 445324348
96 55 183663402
45 29 768710893
10 1 169320950
84 55 751019893
42 75 526898680
23 96 58091388
29 25 71543045
7 15 128193134
94 2 227381253
28 49 395246916
24 76 59529628
86 61 32625026
47 26 679564955
47 55 897384949
23 65 102174828
48 14 733444978
32 28 445560828
92 25 116906484
16 81 442713440
54 1 306378791
11 3 508639167
42 43 344169708
17 95 925490719
30 15 951039771
32 21 834363031
97 59 831423917
7 18 323963747
69 80 405191381
91 38 377185871
47 42 75059956
41 64 559685741
27 1 238659069
18 2 414158474
38 49 827940402
84 47 252572389
72 95 151570926
12 53 237257450
87 42 496488049
17 27 810542175
11 84 449091019
77 43 867670563
76 98 482423999
15 49 283255600
85 76 220278638
78 75 664676388
41 39 713827615
89 85 709715607
49 3 308108001
91 58 343405207
95 34 526100285
91 61 790252291
83 10 683702435
89 13 729372001
15 20 82104365
10 59 857755994
70 24 403724364
89 73 929498351
10 79 774297153
58 64 299942314
45 35 201741039
99 69 187096140
73 24 33468965
86 8 427354950
30 68 159293272
77 9 998668037
18 71 435215594
51 75 865163878
100 53 342487813
28 35 923269199
3 42 627345930
92 31 302749223
36 86 190816027
45 58 591816388
5 72 604416171
97 95 22234882
43 6 478104538
89 87 131135781
72 9 405467277
10 65 487759825
78 59 799214609
66 87 921526140
17 67 847619254
57 100 585923381
58 33 419742813
100 81 636314536
28 82 56172575
28 23 255724929
78 50 388573397
5 74 963120590
70 50 860075443
77 8 609782882
91 4 643979495
54 36 777209745
45 75 500583568
54 55 14365722
77 1 627197292
86 90 72485363
84 60 498326465
40 97 554290281
80 98 829164540
74 31 629785048
83 55 914122256
69 14 470286410
23 20 375230827
20 82 609778236
77 71 996904031
38 79 745515680
26 2 653436836
57 42 502392307
100 77 428214419
40 41 969861128
99 76 401836887
49 74 480797279
32 4 899017390
70 4 409536713
93 56 799415594
50 74 334322241
99 65 264896160
59 53 468195058
26 14 946597390
87 47 433814190
70 76 788281647
96 25 766316972
5 14 917437158
99 81 150276796
7 75 525286265
100 82 890329374
30 61 40392579
89 42 863832645
24 71 853463651
89 58 935350736
43 75 581103263
73 29 582091373
43 68 859173792
78 66 403952276
52 29 197613487
62 51 470787044
78 53 377451053
37 68 830442742
92 67 905496711
11 96 631170928
67 71 27804479
65 72 571379347
90 1 534952324
87 75 745403067
84 67 865949053
26 71 236868227
20 90 894723104
11 80 269432006
38 18 158832124
17 22 190641277
73 34 445038164
51 47 174053029
17 18 228208666
63 68 220708386
56 86 88263727
38 7 756124166
94 71 116839308
85 6 175469582
37 34 483187914
11 56 231126071
89 61 579109959
26 64 317768234
5 75 996760087
59 31 386232792
52 79 460200114
91 43 494675651
27 31 734184979
81 35 434518970
39 67 313293047
46 80 947419660
59 14 728526385
84 9 827121422
78 86 826847775
83 5 547690203
77 6 483141159
26 19 992246173
7 35 752665237
40 29 361778024
91 73 771365600
49 71 349424839
87 39 382869988
85 88 455070767
100 84 249651557
45 73 100455362
100 6 628800334
100 17 80659462
54 80 369306259
63 8 167424518
10 9 906850630
63 2 752104868
99 54 614494552
14 53 447472217
16 80 380968837
5 60 867164940
82 31 685112478
87 49 572768835
99 72 402925542
100 9 569131471
32 54 885666796
45 93 508351782
38 20 500183656
54 3 85480413
15 60 483930456
99 7 777815161
63 92 616250515
48 77 155528113
67 86 996626067
15 81 127700347
48 95 233024083
11 71 700836934
16 4 737171471
24 74 578535827
66 36 415615156
38 65 306076513
61 33 207711320
83 41 996694474
7 67 563605826
84 21 554449872
91 69 334132719
97 71 910119410
44 88 748882446
32 17 696436307
19 53 208702341
38 25 454055826
77 44 436516299
47 70 332630262
27 86 909075490
21 90 462640039
26 12 994112324
81 13 933147730
92 82 304993646
5 92 342047673
52 64 567080403
57 52 861957281
40 70 292823356
45 52 824729322
60 59 364176172
38 69 592236807
57 17 390950115
26 76 291642365
58 13 144451775
16 95 767552042
66 46 806114414
65 67 567547185
6 68 369691289
87 6 585048772
83 1 948911119
63 31 338085749
83 24 746681852
5 20 882896640
32 50 897169120
43 55 343088424
79 75 708594295
5 55 939063940
30 13 112044651
87 3 656171198
99 18 897437337
47 50 168903604
52 68 227425667
5 1 924828170
25 43 510387752
4 61 806465418
62 10 232668449
38 59 798182166
38 5 557518134
19 9 258926434
38 39 242780224
87 61 533041584
65 98 867861078
50 2 715118173
63 41 786011081
74 33 842811238
66 61 692715769
77 95 34076973
32 51 49151569
5 65 425314750
84 23 223259829
4 8 73812470
41 97 898750700
38 10 819712130
83 87 681048064
78 5 470001584
84 69 695908144
28 14 279218518
98 35 11962777
64 53 18523399
67 34 250523880
44 75 945925256
11 92 468177921
30 2 567391392
20 74 119093826
46 55 72203761
20 25 662216158
17 19 366914843
58 24 7667838
83 74 787363724
26 95 924068685
78 56 118460645
11 90 660064283
14 34 421403545
5 46 718585549
6 81 336329082
57 7 818165487
36 9 643336217
26 33 201021767
78 19 200799244
61 1 927769131
5 56 234730084
20 18 819395258
21 9 388163420
48 76 881117962
52 88 493275685
54 19 181051152
77 88 161146298
87 95 786537353
37 69 185788785
3 25 148539629
73 39 44702424
3 9 457829620
65 43 482013979
15 21 328420854
69 68 670922859
93 22 144696784
32 74 919996329
77 19 572269089
57 32 920791973
7 55 658874669
58 60 1183029
86 9 694155106
54 13 667520607
78 49 222451274
11 44 432183185
29 21 368272372
92 90 688384404
83 75 198858766
28 69 432798822
93 8 521830196
57 68 34164652
70 25 13707945
44 36 60583858
79 18 208714320
77 79 24932090
92 36 752413387
47 97 879211828
17 68 526198888
78 54 680207373
89 35 883580251
32 92 492082958
79 82 167385221
88 81 176023983
74 6 477032393
15 56 135965742
45 11 905523256
83 19 933710577
22 1 590925479
70 1 95188781
99 47 160856456
27 60 783391892
4 1 277723768
70 93 677867881
37 26 72292843
26 18 444119868
99 31 675106727
91 33 499795037
52 36 507669532
39 9 891874651
87 43 40769080
93 15 516823874
73 23 95133768
76 34 491641518
42 33 3355094
52 41 206596299
99 12 455937966
57 29 795941425
58 44 339170234
3 80 512162449
33 71 938808938
99 55 451458895
93 80 401720078
23 49 223489428
82 90 451264592
94 13 55648270
62 69 871710378
66 90 206365659
46 31 341779436
47 71 95948203
7 6 285335431
85 60 477956723
96 43 269157668
48 71 26624812
23 79 94441713
93 81 585960191
93 25 783100887
57 37 64016115
73 21 287932340
78 68 39625010
47 72 464864053
94 21 194907980
42 61 46117821
18 53 937748599
57 92 402113928
94 42 395663277
57 55 748014072
83 33 202855457
54 8 375389714
51 44 960683378
49 24 410662875
62 72 238143779
16 68 328291502
48 69 732342285
48 54 673359642
66 97 558170655
27 96 883328516
43 9 219516969
28 18 124154792
73 14 585042164
30 60 721874577
80 12 794944294
27 61 254580343
51 70 935005449
2 90 979581680
4 71 616652027
3 71 512470879
41 35 986516082
18 19 408255693
29 96 642267105
30 59 493381198
51 60 513097080
58 7 772241890
83 68 606368292
62 37 644316239
66 12 546646724
30 49 831822294
99 41 98514933
38 2 971490575
39 55 676775725
11 30 588088854
57 85 31216839
7 21 36784731
85 75 724127969
50 35 331874097
32 34 668974228
58 81 473862303
46 67 287542750
41 79 817212660
48 89 533051679
38 87 293788523
30 55 216957474
12 42 115780161
52 55 245365348
30 24 358169412
26 56 678635943
96 67 441216308
83 80 387062806
72 55 403608092
16 77 395103767
10 6 306298040
2 42 778330075
70 85 989191372
30 86 74234244
89 55 468837207
6 8 838203765
76 6 481942828
58 65 861848277
62 24 597259068
87 96 289874453
80 33 42580000
91 8 855864141
62 9 121167018
24 82 257990763
41 96 518561899
72 82 829032216
15 3 218286498
39 12 971130959
50 92 624656516
11 1 990030873
51 77 16766680
74 14 706118687
48 5 479505016
50 59 500681082
88 53 303643434
77 30 382675823
20 98 567891940
20 43 613677381
22 35 636210195
7 4 679002543
73 60 754717137
32 49 822946594
32 36 592620919
38 70 225173783
37 30 242135739
18 94 792415930
7 81 127413231
81 68 822670680
4 53 567266942
23 50 361350706
89 79 342183650
28 93 60375125
66 86 506957831
84 71 92380236
91 10 550007513
70 13 935970619
11 27 301421072
27 98 272794725
54 4 362150671
87 80 926811629
41 74 576270312
15 64 498971092
60 81 630395823
30 4 34260357
37 49 919795212
97 31 216179191
54 25 989819112
45 85 265129126
84 98 738382052
97 90 309020668
44 26 236965797
57 50 413705602
44 25 894992590
47 20 102818170
57 62 613381066
5 3 170423256
7 97 426351926
69 47 679918068
40 31 680242026
26 21 883620225
17 46 739726468
41 31 675593652
95 53 731036458
83 25 94736416
45 49 571108140
77 75 691053672
26 86 379596266
89 34 771074324
45 82 627168719
62 81 999865331
97 60 38249214
81 71 400972324
69 24 877586474
98 13 109201470
17 43 1275712
15 75 699140704
85 20 675625996
17 94 242956797
7 27 955224263
67 68 189665736
40 75 474177787
69 1 692797561
57 97 325272480
12 64 541641778
77 68 84295140
58 52 805271826
54 43 400584031
41 9 242978321
63 38 436783825
97 72 723517951
17 44 29227491
70 9 363187494
3 14 24437933
46 59 214178552
57 64 141278947
91 90 646550316
5 47 926936686
78 43 900415913
26 34 751265094
16 12 334604040
97 56 416555508
29 14 892371433
77 27 530082287
54 82 865355421
26 80 587070940
51 73 794742713
36 1 715773297
16 50 117346359
63 50 134795850
52 50 226939428
12 8 190289242
17 6 462289838
26 97 360860862
44 86 968511783
19 14 744325067
80 81 443747000
17 82 805997224
18 8 119087233
23 88 893698904
33 9 504204083
21 1 118140012
39 22 839613486
72 71 976465835
78 93 718748401
5 87 531375676
99 35 404123257
73 90 620368020
11 43 440978779
7 79 683600944
32 44 710288053
52 71 475187867
4 68 310078708
32 93 124086928
100 1 340655331
14 8 792676779
29 98 824487806
91 39 274835246
73 65 944033394
100 16 508089976
5 85 555000196
24 80 734987636
87 13 941225439
68 61 280206536
69 43 309325748
78 29 849696376
40 1 736887418
37 64 324452401
89 53 597010432
13 35 461169937
67 43 399768668
50 79 491094069
89 97 503128633
19 64 49536601
10 50 104944960
76 67 612347854
47 53 691870737
36 12 912700560
17 8 569489237
32 89 6342272
96 21 678447214
85 95 469713188
37 31 520403762
72 53 157641920
84 73 388500048
66 25 987915298
79 35 859819095
16 14 623396387
16 2 874166074
48 82 469838734
17 61 606967825
37 85 601698259
7 24 101591213
46 65 681896290
5 10 615654742
66 85 777655702
78 77 931950225
84 14 381012960
58 30 253927074
49 75 559729279
10 41 456358768
90 64 196700610
57 94 967579535
51 74 842761281
48 18 641799256
78 72 996221418
99 44 716947496
87 81 470027430
85 35 727208746
18 13 439130178
65 79 370502795
52 22 966612126
67 25 310517780
48 96 379834833
4 2 722389249
96 31 627962784
51 93 187164250
5 7 313579488
85 65 153182821
11 33 824801175
2 34 490093986
4 42 849035880
28 26 263646469
45 56 332508945
57 80 28938621
100 73 403616268
28 42 725026551
41 1 479562931
10 61 847730325
83 35 47305173
39 61 336116685
32 47 766933431
38 67 524673852
12 68 706323616
52 44 823939659
26 81 401115310
55 95 193794234
99 21 378078893
88 13 562409349
40 24 536207671
16 51 472022917
82 75 536778406
66 72 664424821
70 21 588313726
76 64 474580625
89 4 678769714
28 95 20980609
63 10 582996284
29 18 897225585
83 44 673941524
54 72 866281809
46 72 214956490
11 35 633185809
47 86 267618296
49 8 89920309
65 4 634139928
26 43 595407132
23 68 7023954
57 9 635218395
46 49 27380807
27 19 12409826
23 93 469960939
45 61 931742665
66 20 291488972
14 95 670179347
6 9 302288176
40 79 147189553
44 55 240898293
93 67 659229571
4 86 248899830
29 90 310482240
93 68 364103221
51 34 410562079
92 56 373623764
98 8 780050471
18 64 588429532
97 80 717968704
92 75 37539888
100 74 13509553
63 64 171558701
32 24 879040649
82 68 633683773
66 14 781487365
58 42 60758439
74 1 774345220
16 25 563645241
30 56 370755638
89 33 805553551
48 92 314816657
92 68 153804428
13 71 692603674
94 56 733482908
20 72 615931276
69 93 156793697
23 15 273202177
3 12 261855903
28 64 821967233
89 39 482395929
84 3 627228098
79 90 474205379
52 72 306987409
83 3 24194126
24 72 702723359
91 65 327479945
52 33 469479426
23 12 966960878
39 94 880497905
84 86 54682735
69 41 528286591
80 31 983390033
77 18 967512383
79 86 412980569
47 8 283741300
10 64 421309217
73 56 694701542
16 7 377978378
69 65 194718763
10 55 89215684
63 87 863963900
65 21 347225361
47 81 710734008
77 92 768532213
29 67 877703941
42 9 138709802
93 53 705712690
15 8 431816862
77 93 210831271
96 98 970122609
6 71 673435814
99 9 769872434
78 20 328075386
3 76 66496274
50 81 933152807
27 59 308952595
61 71 478421072
91 53 678244515
20 13 455215080
23 8 505761122
48 21 667537406
73 12 455849125
50 71 394551116
29 35 101606424
24 34 923655816
60 12 249753075
61 35 524013073
17 42 499358337
55 34 357668651
22 81 200658868
47 44 251685515
40 19 562660165
73 31 705423478
88 33 352804783
5 71 854849969
56 82 763634403
74 19 427900221
100 43 888368250
52 90 288094464
26 92 177800707
13 53 888881626
37 8 74126154
99 40 50814523
51 14 364204691
37 53 174680243
98 75 103540598
16 76 598498417
23 81 806811779
60 25 674325399
10 81 273930814
29 65 814721264
66 3 654810142
40 13 725743952
78 23 706118977
38 95 492837018
98 33 567121916
30 98 164926516
32 39 249317293
93 74 806005249
84 26 444921625
54 70 696991973
28 2 187885708
96 68 371055970
32 99 156837789
40 36 516837888
54 6 420364565
60 4 589628001
91 31 74885728
83 30 405573907
45 69 405566649
40 15 253802122
92 55 406018772
41 65 870674554
94 33 177457092
37 40 305910223
20 21 960342597
27 18 207440456
66 100 293442083
33 34 675375084
69 30 834713955
16 96 726642160
73 41 371511171
48 27 990849912
37 50 804200041
79 81 388460264
38 33 865935181
67 31 419424037
66 65 894071829
72 25 985955209
36 56 373534333
57 60 389529555
60 76 957404473
48 50 885312699
63 99 998501224
51 13 563464484
28 87 560751990
44 96 446647802
25 98 77016082
50 24 543204346
91 54 590247110
99 42 138619605
63 35 825363592
96 74 272995076
52 65 535360146
50 60 317284881
47 31 784057142
48 10 988312727
70 86 435640711
83 43 287246865
40 20 468041568
48 80 700827920
28 90 521459880
47 61 90930666
65 33 876837994
26 8 938023214
11 25 537945219
23 94 867235623
25 68 888167386
62 88 183812576
82 55 970552560
65 90 234100017
24 79 480607299
96 86 342626114
42 64 58953747
16 92 614715374
74 86 782797111
67 56 999790745
69 72 170167669
38 27 816337893
62 14 586679810
45 41 582749427
51 52 779787518
14 55 164954207
12 35 22613046
92 13 93887829
66 70 672180387
73 98 815053524
11 50 888361342
87 15 170105232
16 46 60822642
76 88 536268529
37 22 923628464
89 76 245737506
80 88 885341441
27 80 803216164
85 68 332308697
26 46 152644417
62 82 69963387
45 72 256522541
62 21 930559738
48 42 590913413
3 31 885369944
92 3 234783322
63 21 455423532
24 61 854469998
22 88 15529628
58 92 18776711
93 96 28523000
73 50 453385689
78 62 687645991
78 69 854591715
45 100 647879873
57 48 308220621
75 35 903241087
45 19 666801186
23 27 969074064
92 33 63161428
50 19 651710871
16 54 480481240
58 61 461103011
83 16 2486851
37 84 616328185
17 71 936031948
38 77 87646906
29 43 464059892
63 65 840969675
28 48 384880203
87 70 498777203
91 15 812483137
46 61 379571197
66 96 335690369
94 43 647897753
16 8 737941651
43 95 578551434
89 88 438574027
38 43 68854145
69 67 563647151
60 1 973883868
24 2 812282574
92 96 323965087
33 95 473235798
78 21 110830182
99 67 690620234
87 18 722948350
44 2 806227524
73 87 587935361
91 94 686237285
7 80 952415889
83 36 614296888
94 80 849952308
72 80 331344930
10 33 767918713
15 1 911425652
9 8 495083941
99 58 131138666
27 25 682902066
84 53 938588906
20 42 911460220
100 12 562780135
91 34 65780460
7 68 328834476
49 1 680554854
90 35 661620074
26 13 415211344
13 1 413496454
92 80 919300544
47 4 180496795
62 3 289641369
74 25 399092530
3 35 544744808
91 32 98692986
74 43 714122737
45 89 538001353
63 51 126817683
73 9 485646436
28 85 828220425
62 28 131888493
83 38 180096831
87 30 744576438
69 82 328059097
25 12 736201624
48 35 879308357
78 55 771043202
37 60 203531566
7 49 556189365
47 65 213322764
52 42 616720074
19 55 803152147
23 31 810582522
49 34 567923218
7 39 661403956
96 53 33465375
15 19 829618405
84 61 622777837
79 9 851613863
37 23 866242194
47 64 57554702
72 61 836654124
83 59 197992460
45 26 922122039
65 36 967227797
54 94 100848541
70 95 667540479
79 12 440934128
20 2 959996097
84 75 645978073
100 58 397325385
50 15 516539344
7 50 174235595
66 52 391250765
4 14 868855678
26 25 683331008
28 24 511787759
21 33 952762687
97 93 403663296
93 18 809793242
58 75 822064374
61 53 196613523
91 14 625299120
58 69 778856780
17 76 294613399
67 33 137430495
97 55 802559698
58 26 381582560
70 64 62751376
62 13 561723597
10 44 848348529
15 98 486846637
42 95 734882531
100 11 430179582
45 88 964670365
15 25 79603111
63 3 388640691
83 62 648240719
41 55 833038539
72 43 888298338
19 95 85601450
91 2 849514350
100 49 26597572
51 95 719452959
51 12 961889694
15 34 593747539
78 40 960209604
100 54 667636508
83 4 788273920
29 2 703520070
78 76 199852749
36 14 325569773
50 61 637011929
51 43 334486310
19 82 299584027
10 95 103663838
72 33 127814858
100 92 591082226
91 36 596094390
15 53 248934041
78 3 999480983
63 36 324367300
18 81 590651143
24 43 47172175
2 53 353336409
19 56 630605158
66 9 341383298
50 31 310708911
29 49 628009420
26 67 367024921
63 66 907448800
42 34 17448149
100 72 737199889
80 1 545331207
65 75 814451968
18 61 995808546
100 75 718255275
39 42 984216059
66 60 528856600
57 33 781757245
40 52 670510028
46 36 431917840
84 51 341513480
29 19 223118165
48 7 12627481
57 51 67898076
52 81 388381561
57 34 540492367
29 55 164463579
49 14 942178980
18 90 127557578
19 35 724238039
67 6 13069881
19 59 146757625
40 25 98732762
40 12 14701717
72 42 716247067
25 6 887839476
62 94 729498624
28 68 618511897
58 70 657370082
99 74 605780864
40 8 606242690
73 53 866498838
10 8 290886257
18 88 274742557
30 43 464081853
77 61 676092332
30 88 831239266
26 9 647748081
49 13 467507598
24 35 328991200
46 35 748551817
60 86 41704874
56 42 399538505
21 81 649467889
89 71 891421193
91 68 394454363
89 92 650193536
97 1 448639050
100 95 536649553
86 55 145744403
69 39 731851804
10 86 445266493
87 67 720295809
39 1 210045882
80 61 306474641
52 34 863238105
21 14 929997977
51 59 418854547
62 85 306981771
58 2 659817400
65 60 725664062
91 12 756917191
17 80 332552814
58 88 170148621
22 64 318668005
23 34 245259293
74 98 906737233
27 71 618857015
99 56 936260957
78 63 516311977
2 43 978697256
16 79 571115296
13 75 502993283
92 64 971903271
85 74 483525218
85 1 133020041
67 61 944558488
78 48 705690991
29 15 1776635
5 76 865535789
3 4 983765992
26 4 368204542
58 19 151211644
99 80 105991646
10 3 670770688
65 68 888212908
18 9 809406363
27 15 471967069
39 64 378341712
69 12 960928026
51 41 976810930
88 55 867993197
11 49 889035625
32 11 361820289
54 39 940947537
48 84 671668676
81 95 884433478
32 41 368991070
70 67 447411159
32 38 759793148
63 72 808842085
5 82 467314418
5 49 556622873
39 74 366191309
69 33 65483450
97 74 993092585
100 34 516002794
93 19 439242869
84 97 725041900
41 3 258201788
88 95 302606342
93 36 279124510
89 5 316279583
100 65 604818597
15 95 811844167
74 59 630047922
7 71 691860367
62 39 721596126
62 84 123996679
7 47 15478757
95 31 689379571
87 12 747822982
36 80 998802310
85 72 997960801
23 85 715611142
37 67 695649697
23 30 40907851
46 8 314302047
62 1 257460947
22 74 907078283
38 54 696402420
11 12 418785198
69 75 751194803
40 71 394388581
62 92 194888400
50 85 593238438
63 93 874594730
38 55 52455166
40 26 668868996
17 31 381747459
49 81 135980952
42 86 674393762
52 53 939025600
7 72 298986141
84 79 740488325
68 9 849802622
77 81 524109678
99 51 958705875
70 60 840640402
42 31 881343888
70 42 301650343
11 86 730368889
65 18 610307612
54 44 409601290
70 68 473379736
8 31 55812779
79 43 159812459
100 96 330595970
70 75 120216239
89 49 949410584
5 80 933307852
83 71 418652924
50 34 766348315
26 74 197972240
73 8 424494233
65 2 938010499
26 68 129303295
5 25 639082732
15 13 217918165
38 60 777267316
5 19 218992100
10 90 359649988
28 89 590814183
92 76 508824494
85 97 482318816
79 98 535691098
15 61 705733553
67 8 72212241
86 59 577508736
46 74 867824634
97 68 235413293
46 71 217229234
11 75 42350296
91 16 398980869
24 94 12338422
83 88 785437702
8 53 169010544
43 86 106305310
22 94 957636681
60 67 763155185
54 95 874698578
81 8 987820665
100 50 884336424
24 88 524192532
38 8 458114657
29 95 427535063
45 1 664462912
100 90 547224313
100 39 784504533
26 27 97142261
51 53 717246690
16 13 683991510
10 14 889155454
48 59 374523499
70 71 332169584
44 42 800271557
69 95 169488904
76 80 78331075
51 29 991968930
33 55 224007100
26 6 574870830
23 44 733017415
60 18 746361794
51 9 132538792
7 60 764726400
85 9 58936818
17 77 11800796
68 55 482046200
7 82 299602778
77 90 148394787
11 18 30621309
87 4 816010854
48 37 477749948
89 67 366390702
51 49 695172707
76 71 465605240
66 42 519387200
69 92 746707789
44 60 111238986
7 22 368807002
83 34 862951333
56 4 988127762
80 21 578272362
63 34 191393386
44 43 951122038
20 59 946147604
57 56 121615833
99 95 150118716
10 71 279301425
100 40 807911538
93 9 589934937
70 88 334963255
28 70 345650410
52 75 395511783
79 59 983849249
85 18 310917926
54 60 502472553
45 50 700628579
45 3 749060183
38 51 86301735
77 33 783098876
62 15 160034565
41 71 64509628
67 94 351508714
66 58 669157172
96 72 174401575
28 15 768232434
48 73 506017502
91 62 486309734
16 94 837480860
71 8 439483881
84 17 810773676
65 22 245917088
29 85 897822175
20 95 139566576
39 90 3844190
82 8 173692361
36 72 394225961
20 14 769505281
16 19 738641567
83 77 41711834
82 12 502298249
89 6 373373024
83 17 691501943
69 55 713596496
63 75 76201716
90 14 512566531
32 12 363258824
100 35 746682518
17 93 519802659
69 76 691060146
73 80 493383937
52 94 227506127
28 77 443763724
89 11 46171608
88 12 563606028
57 95 692191030
39 96 484410985
28 16 508871934
28 33 533474495
20 60 165245976
72 12 520074089
96 88 630551363
29 26 161814741
68 53 666551288
99 46 741220637
28 4 77168803
63 53 244684971
48 31 871010173
92 61 504606805
92 60 301547109
93 49 486761408
70 96 286416831
63 67 762763369
47 29 909983618
63 56 896125160
16 98 70137568
70 61 696256035
84 7 838994883
58 46 879196012
47 22 363199767
49 6 865273801
62 67 711990244
31 53 151948373
1 53 723958334
20 94 223447747
10 21 600075361
93 82 303156685
91 89 749088087
51 24 451905074
57 28 920438239
79 6 31498459
1 31 665984555
38 89 623604868
47 14 532073756
62 7 61806991
58 29 52047802
47 68 40097617
73 70 650052278
51 8 343919363
51 39 180087966
63 71 387245646
85 53 742294855
79 34 703149802
51 10 442709329
27 90 26139664
87 52 227294132
38 88 732819427
65 34 5210123
89 19 442202419
74 56 729903926
10 60 416843068
58 98 697544766
44 34 996386314
92 6 853251316
67 80 493545799
29 60 688115385
78 39 132918728
20 34 494706191
73 18 848487995
47 1 70959386
38 72 829685968
99 77 253345100
3 79 724706086
52 59 945896036
85 14 118873820
62 66 760604389
87 44 125877950
72 34 228453383
77 72 951259056
73 27 423643917
85 43 53308859
63 54 147208683
78 7 952230388
44 12 948948985
22 59 309862368
28 10 89389595
70 52 830164440
87 19 836001683
73 4 723951856
38 56 466815855
97 13 156772179
42 53 46603635
91 84 994350274
89 16 393384068
25 82 721586689
37 13 596834088
74 75 974644392
17 36 741935866
38 37 132716277
3 8 620401669
16 36 712439673
68 1 388006901
44 80 540345136
63 58 952196708
63 7 660215054
73 36 554234074
89 94 562588934
5 43 849041664
66 53 154410821
20 53 887293328
57 27 231263421
78 98 383748152
45 4 793740162
6 14 671873009
76 31 421174180
70 8 756143203
87 14 136234592
84 6 11281076
88 14 537408090
15 67 433350808
58 41 520099247
10 85 230791281
51 71 390373718
46 53 714533724
52 1 862607263
96 4 565514511
76 43 102800806
80 35 110552290
97 12 156425132
61 55 459178861
47 25 931040528
84 19 354419075
100 18 469434282
57 13 690369158
72 74 141294309
37 97 425393401
23 55 126448574
77 96 35365314
51 46 262897699
84 40 190926200
69 19 855425656
100 47 186958784
44 71 614306303
58 35 598654758
23 95 608045809
85 64 239185927
92 86 727547336
3 53 307481319
36 55 544314963
68 75 875632327
70 29 526619809
68 35 500313394
7 90 756201069
58 96 228929561
45 9 520158091
76 4 625127701
63 42 482873206
12 55 8690264
50 94 541906312
7 12 150087391
84 33 227491890
15 6 89455664
22 14 922236440
4 95 521728407
100 60 423029428
50 76 106935604
73 59 77688394
4 12 106583719
52 74 227613785
18 56 269061099
11 6 726580793
28 43 585405838
66 54 564887864
57 30 412524525
89 7 835013687
78 6 988057555
84 35 568823565
38 6 688488817
25 8 116626586
73 69 493772240
27 64 479977339
42 21 433407676
16 21 198613104
77 40 364600623
70 33 105057079
75 55 988066208
30 76 507201428
29 88 408004873
99 61 417764789
28 72 769829323
99 10 894780338
99 25 279429521
38 94 165559208
83 40 988354725
69 2 590707880
97 53 943239726
42 59 816759667
45 62 896632276
19 2 601054836
47 67 226669562
78 87 823463405
52 14 760322287
23 74 16750893
48 30 468410311
77 74 401979895
46 33 454407588
96 75 970061011
98 59 459569091
30 64 539675233
66 49 502733576
16 40 503366692
98 31 475196269
66 31 843616494
28 54 747029830
83 98 11909099
39 33 192457376
41 18 795565521
39 31 650104155
96 12 53225558
94 35 332043499
86 71 97809645
57 70 217019708
10 19 719789023
41 27 328706002
5 13 12218892
78 45 685869666
29 82 994254879
20 61 327271247
13 95 472989289
37 80 568861424
76 90 782754134
11 70 142645828
17 4 993724311
15 35 449257625
44 93 25047829
4 21 57506176
3 61 156890902
30 12 139335763
5 17 64188234
57 75 316820811
83 13 818019047
92 20 606453190
99 26 716297865
18 25 293940162
66 77 484369062
41 21 494411746
48 68 61426091
17 34 62044188
66 51 813482312
89 40 993720520
51 1 387168420
30 97 420757017
94 82 537282735
24 20 839047000
72 56 354446107
6 31 303131917
13 34 827593006
44 15 161111569
21 98 285778815
97 25 98039397
67 59 641911881
32 81 432255019
92 74 297396456
29 80 930173257
85 12 956858271
17 33 153942752
7 34 170949052
3 6 884841633
55 8 428376645
100 41 890792362
85 98 83225048
85 22 704313940
38 17 836140584
57 47 2576280
91 86 172684106
73 10 702759565
40 14 840595697
93 14 827537620
39 46 698814471
10 74 383584293
67 13 101630557
58 72 558803966
19 71 650693509
63 9 196150849
42 35 619022821
77 14 247140699
46 88 854478936
23 46 512499716
36 2 713833008
42 6 230333886
40 39 957282823
91 6 319192069
18 82 681364044
37 71 519643416
50 20 632979455
70 74 572839679
7 44 741152300
27 82 960469964
13 61 248247134
91 41 972651758
68 71 863247327
50 96 424787137
66 15 196105774
13 64 640887216
77 67 854449109
89 59 801825210
35 53 226458221
73 15 3028989
66 17 43503650
78 8 291054666
45 34 940386348
80 8 571243442
40 80 838992963
21 35 748719135
57 83 450047100
93 79 117640774
10 97 317380170
96 82 349480148
44 20 42450650
47 21 751459787
26 98 560144323
45 53 563472245
11 76 494969228
46 1 157414359
45 25 771258386
44 67 782389362
83 6 625559071
87 33 790015188
37 44 448113539
25 88 124733974
85 42 662474344
99 64 50050444
99 23 323806223
27 79 997140373
18 31 906955419
77 52 708613472
73 52 594931200
68 34 760232404
83 94 277496333
73 95 703880145
50 82 695919739
33 8 935351331
17 72 676149796
37 61 162030390
88 6 671393534
76 53 843942225
78 65 842721517
46 82 531856137
52 31 921004770
91 52 311032256
62 44 743623671
99 29 914544497
23 25 636007491
16 47 412926633
5 70 464485949
58 54 172325118
44 1 332349795
12 34 637468994
25 33 934776609
10 98 241487240
78 26 379761826
42 14 73533657
38 16 806109551
5 40 163421567
20 88 816129235
2 98 3305122
72 79 954299718
5 2 554896198
37 7 207930460
39 2 213665768
62 99 424987449
36 74 467696438
97 2 56509465
94 95 202979269
87 74 874901670
83 86 15833867
16 27 316936212
79 19 327725684
39 93 968979082
44 21 645008455
15 76 790333240
79 80 169084231
59 55 413066025
47 9 506019846
93 13 764983004
32 62 270349001
16 85 207318
48 11 173730355
28 75 964450698
41 80 779408917
66 48 693986805
2 68 522673023
45 37 300854264
93 24 280755106
28 40 645193226
65 76 981337440
62 87 301523354
99 94 933577350
41 36 436565089
22 75 483995128
38 47 132068766
92 88 520704573
50 1 182874361
7 19 111849466
34 35 667634137
48 93 470846448
49 60 382480696
23 2 267874773
66 16 907751025
7 53 532717590
26 49 985087875
92 72 578215856
52 24 961886257
63 49 772651253
36 79 928021361
97 75 378001079
92 46 741251986
86 34 498449088
54 61 867168410
97 20 918307396
94 8 758325523
87 9 278075078
78 79 829816474
67 55 258521394
32 23 820465221
51 42 921991251
58 14 948838908
48 61 211737394
40 61 315901839
40 43 974414868
63 29 389449130
28 86 727492155
84 94 177207036
9 95 546028799
2 33 231343129
5 6 285862481
22 25 579938222
24 60 553171471
28 44 572399406
30 85 559008411
74 21 227955847
54 71 677274944
41 24 605542621
57 88 167750200
73 46 481823588
27 3 157605979
81 61 223766121
92 19 702096934
66 89 125948886
59 64 144878926
73 44 986413955
23 98 283873186
37 9 592952988
42 1 946434238
28 47 256904084
28 13 765160812
59 95 880612282
79 94 392816364
26 35 72285585
20 79 448866080
67 53 616484155
10 53 995977482
78 30 780058467
16 49 576488721
93 71 753831616
99 88 610598498
51 25 300339219
48 56 139580276
66 37 800270606
25 59 283090765
5 12 211846622
23 43 68927577
83 69 478698486
76 8 942716052
23 41 57411392
41 29 350916533
86 98 386733895
29 9 777885623
89 64 778863672
73 55 338972098
72 18 493790867
73 97 219209417
11 29 936767535
52 56 739065047
27 81 372517867
24 19 781009383
38 92 797889625
63 27 769181666
83 93 620764244
89 2 154006768
36 76 65042677
69 40 685036884
30 1 919801706
84 12 80421146
91 81 75191260
60 98 608768835
52 6 286467866
66 79 971006390
57 5 310904846
46 81 439221515
47 56 114687378
39 65 108970776
87 92 32577089
32 90 604401874
80 34 795299144
50 4 908713810
5 22 299682344
28 25 780856028
16 93 789376531
48 1 869785495
11 54 527094061
54 20 866469003
70 98 715019546
100 94 477137340
87 97 774177018
93 3 394081017
46 64 277515071
76 19 983925987
29 59 435425196
52 76 294799521
77 47 485652976
97 43 151665565
50 30 166451498
47 90 366501975
73 6 190249404
49 21 379114705
65 31 141106165
26 79 166257395
17 41 427996030
27 8 120940258
57 4 888862030
51 7 903557149
85 67 511432461
69 85 191552003
63 11 118215900
73 76 868592340
38 90 780050095
4 33 904653232
4 59 144912289
62 79 222801161
40 46 810674984
66 55 438530745
38 29 298765305
89 69 386509826
78 47 983107019
17 60 303254331
96 1 171590206
72 90 277557201
70 6 128582832
27 13 120214451
100 26 810587794
96 8 430814346
83 26 928648081
87 24 223027299
36 43 511735507
72 6 856951449
91 47 564084808
6 34 938838073
62 89 482820547
29 94 367434948
22 82 699946528
27 65 354593521
41 90 709993193
41 22 905719927
80 42 546363682
100 20 291888996
87 7 28043199
36 90 321082861
32 88 165988594
27 76 990959826
66 29 966436488
12 9 514921421
30 27 49232446
56 21 515093438
73 82 205975608
51 98 949236338
7 30 21157950
73 79 612321626
16 69 318516841
41 81 620303722
98 14 105333061
5 96 185009217
19 1 448323915
54 34 982973036
74 12 581043541
62 4 264633530
20 75 916349277
2 75 267575016
49 98 885516520
54 53 306603370
46 15 560258380
66 50 75429981
10 29 766811091
78 33 79320801
15 65 993953418
63 96 478119452
97 34 192601265
84 2 589405080
57 43 509521956
5 53 559115164
75 33 827837918
40 64 16818185
11 53 584858440
92 34 288175513
54 23 656318087
73 43 78565212
3 67 988288269
17 86 50204723
48 23 445828663
2 81 698968444
38 15 703298366
48 26 791747796
78 95 322895051
94 19 949343586
51 81 470902110
82 1 437378898
4 98 631540431
70 94 115062120
83 23 882591189
29 76 984169768
84 70 755844598
49 61 181960699
79 88 747933391
41 46 560164640
36 98 938356597
59 61 830915514
83 31 896890805
3 81 180558822
92 53 575267621
18 43 592194903
62 96 832518306
94 34 513055591
99 97 6203236
30 3 965449202
19 90 380519231
16 33 956450923
73 94 683363064
99 30 753449877
48 60 870463825
76 86 587759674
58 67 823336833
63 100 592187364
30 79 739780820
11 7 979981740
96 14 138256315
77 53 444894148
27 72 183955524
80 82 452308554
28 6 836257291
30 20 272601247
26 65 778477160
48 36 496336648
11 15 578608228
65 81 956199095
5 33 587162333
41 20 985032739
66 21 476136964
7 31 82361798
26 93 766991925
70 39 847877661
57 61 325860392
58 68 424621526
63 52 809109949
99 16 721142181
58 49 938953895
38 3 876464129
87 20 213734033
21 34 686561356
62 76 799399499
70 65 548175284
2 21 366417961
37 77 400257085
10 25 588791629
45 22 994187067
5 34 233523874
22 86 453114698
21 64 640664328
67 9 636907249
97 76 492020750
29 97 705989650
14 31 180313507
67 2 811278106
37 87 484433450
78 90 979157946
11 10 732709193
44 79 120685811
74 71 221617039
24 33 66062651
93 64 572285908
65 8 506217011
36 67 688434073
70 82 164826106
45 67 624379519
39 4 931832254
10 22 315820595
46 60 271762987
70 14 620339483
91 99 57463624
46 95 932370719
76 42 201055579
76 68 106700203
37 14 577872958
19 75 989617939
11 67 952473205
12 59 327278058
94 98 485813354
99 24 556331687
50 6 473560830
58 18 873841997
48 25 167980039
52 35 568082374
65 94 216257979
74 55 626461583
54 22 146342826
15 82 617229094
84 93 128283214
13 59 216923987
56 33 279156356
77 59 552909138
39 14 665802163
5 52 402562192
47 12 262249522
38 73 680128464
22 9 182840987
80 71 143506594
46 90 238899428
46 24 483840209
84 52 873539171
84 56 362003858
51 5 148006900
15 86 563157739
56 31 765516278
69 31 663969428
74 82 660797808
69 15 221998242
32 46 100388628
87 72 992824383
86 14 962326461
84 5 834968085
39 97 260946420
11 94 354498508
32 96 454752015
10 49 426877611
91 9 161923951
18 4 286018606
44 98 27398135
7 29 901154144
11 68 828036954
57 58 805037397
57 79 858326570
3 43 905926574
36 61 269409600
17 9 851037106
77 70 140378124
97 98 123951707
67 75 644021013
67 88 9785148
40 67 434510992
48 72 208185459
40 27 970000311
27 93 801079630
47 36 23513907
17 79 661721396
94 81 379370204
36 60 570057316
18 80 186944381
26 61 716800429
15 31 376809210
58 25 641313837
64 8 913702776
11 9 555363667
22 71 182785308
28 88 463753486
40 34 701170475
74 61 865389070
96 22 101565111
46 56 224986438
99 92 984679372
32 56 222029642
46 22 25283012
11 95 219370885
57 53 878847400
24 86 893783178
76 55 630667228
5 44 405521820
77 31 897024164
49 65 490679517
99 8 890914437
38 1 967725315
96 42 311993686
54 93 189599482
96 35 37245504
73 26 287431717
23 82 863462527
51 20 231288352
20 8 842379941
20 12 966848857
63 74 926198964
38 85 858571303
78 11 548460601
64 14 70618282
48 17 606391688
80 90 213142695
87 40 601322646
50 90 525009921
96 2 331905490
7 65 784076706
37 25 102692379
62 38 500828145
72 1 866760977
28 34 532523778
68 14 17205516
22 8 479293129
38 97 545475466
58 31 810650563
45 97 482437259
66 56 478855028
52 86 695327481
5 95 829933547
7 1 570134361
96 79 307551985
97 15 289318197
37 55 48846022
37 42 579606258
32 14 800563753
6 21 355836382
29 56 842758431
46 12 356890216
41 44 390128064
56 53 600172561
91 70 364139082
63 33 657124128
87 94 294967605
94 14 131829903
69 29 432528651
32 53 901682919
87 88 194036578
9 35 571251786
38 82 634315807
96 13 689853575
19 8 898003533
32 60 776879285
97 96 949302652
63 39 893292874
63 82 987389141
58 84 396408903
12 33 506065258
80 59 153950468
78 12 403537008
50 95 598382554
57 19 892996886
94 86 455684901
47 75 962367857
57 77 342936698
54 59 179669313
91 51 213437385
39 36 276697438
99 82 489166907
18 74 157589015
26 85 327181218
37 18 817813022
62 18 383227166
40 44 70054410
17 98 429378799
83 97 538173575
19 12 429703165
70 2 349575068
86 35 628835279
47 93 641030151
38 13 72684324
84 64 848958281
99 89 690423510
48 53 602696770
24 68 768544214
23 90 355604527
70 26 508984170
67 42 472334050
67 4 948185961
40 53 835993422
28 55 631419745
100 89 175466215
45 13 523766532
89 95 177909495
94 12 716475699
83 63 242478799
54 56 213536046
38 36 911945268
62 17 349821001
69 60 512107786
82 95 651944147
93 12 902554211
88 64 986279264
60 75 319869059
65 53 309073566
52 43 783807807
44 31 276346503
80 6 668730896
32 69 405436464
45 15 268041485
56 55 240555288
99 43 165932049
47 43 936990069
57 21 698220666
63 19 853979627
92 15 639541997
51 23 766326216
28 71 338684234
45 43 349189547
87 29 699485367
19 61 976633229
91 55 333399553
28 60 393366984
70 92 818701260
47 27 729586140
66 82 418302801
48 46 29604594
99 22 673848301
72 94 518668188
65 88 335791104
15 18 28206022
45 21 403242146
23 24 443453359
99 71 919995443
51 6 81587731
5 86 922943963
66 2 596973979
7 94 940545144
45 48 446825631
51 26 710261345
51 97 995689278
58 1 909675167
78 16 338150081
28 11 30750716
13 55 949825554
47 92 661109891
51 72 29476661
84 88 856869380
29 31 273893854
87 25 777123587
74 88 328774864
77 42 298331771
37 47 88736824
75 71 115967328
38 40 876932250
93 34 612672593
89 65 453699894
82 6 350703475
91 18 72324178
69 18 723174294
16 72 60126132
30 25 298027985
58 97 870310531
62 60 206020657
62 43 827399919
94 6 38894654
66 75 175771236
77 35 892186360
63 44 684370775
65 61 651845032
25 64 992117693
62 6 388844887
3 94 211692737
79 8 135630656
65 95 668360517
56 9 146193528
78 41 428557115
32 98 411178991
2 59 783981553
46 98 820512008
10 67 6798242
100 61 375258020
58 95 923246923
18 6 362047579
89 86 374338730
56 12 414264386
44 4 772895172
38 22 324093058
39 20 735234169
72 35 420802093
49 12 983880790
85 61 407297886
89 77 752294263
20 1 818773042
60 74 630114371
44 8 823916365
42 81 34821971
5 59 958674516
52 9 677438831
78 58 414267467
64 34 823667559
74 8 43562893
9 53 973657606
85 59 37405067
70 81 299653760
11 98 294878604
26 24 795366813
62 35 955706362
77 60 152213827
29 36 951326678
100 98 651651634
26 72 778739276
28 80 278142790
44 46 497845816
95 71 392189859
29 75 618102887
22 34 132274095
98 95 385579809
63 26 145480545
58 22 113430485
99 60 253910766
82 81 730486755
40 56 321057424
24 31 363601929
54 12 39935869
87 17 278577327
1 8 201324770
79 67 712032287
64 35 725228498
44 9 68929384
12 14 440080346
77 29 942852144
15 24 492991694
54 18 765068379
27 53 755385432
57 66 603215605
23 18 305335116
99 15 870377599
54 41 740494676
17 74 348578768
39 8 689605142
43 61 875937597
11 37 6574608
89 26 740062947
83 46 622970654
74 80 613338176
83 67 2788832
88 59 38557506
43 8 742587887
45 8 980590855
77 97 251361467
37 81 947620074
59 35 929239746
45 2 532381507
7 33 738901639
84 77 436754501
83 90 647722000
58 39 443570972
65 14 551272347
91 44 629507740
2 61 10521346
37 95 498270075
28 52 962704620
66 11 156045351
37 16 273818728
23 64 310930377
23 19 606668282
58 5 822884607
29 1 329363205
77 94 314310771
52 49 306897867
41 76 572621374
52 60 172122755
45 59 631522943
80 86 281473566
49 56 582856901
11 13 735240338
7 10 700630300
7 52 640589925
49 59 625393188
73 19 920264840
99 90 742135426
37 1 193620586
51 36 859184443
38 35 720744208
89 20 626081426
89 50 976983152
11 82 119888808
85 92 508446367
97 61 122417612
30 82 627535114
99 52 757967506
36 22 635195320
21 59 563922898
76 1 383263762
96 60 79436021
20 31 530885400
41 30 423466614
63 77 936867908
96 18 206872889
85 33 632464286
15 90 929383594
20 67 929051391
17 14 297962757
28 8 295092741
66 84 996394100
66 99 93633804
87 79 959832487
44 18 939782612
66 38 592930616
37 4 156245238
45 71 323015131
58 55 401289023
30 9 583488714
89 31 329194501
17 20 327015758
89 27 260390355
39 35 111319959
15 68 159169318
48 58 995031671
81 59 770762166
60 21 127375302
99 49 293180817
7 76 618376442
20 71 464899270
48 13 428050231
77 22 342341306
62 64 782649923
46 93 670708474
30 31 633225774
99 86 699902808
24 9 307304396
49 25 218536753
37 2 140317707
54 97 468178811
50 93 50394307
12 43 702612718
78 34 164477886
46 20 368362061
58 20 559684276
22 55 859024842
46 76 330191256
27 24 290624593
46 19 905440101
89 90 476215712
19 25 445408818
23 80 21619907
38 23 326988138
28 84 38705828
69 88 112588830
58 10 642785496
9 34 656242928
54 77 633031410
57 26 577307015
52 21 754939759
69 36 831281971
79 55 143995642
94 25 405579496
84 4 938751333
69 27 324500990
47 15 131205971
73 5 45777733
17 47 165465026
47 82 910634682
87 85 71134215
77 24 841720869
20 68 815916731
44 92 883578972
41 92 561707663
87 60 670787774
92 1 46673679
26 39 820393080
45 74 15789149
7 41 440150130
68 8 878526286
58 47 319673009
2 13 207530273
66 68 256241238
5 9 823527722
84 90 730151490
60 71 169604056
30 19 859652377
40 86 755751103
76 9 122562941
49 9 785083323
100 29 211894786
81 14 236887440
54 49 216925141
39 34 936069198
77 65 282208741
60 43 954862656
77 13 446561366
66 30 379953766
57 90 925948747
78 88 474664149
50 25 496675904
58 3 747229007
18 76 69829816
81 55 608599989
88 9 743490157
74 13 3048867
96 56 590185789
62 53 10772939
63 22 546732257
29 13 927707195
29 27 397107447
10 34 426617657
20 19 619370157
50 64 708785035
28 5 25548940
40 95 973755432
47 60 372851814
5 50 146462589
69 56 6271382
73 75 494152121
78 57 430207399
4 9 930360811
25 9 276607157
40 18 187394864
38 58 246612694
91 97 172856676
100 13 320280185
54 50 904611798
66 88 117220915
50 27 501627599
25 75 963768232
51 90 262878317
56 8 138794541
7 14 462405052
75 1 235393139
32 6 720362676
63 88 575654381
92 14 611244458
91 63 342617016
52 95 261678505
85 4 503865714
29 24 554940979
67 1 591092846
49 90 786349220
70 20 601779079
54 47 193045255
99 17 75217104
87 41 713816156
48 33 528729734
90 71 282252017
15 96 368933483
29 74 19506419
47 74 415259904
43 90 770169174
32 26 455606769
78 13 30755505
47 35 73992041
23 71 357708505
51 80 897451952
47 3 342358048
89 3 553279153
80 13 861249050
59 9 662612959
48 79 815046386
25 56 701540315
56 68 123241440
87 56 637039146
24 95 538495293
84 18 370296972
9 14 648656033
49 42 528695493
66 44 805901354
65 35 810992862
28 19 581530687
85 2 670128691
29 68 592240766
43 35 687405238
57 46 132877426
14 1 473933329
66 80 205735561
84 31 442100063
85 27 356385121
95 35 858342421
78 17 311489269
93 21 88094285
36 42 385978241
91 64 639424934
32 3 459129661
41 34 965691659
23 1 361554365
46 13 744957119
50 39 320331488
56 95 549562688
3 34 618355592
45 42 104555149
62 48 980112914
40 55 695808543
60 35 499079590
11 20 501263744
65 24 183686384
40 98 880455992
47 24 956036371
30 90 347957289
39 71 233190494
16 1 180354971
58 77 237346178
54 92 887761891
76 14 241139325
60 94 971535563
51 94 62780905
49 33 33541186
44 64 450769326
24 75 271453188
19 42 941720935
56 90 48683832
58 27 987891460
92 35 481242228
88 75 917887759
29 61 621410972
48 2 742917900
16 17 252078763
10 75 147737795
89 54 968740161
50 49 230641569
85 21 286383811
41 53 978063466
56 2 976322804
51 15 528108048
49 82 514761598
71 31 153965907
6 55 385683413
24 12 773946696
37 65 923659039
38 52 563992684
38 14 513587116
48 85 379432111
87 77 903366822
18 34 943511653
32 77 794086360
57 76 728301011
24 59 553700683
32 18 573394244
60 33 422347270
41 8 360357600
54 7 359786615
89 80 689217999
91 25 608514366
27 94 722168137
2 1 319677013
76 74 865087564
98 55 977960266
7 92 92757819
79 95 376011117
2 55 270965548
25 86 954080202
62 41 479807700
56 43 65809112
30 42 511220254
65 86 264788730
11 40 157236467
72 13 536182940
88 42 700011728
57 41 462097312
32 65 669293077
63 59 742659306
63 16 387930883
67 82 497812363
39 49 629695572
51 27 980637015
79 2 930921434
99 6 191293872
96 76 16054389
91 82 952499454
52 98 673138789
40 9 617892309
5 61 469934985
82 34 425286522
60 42 963530632
30 36 721687249
72 31 201426941
7 74 821100253
44 76 962597503
58 43 393575547
32 61 366013031
6 95 875095325
13 9 652283199
78 96 797879334
25 2 443761973
48 97 71718668
94 68 134300861
83 70 108980018
96 24 355290213
81 31 311186814
100 76 918370036
27 43 302935120
83 48 214106293
54 17 183332614
97 49 534678286
46 75 974969387
49 64 22749340
89 70 208155764
73 81 172592066
70 18 884824324
16 71 760231279
45 70 284454338
50 67 746955547
36 64 70909857
82 35 142791730
48 74 919368677
49 31 61760716
84 30 418091752
89 36 986638378
66 35 122547788
28 61 462976685
29 39 821388640
29 4 884839039
7 26 301525766
38 64 693839148
6 53 801072481
69 22 768675042
16 59 293393134
10 15 330597173
48 34 75545883
20 4 244870222
75 95 370449112
5 36 593993186
62 33 383305378
63 61 637499159
21 95 332944365
90 34 175134722
10 20 332194003
28 29 828783881
88 35 818624974
62 5 783106118
23 60 9462172
36 88 516351573
45 38 170801418
28 30 359040454
17 70 656523423
32 5 169318772
62 93 297811168
91 21 224629877
9 31 893567217
97 82 450445279
82 4 958868192
90 55 171370080
78 32 198673594
28 59 461243923
50 88 569824962
84 82 772767568
83 12 15314138
62 95 136566338
37 79 129715046
17 75 2161652
45 33 399834445
11 81 809293992
100 3 627870690
37 73 517234530
57 24 167223226
48 8 169288891
78 25 928370214
40 72 895580767
13 14 956606832
65 19 943148505
44 22 20456233
17 12 526530541
70 43 775202020
42 71 61895853
73 1 171901517
78 35 906710388
100 19 165740606
88 34 591744194
58 80 873544161
60 79 542497090
65 82 821471963
28 9 453188060
23 86 410190949
78 61 384269741
37 24 226424710
62 56 235226333
73 67 7052435
37 41 761366596
51 67 67272085
15 2 127298089
75 31 293546790
60 34 921786739
85 24 845638663
52 30 124352027
78 89 315956861
19 33 297375029
10 96 305359134
6 86 281401973
37 39 434988763
51 64 297514328
41 33 260564573
38 34 483864734
16 15 814235985
66 23 411714131
45 16 391734794
16 18 488934885
39 27 695423627
57 25 993663218
63 20 29421953
73 92 901170454
87 1 196647862
66 19 622930342
87 68 473487365
72 3 922764630
28 41 660599634
77 20 309864527
86 68 160264944
27 55 841724224
17 69 598699190
86 95 417248476
11 16 482577027
87 76 396224390
80 4 11888677
96 71 672952682
27 49 333256300
30 92 70550716
94 31 586650760
99 53 508814570
49 43 335298464
19 43 752245558
51 56 157836626
19 13 643094733
16 75 941179209
36 33 58852102
26 53 691510280
11 8 2813646
85 13 175786915
62 100 182283737
63 62 818895320
22 98 719699851
69 71 178655170
60 8 806654391
19 31 898483762
20 64 861092362
26 75 787145815
49 35 370630372
85 71 999021012
41 85 682609559
11 14 671893413
73 64 522738650
32 8 557912445
100 10 254542293
12 81 470723243
39 80 514136801
76 81 904004161
78 100 256319745
17 81 785686745
87 10 729025638
36 68 363738373
10 46 208784444
52 2 139825980
62 61 9671983
100 70 191075396
4 90 37608246
30 65 769353504
24 42 155862265
76 61 323706577
100 4 785260355
48 20 941804226
23 13 638881191
89 81 313870874
23 17 762823310
77 34 40293275
28 81 282654981
77 10 128346387
78 36 672469745
30 94 193559205
75 9 654843792
54 31 711967478
76 25 606437457
50 53 771713429
80 2 836997960
26 36 74021772
78 64 218273456
52 15 184816853
88 4 508088986
23 36 607423484
22 4 843818253
28 22 705274548
81 33 683552663
67 98 316452191
87 82 843169611
11 97 713309456
33 35 33166669
91 95 896395126
94 64 653175629
62 31 430828688
89 21 150372360
28 58 263795408
62 42 15460574
92 22 668177731
34 8 286421378
16 53 752581937
37 82 487720296
93 61 947309740
95 8 286128770
60 9 635246821
36 18 538340836
89 82 518951992
46 3 975422081
91 24 148534105
7 88 179730060
58 82 494695620
63 30 166308098
16 42 746499008
43 33 470337180
79 31 265148987
69 79 581453858
90 75 357497461
5 29 38986089
89 47 266393502
32 29 791658134
29 79 610855274
66 6 25492617
10 56 231459351
11 47 455229703
41 95 992366477
32 67 778049909
84 49 961661000
44 68 762800657
51 68 197223053
27 88 38359406
15 12 173534596
78 80 559637525
11 39 619455699
54 65 621849103
54 10 669702988
84 44 35110597
23 87 755267413
12 95 93367410
40 94 89741156
99 79 821974027
19 68 154396780
97 86 136561637
28 17 602085301
32 35 488371797
56 13 310795557
73 30 332634949
22 43 483157726
47 41 722613585
37 17 894008592
51 40 408161486
69 13 426886712
28 73 49344234
47 46 798610010
47 95 887548215
58 4 793776235
26 20 262699661
93 43 509247290
18 75 651869768
10 35 35221489
30 46 283613263
89 72 142818324
97 33 409103366
44 53 533248204
72 8 736190169
11 19 604747636
3 90 850306434
89 51 510112581
85 56 280464596
63 80 716959980
57 63 92497078
100 23 849209768
26 15 285089363
60 14 749586408
16 74 996161427
84 13 943271979
83 14 281917448
84 29 909308257
58 90 993014733
57 71 180884069
17 49 598185950
28 51 448955810
20 56 539898633
5 39 819825278
75 64 540875004
17 97 89902205
39 88 74622124
83 29 296706356
11 31 482508617
30 96 258721997
32 16 322970650
84 25 402011501
18 98 794437022
70 79 33982778
63 4 220663502
65 71 390612625
84 34 91442906
88 31 302038061
47 88 222098324
96 6 125623276
66 64 328459444
37 6 989756783
57 14 839286134
50 80 263349957
91 46 459101620
39 21 223299062
38 9 471418218
78 37 654271817
54 75 119813885
49 20 233325308
12 61 347402433
60 6 513098374
100 36 89853727
73 35 133549786
43 71 552434960
48 64 921849950
45 20 717314454
96 64 104952079
79 4 502681902
28 79 342188188
25 14 502143003
15 42 547489273
10 94 664350433
17 64 826972995
23 77 310069800
32 13 840761770
83 96 588364976
66 93 317276812
3 19 428200205
79 56 961764270
28 100 595655469
43 81 125658426
61 64 743863607
76 75 480944193
58 56 770812024
38 86 880591205
99 13 658997051
20 35 324266629
83 84 656911898
94 88 866608394
60 55 349052187
15 94 92409870
30 80 238552285
40 4 970125507
62 97 277771691
11 65 26668699
23 3 573254522
44 49 671185425
2 8 753624088
83 92 637044960
48 24 358100238
78 71 467353461
62 40 729010929
76 94 532861619
27 34 832614879
93 33 806652055
48 44 659447128
60 19 755977065
16 5 901402387
54 5 280861184
25 31 428815395
40 42 810313229
54 85 641952602
27 67 241896623
63 97 427523324
34 31 85654083
9 55 18682265
52 80 771284536
89 25 849506246
18 86 169017208
29 71 973197764
65 96 979637984
86 53 909617271
16 9 615700656
57 39 17943031
91 77 23012637
81 53 857852537
33 53 742718330
76 95 796847122
88 1 626991440
99 1 825763903
71 53 106794997
17 29 155987571
69 53 452007296
90 9 351475244
36 20 949993014
17 13 861307804
44 59 834362834
100 67 701722662
2 86 963311898
37 92 680318279
11 88 749558923
87 27 126924714
69 25 757349734
30 71 588703007
63 48 730176475
86 75 344069103
5 24 437476254
49 79 428904080
88 8 851454492
24 81 183863406
83 9 162361182
97 18 812449727
62 22 450297591
57 96 560999847
45 96 42813445
44 6 98464864
23 59 920103187
32 84 946273046
65 1 642853013
87 64 141085114
48 12 621155418
10 70 728086186
58 36 808330824
28 96 748150186
63 23 548406586
66 7 993077141
28 27 991537298
17 40 787529384
23 4 939147808
100 86 64668736
24 14 31386720
73 47 356254576
85 93 286834766
52 93 103098379
24 8 18186039
100 2 631636623
11 21 39245766
11 26 765249488
70 80 456555099
56 75 247133195
76 2 838766556
41 60 207084237
41 61 674714218
10 80 871712160
56 14 656123992
52 61 566085411
7 25 989990024
12 86 374272995
15 71 355212297
87 93 796521400
73 25 953207536
11 22 341912389
39 24 739922881
68 31 814992822
3 75 780193906
19 86 998703272
28 46 971038114
17 50 774314182
37 27 450975190
18 55 280596796
85 55 52387645
96 95 349964662
13 31 83477338
93 6 71115286
82 64 241401886
70 31 108890896
72 67 748810276
49 80 943970626
5 88 564393360
30 53 723477892
38 4 500777696
93 98 910778292
83 89 45986405
50 8 706082196
40 92 336076556
10 26 84140453
50 13 659223078
44 95 519577135
70 15 263516036
20 76 481390050
17 56 805913932
67 35 985563682
47 80 439067847
7 13 878275663
73 93 574596713
25 1 585573141
28 56 372829510
7 2 594229726
88 86 249082253
78 60 359984563
51 17 618442973
7 61 211345604
74 81 300487929
58 53 509766919
60 80 316105631
50 29 424682536
17 15 460551630
78 15 880568640
60 61 632946572
77 36 956577379
26 42 940424312
38 53 536519129
17 30 868091377
70 72 359813372
77 2 528516401
57 11 281870826
45 7 426627634
56 64 409934575
91 40 130324587
100 85 637975242
97 81 871502191
26 55 388565735
28 31 128011724
79 42 927821418
89 74 154064344
52 27 688502547
70 27 846392152
6 98 63878513
98 53 445489132
43 98 610089192
2 6 404835910
28 76 220546260
5 27 548166264
89 98 308002404
99 34 333297381
91 59 566601522
23 7 804123284
98 68 474034986
62 49 91566208
50 68 305731250
57 84 952979224
62 70 722780682
75 8 872611475
32 63 804599887
2 31 867661195
78 46 739978635
43 21 878207848
7 42 946410049
30 67 450200414
63 18 151166306
58 12 100945793
85 19 333105540
17 24 265415040
51 86 435288318
83 100 525681683
24 18 510521657
56 35 27956561
99 5 878023136
85 82 511588381
72 64 124459579
62 90 728074040
73 85 455402777
92 12 385984530
27 95 148066013
48 49 276142482
18 95 61165558
77 15 507942169
50 43 294879869
15 9 42995719
16 60 264162047
47 85 304165287
83 8 840850623
84 96 740314140
50 65 507203428
80 43 980465361
81 75 598611658
74 64 844247064
3 55 328190839
94 53 858264994
25 13 417365794
73 96 330434268
63 12 273190008
32 58 857240330
26 22 724602896
40 47 26440870
47 52 317529858
43 14 317324454
60 13 306547684
38 93 781335611
38 11 543884781
41 42 296806503
5 4 882313582
85 3 270282485
58 21 128764725
90 8 729585040
33 14 621286376
44 90 316768544
12 71 992555445
82 71 895426696
49 18 592101657
25 61 926805248
99 87 36443085
84 76 168946185
40 49 58944143
21 13 273277648
29 12 7818272
97 9 122299636
65 20 375803133
96 33 421489782
40 33 27063029
91 3 525968700
99 73 272952880
27 74 158790295
76 22 304771272
50 97 632059579
36 21 282793269
23 26 829873374
37 96 224078555
88 2 139009499
49 4 947291151
15 80 195868920
40 74 480767331
66 4 964390371
56 59 176376365
69 4 242666575
17 96 127520541
92 98 213039956
83 95 407815776
94 59 698229519
98 90 391536728
91 49 147589520
48 55 55104657
64 95 312310275
99 19 536423879
25 21 441617068
51 21 712254547
57 6 122555105
25 55 353689299
52 4 537541620
25 34 617024170
10 27 371839412
63 95 878834875
48 90 961664688
96 61 941349691
82 42 129016420
78 31 520524539
32 82 120953335
28 38 313753200
77 69 618524580
21 8 594102940
40 2 744683691
39 3 796058291
52 26 739370185
39 59 436216579
74 90 207174357
97 19 823752000
19 4 927306439
77 39 620670732
7 59 677507277
69 34 637572036
37 43 585336872
38 41 591818884
49 76 988644536
92 21 884779623
29 22 413284261
68 95 397611112
79 68 264953992
69 8 35537580
12 31 684410626
44 30 225345471
46 9 614745528
32 72 677875285
3 95 399507165
48 52 741368699
69 9 801128159
54 52 152233125
78 82 2034435
83 15 893244543
60 82 348419641
27 22 299918462
36 82 884266471
6 64 414850242
48 19 191729106
62 77 986113153
6 59 783413387
58 23 540468117
25 90 59540594
41 19 770580472
60 53 760752343
11 51 104872575
51 61 385433230
30 21 448505413
23 21 883134856
5 41 129884571
41 15 869205335
54 68 867984435
20 33 352332578
39 6 198726490
54 69 615372684
37 35 222493199
91 20 606515030
100 31 357233312
46 79 768298958
78 24 693437785
84 24 271004751
18 67 22441312
73 13 530081021
74 34 528050842
76 56 853887966
62 29 107004692
10 30 428769480
15 74 503626619
57 49 536917325
89 84 677279311
51 88 927763582
98 71 532037312
83 52 54481521
24 4 69163882
70 97 55428416
37 94 519146324
27 4 871292751
89 10 151726663
44 72 481405125
7 3 70342875
28 74 688448212
16 65 5591010
22 13 99473208
3 56 544947155
5 64 704749609
82 43 243767423
66 76 42239696
41 59 109490224
62 50 966170953
87 35 102201872
30 93 485062568
65 64 936334602
32 19 547104820
13 90 129539219
69 35 336660120
78 14 608230393
72 22 879298968
23 22 593765111
36 19 917376347
62 54 823945111
7 95 648724222
17 53 539069295
94 74 695145508
22 6 379208194
17 55 837768297
32 42 615240188
48 65 728771654
100 46 29103602
83 99 862688911
72 68 271272045
54 14 580349235
17 25 944181798
45 64 21542129
43 59 310661715
52 13 822350761
20 22 500619689
16 3 376896949
40 35 531052128
15 14 809322993
5 8 148437530
27 68 269295471
78 83 773785552
50 86 493035373
92 94 801339404
100 24 811553164
26 90 135803911
70 22 652953990
52 46 948875440
51 30 469468730
37 76 314165904
100 27 381416745
63 1 822315176
22 12 904333314
23 69 628902374
89 29 362003545
88 68 126835819
37 5 281632144
83 66 106085136
38 71 457192942
21 75 452218712
89 37 573696393
84 72 622063561
93 60 51815906
83 85 880836881
99 59 23723318
57 18 499863453
94 75 148969002
72 4 378177791
69 49 304746925
3 2 533335085
91 29 771258668
52 3 961048363
57 59 751440426
41 94 29785946
23 75 911492814
54 86 188754941
91 11 711179170
89 8 85736480
30 14 689068677
45 90 161521696
7 70 887937872
66 22 696342744
38 98 978676421
89 93 34273909
57 38 135990000
34 71 142584411
25 81 627728349
3 86 426765119
54 96 569857638
45 30 999345104
57 36 809133967
25 53 806240171
37 15 42017735
56 61 634898619
17 1 626518137
28 39 665795565
47 19 497589095
55 31 709112000
76 21 671542736
94 9 788944619
36 3 421326648
73 42 759872679
30 29 455095680
3 21 546541953
58 74 296679700
39 15 620576360
56 80 273633990
66 43 619236976
48 75 510511108
69 81 509540183
100 59 59640073
88 90 830971462
74 53 566341131
32 66 971406076
41 14 106571827
45 94 514725745
69 59 681015819
70 12 692860217
9 1 219884318
57 22 225301092
30 33 314676746
6 1 741722860
40 88 750359812
69 94 58383345
97 3 401623864
26 59 177625808
17 85 252459628
54 24 117065469
23 14 711612948
83 39 153588979
70 90 634757848
91 13 959075805
68 13 218591295
57 54 721854485
23 35 436677341
39 25 970094963
66 13 745717602
96 36 398450237
93 31 801354318
83 53 699633683
15 36 478108519
22 68 14647947
3 82 961344253
50 14 746790821
100 30 905466772
45 55 474343104
7 93 873919304
40 30 735979806
69 50 227849143
92 59 558483296
21 55 758370004
38 99 700062261
58 94 357408547
25 35 282228405
22 90 409279168
17 90 541301826
41 82 84840287
63 6 692142748
44 56 822161375
58 76 937630701
49 53 525439774
28 37 737589592
41 26 195015146
60 31 643134953
62 19 629162176
46 97 728594893
84 8 629165373
91 72 96392445
7 17 959282352
22 2 512454298
45 95 984841938
20 3 99302805
45 28 40825835
7 56 579408834
40 59 840867939
91 19 282514399
11 69 754866658
63 84 95000207
84 20 324346826
63 90 211370244
73 2 730742786
11 73 646963649
93 35 660677448
43 64 699780505
10 68 754302818
23 42 558935891
24 56 727928030
84 74 794083152
99 96 480892819
54 98 372154563
38 84 699311391
91 66 1228682
16 82 900754014
66 67 771376140
56 71 981758408
32 40 894777078
57 3 56731031
7 96 633477038
62 75 540702351
50 46 300334630
91 23 305683268
50 44 701241074
16 70 881069501
48 67 67375952
39 18 687415407
16 87 697905025
17 65 636607820
11 79 619476979
46 94 751067645
11 61 993589008
60 64 593078227
58 87 663697063
19 34 120108923
60 88 574528201
47 30 963437204
68 59 411773683
51 69 641175009
72 86 856470227
83 91 142927420
40 6 502742332
10 36 948572464
45 91 24368735
17 59 253404430
57 12 933431109
67 74 156955676
4 75 611803523
97 64 889221993
91 17 86122838
65 56 616135515
96 59 185280149
28 12 333263149
54 73 47680559
36 25 865706967
84 59 83471920
91 67 176938754
92 49 512540806
29 72 598671407
30 72 70383728
84 80 508979443
28 92 277494115
11 74 740421907
62 46 846141107
62 47 883915245
16 67 535496054
27 42 291528080
62 86 361310691
16 34 731379886
57 40 776092748
68 64 64017525
48 43 864233310
78 94 124300872
89 56 93046221
40 81 545111063
24 64 757632569
57 67 388838009
63 55 732182365
70 19 278038508
38 48 155717510
17 2 298636109
18 35 710879785
10 31 705603758
52 85 462938852
37 21 250159772
99 36 382586522
25 80 61251767
3 98 819001121
81 9 803651242
20 86 938246558
100 15 944806339
18 12 225976773
29 92 255277776
7 40 978924025
97 67 18465359
91 80 353031461
2 64 591038455
89 46 99589565
5 35 441990181
38 12 189255280
81 64 505650659
41 67 966738348
11 52 46854756
29 33 396245371
59 90 748964004
57 10 716246760
50 22 760529770
61 14 944881660
85 79 969451295
22 56 920154299
18 14 862191797
70 53 242033334
69 74 357468121
41 56 591720422
46 14 286901420
22 67 588077315
77 26 572573700
52 20 943065759
63 85 674932561
63 69 941023542
91 75 509692611
44 3 751727307
47 18 189992548
65 80 315160016
45 47 138785533
90 53 85367029
66 1 820909286
66 98 308690157
30 95 867356315
93 59 956037528
91 28 338227316
50 36 715964066
59 8 988284277
78 67 883234975
26 88 322021656
73 68 241899400
24 90 540584918
43 1 588385623
7 43 24214082
48 86 310043993
85 90 980728688
16 61 808392107
37 70 769059392
91 74 605577232
29 86 725101330
50 33 529154298
55 35 731614278
63 46 195749447
97 79 621784613
7 69 76980343
45 83 153507698
92 9 779224437
48 47 397988533
63 76 631752836
63 24 750368364
36 4 401699630
39 68 986785839
85 46 543350926
20 6 568939868
29 20 605746126
43 13 193893855
28 21 696437796
79 74 13468702
58 79 842781755
89 15 451014722
11 42 639229629
62 74 694857329
84 22 499724565
54 9 379568696
84 43 118047248
89 75 6200749
38 76 692733997
67 19 770849800
65 12 387801842
32 15 633395598
87 55 188745337
44 65 998880870
17 35 329894184
96 80 7407780
29 42 695359332
45 86 615001201
97 35 335036351
10 39 257210905
99 3 843718824
97 65 533972238
18 59 436723625
51 18 920062725
52 19 543902293
45 98 214594401
19 88 487456707
87 46 73315265
32 7 198008671
37 3 939196329
24 13 363386106
84 85 874551340
39 72 748080272
83 50 260684855
92 65 850457785
12 6 889677628
65 25 799794860
69 42 412752096
45 39 620604485
85 86 529045461
66 59 678263022
51 3 222806141
84 87 823768026
54 79 260279892
16 35 773541233
39 56 156465893
78 18 385426417
32 94 521128399
15 88 804460060
48 70 733815772
72 19 580055359
32 100 91056437
79 71 998235000
5 98 606350405
57 81 128367944
3 33 74049358
58 11 361015842
9 71 233591638
87 22 292484173
3 88 426873678
63 28 955229659
84 41 604738934
32 86 515732572
16 30 460364951
76 35 536844380
41 2 773142732
88 21 904148778
18 1 225383181
23 52 766535654
36 34 994833198
63 60 48467893
40 10 777472960
84 36 90289646
10 24 536199649
66 18 808046106
61 9 450204330
100 93 95489971
1 71 578053812
82 59 346444021
72 21 678883320
23 9 4896109
66 27 462851362
39 98 524734011
44 35 530612324
39 86 429882208
16 97 721239142
93 65 639270102
61 31 120048383
69 21 492456934
66 94 774028737
29 8 826612157
100 37 754529508
44 14 970306568
2 35 745828917
86 21 702921185
50 41 214747778
91 98 923753772
40 68 146765983
83 37 816282743
37 19 677310063
57 23 758584419
73 3 274949630
67 21 684542487
3 22 169577331
45 54 285599023
16 10 909602641
28 65 515605932
5 15 2716183
30 8 216153349
64 9 285599198
41 25 262574667
36 6 814494742
29 3 538731751
45 17 691823234
78 81 402734847
41 86 475276571
16 73 753601144
89 18 916972392
28 50 795470514
39 75 153073937
22 80 907141649
49 68 607715480
51 65 629434669
83 60 246342066
99 70 197910953
85 81 673619568
77 46 410750180
57 98 950775320
100 25 472310106
94 4 325969922
52 8 628367516
66 39 650736344
83 27 644006449
57 65 992752220
37 72 445336013
41 6 377772886
5 69 701837897
65 3 888824744
80 55 950007582
79 25 183364090
38 81 765897661
32 76 621500549
54 81 690015372
72 75 654053859
62 73 884799641
57 72 414336793
33 1 925187011
46 43 678121712
65 42 409807501
89 44 637705187
40 96 576361134
83 42 698938752
84 15 245735793
99 33 762148545
32 48 755017549
87 31 127578410
85 31 33280390
91 5 776525425
18 42 897565019
45 6 127664882
23 5 267222275
30 34 443858878
87 59 321077051
100 22 534138985
14 71 739613251
38 24 482259489
83 51 221927627
50 18 108527414
69 90 32493957
10 92 424392976
50 21 775418141
100 88 662421905
32 68 442794085
44 85 438051879
13 8 475226506
49 88 488103668
99 27 447870533
48 6 769668964
16 84 412140599
39 79 825663419
18 33 551826958
32 33 204126652
51 82 277466047
20 80 298435851
100 38 775110840
28 97 70574516
15 33 829345767
17 10 83415225
52 25 444911920
70 35 235927597
69 61 881836535
73 71 179821331
29 93 325089886
99 75 397791502
99 11 930714212
78 4 808181311
97 42 797282461
91 88 162077806
100 21 852194895
45 68 659321812
93 75 34322375
54 64 195859703
21 53 434196704
65 9 851482475
26 96 219632574
1 35 372888514
47 2 119306586
89 17 937179147
69 10 346257800
40 65 419583512
11 4 30254006
32 1 349324835
86 33 334579395
36 59 167376641
48 16 285709298
37 75 12339325
4 35 236220333
84 1 381407520
70 46 393842159
32 95 230360779
2 9 863249725
59 71 361329564
16 41 146341422
10 18 973664058
74 35 500785832
5 26 952993309
45 57 856931964
73 72 275272732
66 24 748132324
5 18 298709008
27 33 699238180
37 46 831670971
99 20 434485541
43 53 623235848
51 33 869761223
16 23 391202080
92 42 713589790
69 86 430851793
62 27 611663934
92 2 842264274
51 50 507387177
99 4 930394254
3 64 423284277
72 2 320071944
91 27 564711262
27 12 463266526
46 18 22920725
44 74 56637208
28 1 303190853
63 86 761715713
83 82 151750399
26 1 708507634
17 52 198527695
84 95 871015313
54 15 124921081
36 13 305404343
6 33 918669996
74 95 267534981
62 26 604216402
88 71 986827523
83 20 512551994
69 46 804121872
82 61 863632479
98 81 573863957
79 61 635801537
73 77 20946485
36 71 980321949
43 31 607463767
70 34 66724534
27 46 876561924
92 43 289072395
60 56 205255087
43 34 342805806
97 88 271783775
62 11 145096532
72 81 98301075
44 33 516849395
30 81 494718123
39 95 840220893
10 52 867216211
91 7 187944730
24 6 289956751
22 33 978557830
11 17 542867660
37 74 312985968
59 1 379618844
7 8 456500418
52 18 203904553
57 44 595252928
66 69 562647271
78 44 929237751
45 12 859279479
47 34 547071612
6 75 520143912
36 24 953336412
36 81 303316266
82 98 881061849
91 87 923936603
88 82 890037822
45 92 917027178
68 90 893729405
22 42 67069675
98 61 56148243
69 98 671651813
93 88 821869785
93 1 472140627
85 39 663257628
36 94 161068532
78 27 715496115
42 68 185353989
15 59 842261285
89 30 513988944
30 6 499434456
19 81 371248871
32 80 709083594
78 38 324462521
2 71 218243813
65 74 224236907
62 71 954295766
11 5 839419821
49 95 457656064
63 15 464811738
100 52 552500599
74 9 231941464
45 66 744190805
10 82 392888549
84 68 945273808
89 22 283682375
4 34 875096275
100 33 375463700
49 96 148404678
24 21 611316971
63 5 923908075
58 50 970655931
92 97 463781178
19 98 675141852
44 81 210356565
47 94 752380451
47 33 995677768
79 13 213454710
51 76 614198135
58 40 373782829
27 35 831136005
15 43 284636343
49 55 828255425
12 90 811366669
16 56 565227543
73 88 638435163
57 35 35050534
49 2 920785876
91 92 247049719
91 37 958729418
97 8 150967244
42 98 998975478
48 40 335493690
56 88 739258968
87 53 838580448
66 95 410991637
49 86 720342796
3 1 575941787
51 31 544131610
85 49 694635198
3 13 50027837
2 95 561722894
49 67 387498994
40 90 745903041
100 87 403594125
41 49 676058168
81 34 364573470
50 3 826756196
63 43 367250433
24 55 274051879
82 33 126446191
11 85 961889301
41 98 6876623
100 48 386876288
39 82 913611376
37 86 889352142
45 79 247286054
66 47 399627429
97 94 175334852
91 100 269016557
69 52 544886171
77 49 324536949
12 98 364425415
11 60 845485941
96 94 356806692
11 36 151835036
85 36 904676926
79 53 885298162
79 33 281109966
68 33 316312319
32 59 743339368
97 36 703186435
92 27 320966235
44 19 221739475
89 60 296123429
63 89 740936965
87 65 710274641
92 71 476641434
17 39 157364299
70 44 837096401
83 73 760101387
60 22 349758624
37 20 488327866
54 29 778164366
100 14 582525913
38 21 199370731
22 95 330709701
22 31 284094369
69 70 793666028
23 6 53470041
93 95 636116398
93 94 202561761
99 39 832335296
91 35 713571306
63 79 932783386
10 88 620347497
54 35 222531837
85 8 520073247
84 10 643012955
62 58 181493184
50 26 673827564
37 59 981823102
16 43 459677880
56 6 653781280
66 33 927768288
66 81 84814735
3 74 477097637
23 76 836545462
28 98 594333034
91 56 809673322
86 64 977293785
86 1 250937039
22 53 764795938
37 36 353651194
66 34 12678964
32 64 861421908
58 37 348182831
58 17 784042292
49 19 144028394
28 66 847648710
51 96 20586073
96 3 647283169
44 94 162916794
91 22 313871375
16 52 703499292
1 95 819024150
63 25 659501788
80 68 340319733
69 97 261012991
36 53 569092486
62 68 286669881
36 75 607371896
100 55 279108466
89 68 621467802
58 85 446892827
39 53 229602452
45 10 697258530
16 39 502909663
82 86 490976234
69 26 87152961
38 26 244772885
54 21 267187395
5 90 519910968
45 46 688013648
32 87 117470172
38 68 956552014
38 44 916697958
23 72 776412937
54 90 512759500
37 90 73269961
100 5 15738931
10 43 386516681
62 8 367256092
45 44 349853527
79 64 75994187
40 60 61674322
96 19 407312347
84 50 624022330
100 44 655987194
41 68 61984932
94 1 721843572
70 56 416412962
23 47 266153394
38 61 631034485
100 8 914859756
63 17 636909315
41 13 756780946
79 76 339669303
84 65 75846918
62 2 167078842
73 40 116294377
84 39 436595377
63 70 398174722
38 75 191603403
32 70 403835240
63 40 982743501
38 30 14537634
50 75 685297268
47 96 162711583
26 3 824645894
32 55 274075493
51 19 61177614
10 47 459458703
47 49 854188749
84 81 3369383
80 95 6558413
38 42 757268562
97 21 344262632
92 24 30963666
47 59 750970213
84 92 996682838
64 31 714851909
8 35 951226688
54 33 56583436
83 72 268201771
72 98 202068513
26 94 836020694
46 68 189681656
100 51 824532408
42 13 452971128
32 22 694011294
57 73 815287370
10 76 302210286
93 42 536883824
12 13 62490203
58 93 328876721
48 39 521760458
100 71 362815671
78 42 961737730
16 20 420457984
7 9 345065995
85 25 188304731
49 94 861454760
42 8 713150376
90 31 429242688
30 39 43540891
37 51 292501089
100 69 464176403
78 84 757371571
77 82 485778295
14 35 171851410
77 98 191023526
58 73 561576532
83 64 634666094
44 27 53939057
59 75 283654690
83 49 994556339
5 30 109608399
82 9 828874354
52 96 320214050
32 52 562380016
44 82 607353401
77 85 830404709
63 94 515374773
57 31 610117699
60 3 612554962
40 22 300596755
57 86 791145083
77 56 184768434
41 43 884143251
66 41 290642607
42 55 713466060
16 29 702113210
79 1 209692900
90 95 430252884
49 22 757439142
47 79 220045760
50 42 889297562
7 64 46023409
11 59 343123927
11 93 875410594
45 51 664792364
91 85 310363260
19 6 573636641
60 95 878876997
26 60 415017666
77 50 194203570
28 94 622930142
85 94 58078946
97 24 788164425
29 6 66125209
61 8 896217153
57 87 551663854
32 79 33803496
54 26 889115310
20 9 667304901
65 59 741282361
61 34 259911150
10 42 950116524
84 42 748857943
44 97 850356228
27 6 788657620
77 86 815661632
4 6 161789658
52 67 943911430
94 90 278965483
27 9 422346251
51 85 715592100
64 71 47181600
69 20 142922658
72 59 848106498
29 53 732128371
46 42 872756283
23 53 638505547
89 24 360855948
56 98 27475374
11 46 470640953
48 87 905332946
70 59 472602717
3 68 875258516
57 69 494671349
57 16 778418279
11 34 248799960
90 33 453507884
5 93 509811014
28 53 113103977
67 95 688009869
30 75 543613241
32 30 230550060
99 50 66051805
44 13 20323381
78 22 308990206
77 4 17754845
37 33 320638769
63 37 924941669
83 18 541515276
32 37 647334610
24 98 242203363
93 90 906652623
66 10 16692187
46 25 412177253
47 39 803459813
32 2 357475169
57 2 260896152
89 1 533571983
45 81 658414740
22 61 554091744
46 34 783495993
88 61 704071303
91 1 582169473
62 55 4178319
62 34 319480224
3 59 511513488
54 84 870160872
17 3 842298123
23 40 301815698
28 67 968228532
80 14 334145036
49 36 275165536
28 3 264534938
89 43 841728229
91 60 917514553
70 41 318931390
1 34 821598701
97 6 79455282
87 86 908599908
16 90 961244958
24 3 673466590
49 72 761379121
39 60 762980442
39 81 172685705
30 22 958579452
48 29 629957040
93 72 524691539
89 41 358518865
87 34 783082252
62 36 694059949
66 26 193945021
83 47 635279243
57 99 606331429
57 82 660436454
66 8 750278481
80 9 44821737
78 52 130806133
96 81 840086893
92 18 202181078
62 30 998734781
52 39 39866653
89 12 85228135
62 59 422249245
73 86 358245607
32 9 426947455
85 96 803813876
64 55 297810755
86 13 103371582
47 13 513426948
61 75 497386646
61 95 160954184
40 3 803404812
48 9 53189188
97 14 936121978
83 28 944657902
81 1 574193838
50 55 321498812
62 16 885162258
77 64 769198511
51 22 568403506
99 2 715934213
28 99 812220476
48 88 238453039
70 3 530283738
4 64 420353229
48 4 693879890
41 72 283879048
94 55 244322370
62 25 175587767
23 97 306429975
63 98 646291320
24 53 513994249
74 42 660404418
27 2 424604487
32 20 985001853
57 1 362305994
36 95 177366648
98 9 689288351
75 53 275691820
51 55 255413240
64 1 849547787
89 9 368761652
75 34 979803365
36 35 98024095
78 85 978891428
54 27 823882278
25 71 59221808
50 9 863352684
77 3 438726329
37 98 201440256
10 12 743809899
73 20 600022245
38 19 577481778
78 99 26955768
23 61 297639715
52 92 485272504
18 68 402733807
91 50 738043195
76 82 631597558
92 79 935305442
45 23 134391071
30 35 372617857
45 14 714816747
23 56 426879569
21 68 495889129
57 20 676147198
62 20 428002617
72 76 694800894
83 11 352842828
4 31 650686542
56 1 150824668
99 93 139989322
83 21 526471641
70 49 817568798
37 29 466284268
39 13 299407441
67 12 859057847
87 50 568528876
47 6 461757484
16 64 15417081
66 92 355490604
25 95 408142090
78 10 96225626
50 56 790810473
2 12 588646962
11 64 790302249
74 4 740589548
37 88 269364158
38 31 950516283
55 71 847887149
78 73 508552358
91 30 360387481
36 31 860124783
7 77 857387155
83 61 73387210
51 92 403549829
89 52 611309515
63 73 733526642
45 77 128435514
48 22 861813653
70 30 186113386
100 99 240473600
99 98 345495565
34 53 503233461
73 49 853254586
6 13 617444574
57 8 766320486
19 21 891580074
4 43 116918746
40 21 902736223
82 53 673456855
87 2 380767456
70 55 2538518
100 68 986338243
18 21 949008643
54 74 298306428
73 22 445846466
45 80 364329022
89 23 213107083
76 13 797556981
58 51 716389037
23 33 273013990
29 46 976540529
99 68 796613445
87 90 363172129
72 88 761920929
96 9 266103535
69 3 458452155
27 97 778081111
63 13 995321509
24 1 59304176
4 55 705008757
78 28 494653277
48 94 364959385
78 1 224648124
76 33 553773605
45 84 654005949
83 56 691214530
11 55 208369264
27 21 944066752
27 14 738834954
66 5 514026692
100 79 84631251
58 34 702522306
5 42 810996838
32 25 626080701
23 29 671508646
17 88 338155310
79 22 564440551
39 19 531608893
54 40 113203990
10 13 571789184
88 43 45958297
62 98 138754032
10 72 274898582
77 55 402175347
82 14 713695990
27 36 932687709
51 79 774435320
83 76 333193291
20 81 38146505
93 2 844939063
66 40 418208610
24 22 782247373
40 93 5047319
7 20 117618485
98 34 947421586
16 86 300504895
25 42 737799244
91 76 610857353
46 4 358069886
37 56 612735333
40 50 70649021
7 36 883303510
92 81 979689893
17 21 104864907
21 61 859372218
26 82 367647999
93 20 565357405
38 80 151526079
32 97 875206294
54 30 18969402
62 65 613385706
73 7 297019498
21 31 174925536
54 87 662933354
78 9 851069587
73 74 106276912
27 75 414411076
78 2 527611415
58 6 878669012
57 89 659737973
26 31 223509316
3 18 14478550
41 12 493791527
15 55 294184310
48 3 463952305
78 97 329546612
29 64 510768238
5 31 925385760
44 24 824591617
23 67 673502863
98 1 311402343
97 4 994200262
45 63 461954366
15 4 386914992
5 79 729948843
85 15 637853466
36 8 467962492
37 54 296350872
12 21 262308821
63 81 267885143
87 69 284320913
88 98 535449489
79 14 367487760
74 2 916936346
51 35 598938090
