100 4949 89
2 10 12 19 27 27 28 29 32 32 50 53 56 58 59 60 60 63 65 66 69 70 75 77 79 84 94 111 116 118 119 131 131 132 133 141 143 144 148 150 151 152 152 156 156 161 166 169 173 176 6398 8660 9814 10965 11143 12358 13287 13429 13744 14528 15863 19053 19231 19861 20956 28830 238557 1301322 1508691 1718828 2036248 2728991 2860512 4060830 4580878 70703451 179909344 193564915 199516557 232541881 255237248 334687567 336284657 347657794 424319708 426109421 556344043 573897119 643735296 663551152 718456979 786348435 820269083 833098229 844214283 901265162 912029744 948547739 964404747
45 90 81506423
36 54 203849520
31 66 758921564
69 3 985089587
73 4 224347369
68 65 729180271
87 56 769771872
64 72 399775220
83 94 690403547
14 65 496188575
68 58 390499366
56 46 580618261
23 93 855717836
28 63 951738157
17 84 409409380
58 55 538050512
94 100 380378116
77 40 992824647
76 74 126996353
32 79 694388652
97 63 926527216
19 69 17034816
68 50 9578696
29 91 716821038
40 69 816969315
1 81 653480881
68 48 440693814
50 33 892275
64 38 378959794
49 94 607174124
1 45 431063541
1 80 277009087
67 94 639586453
23 37 430505832
30 22 174346518
30 96 475567169
72 15 803375171
59 61 603168123
77 45 167044281
7 31 508211963
30 9 268957388
7 63 479264566
29 4 183722559
12 20 402331978
92 34 567543629
67 59 768953792
43 27 996157125
6 31 935981532
49 26 418516039
18 70 276798609
86 13 200439778
69 53 628116869
21 19 599049782
30 52 104883850
75 46 330837895
45 56 511639124
75 16 852713525
72 58 797986902
33 45 379721763
68 83 885747759
47 56 309372230
87 84 583210343
53 85 618858012
10 46 121094848
68 28 633758559
42 94 132191500
11 62 367746275
45 24 322229711
48 66 635318048
42 64 171615839
6 38 836063049
56 74 824934720
41 36 222406061
71 37 316255601
96 12 934628455
67 15 493811157
40 80 220819212
77 82 864849058
42 48 46342779
52 80 316737048
37 17 34211092
57 69 747334715
35 29 416003052
49 8 324857184
50 83 903995923
67 84 548687549
35 13 968788523
32 50 670952136
41 43 887250987
56 62 582631565
83 13 235489191
19 4 190222278
41 6 23936389
61 31 37599080
12 24 915988502
11 74 728693958
12 95 951692730
1 4 406037919
94 27 825107991
43 53 899448225
20 61 825276941
48 62 476383958
30 82 554477545
94 22 143558154
89 82 849424097
9 56 498298319
1 34 457107854
1 78 801113864
29 52 432949984
68 97 915020054
97 59 776096947
92 11 865708797
99 16 152835532
76 3 315507741
37 36 986567196
14 80 883340025
49 56 112129867
12 37 932750916
38 82 413502244
41 66 693401476
10 37 161068612
35 37 242908655
35 92 326947214
69 56 190504665
40 48 894029136
30 87 595680087
59 44 988235321
30 99 782378886
45 2 393941395
100 70 41406378
87 2 391438087
58 91 531843870
17 46 222423308
60 100 103463121
81 83 977480919
47 49 423990131
25 5 440397061
76 20 886377388
79 11 857075211
10 31 216847729
81 8 993923545
89 91 451908907
9 33 539634371
18 54 322487380
25 29 474173125
86 95 158773495
9 85 459578399
40 71 377893240
12 90 249016482
5 34 488022974
39 90 381903419
39 19 399442301
57 74 785042747
97 15 781610145
10 78 38998188
50 94 730785390
25 41 670869751
59 52 352353158
68 29 48010501
67 26 255394176
16 26 961435971
99 86 148362897
50 63 143788453
17 36 878543799
87 26 400143533
67 43 976165918
77 36 895876248
25 88 481676263
40 5 583015937
30 24 609082569
77 57 168056866
44 70 875256479
77 81 832092993
14 53 41817125
67 38 443896286
26 8 207981593
45 83 877552258
99 69 835004946
25 69 142319583
67 96 879510111
57 33 432131940
71 13 766453877
77 72 685696774
60 51 4197635
24 80 287394791
67 56 722802636
89 90 223816183
44 93 418281844
73 5 274361540
15 33 658226215
43 20 432114679
67 60 920324462
100 95 758731346
78 54 336082027
30 12 70775951
42 99 212512821
41 86 942469017
22 54 917771733
83 24 855220812
32 8 690779060
9 31 351192033
72 3 414070713
82 78 507819222
17 63 133071033
29 85 863191956
86 10 186743199
60 91 248164675
23 63 794862734
5 100 866249077
42 76 593281656
55 48 242510212
58 80 957558615
96 13 923243236
45 52 717257284
41 50 509629008
82 62 891196436
47 85 923726171
61 63 240507402
52 90 497326146
32 95 388145171
24 78 123057058
11 85 980610209
48 54 353656152
31 62 183809446
20 56 965591737
42 54 539138966
1 69 854939822
47 1 899559036
51 8 249769248
52 100 535028224
16 91 786413696
41 69 992989353
64 81 220451083
7 36 918481285
25 98 290592423
60 90 749883225
76 22 685255407
25 97 883944165
15 82 110170230
98 36 228207670
30 55 505211872
40 45 145339104
68 3 188886227
47 60 365487842
75 53 571301429
42 16 635313964
68 31 352226566
89 61 978643470
88 62 925230027
15 5 275887790
34 65 778377872
35 3 251529953
98 22 536414718
4 90 781694312
100 55 924476751
74 31 264894415
45 17 457008754
1 27 405172443
26 2 186862154
30 13 418313938
49 81 241442624
81 95 723177229
22 2 383127143
40 8 765043285
94 69 59110474
30 34 520543701
79 78 316176725
28 40 951631145
76 2 557888527
47 72 949496958
16 45 13184372
70 31 76932121
76 81 539413742
44 78 616448210
64 99 505797820
68 10 82805432
52 53 366523296
76 84 303709230
53 95 864004724
50 59 954437904
21 5 742633311
96 66 639908119
61 85 847527944
50 21 932341646
77 15 146691888
94 37 279224171
14 12 905675687
64 100 894523381
79 33 302031745
12 91 207543757
96 35 915329871
4 85 71885589
94 2 466207052
10 23 347440046
94 65 790218389
50 61 466105395
19 55 409359100
50 2 675997531
19 2 565321693
42 5 646275394
96 71 121439244
79 83 902718968
72 16 812134803
50 69 369864864
18 16 949074525
49 1 366281088
97 27 197441848
58 90 829812916
25 82 186409715
67 29 764570918
59 10 75489110
12 4 513628256
44 66 986127488
9 50 784952866
64 66 614210370
89 86 912202897
61 62 650175234
49 61 691184035
44 63 773610316
28 8 894992800
40 29 480901327
32 15 430950810
19 12 358746462
1 23 376316418
28 33 605122981
16 3 408718112
35 18 474988745
66 27 202617624
41 98 921964447
42 26 782385056
97 12 724164277
30 78 331131089
41 91 862046279
19 26 810867851
86 8 628154697
56 91 784297709
73 20 554933535
13 62 740281260
97 98 36052931
77 33 661498714
39 53 596473790
89 31 819271242
9 57 779854570
70 54 727920465
49 12 714912719
42 13 575997260
16 81 702104177
67 22 99785153
47 83 585187411
20 62 330322534
92 63 142457363
16 48 81349424
17 66 43945027
96 34 194582036
29 93 443044558
15 61 13437259
58 51 835639254
63 31 285922461
50 22 75502505
41 15 264841832
91 85 242424445
86 70 397562768
96 93 570981806
30 77 963177788
100 3 683993498
28 45 84756719
51 24 426357758
45 4 371657141
47 91 912356408
65 46 344710573
49 22 730717592
18 69 152991872
15 45 675108211
23 78 668333213
42 43 504605523
38 1 203909910
72 71 424692919
89 34 672453954
10 85 118530066
20 4 100931918
94 13 901009182
73 2 653865087
41 70 783905815
58 100 432220552
44 13 854335855
3 27 595348754
57 46 260887838
25 87 675059458
86 37 977457901
35 58 405215674
7 91 829646708
41 60 768264380
9 4 115882584
2 91 948383488
96 78 898171652
59 46 941060203
12 48 340958340
39 16 672822984
23 20 547133644
58 8 875528336
41 96 160369092
59 75 39551797
75 78 170535118
79 29 431245752
67 41 500705337
64 16 339780988
77 100 866267848
6 11 789872919
41 9 129995422
29 37 785053792
53 56 142059567
23 27 723047291
21 84 102921723
48 90 953393666
64 15 257221750
48 46 780076836
70 26 735431151
11 70 742205425
86 62 666319578
35 4 38933031
10 3 226955563
35 2 163694339
18 82 377185607
25 39 368451884
21 13 35092031
100 93 324152244
39 94 885486677
49 84 600611555
12 3 547417180
21 34 213128580
82 61 52648269
52 34 546307815
29 10 586964299
81 63 254751883
79 59 396443161
89 73 491385756
29 51 253276405
96 50 25508452
48 95 724104497
83 3 792818117
99 85 799121483
72 9 708420033
67 90 779177403
50 51 842772230
19 83 838770848
12 69 97245423
44 74 423220778
80 37 187434969
32 92 934605373
28 93 21768741
21 17 378055571
29 15 151695912
32 96 481207197
29 62 682279554
68 62 361968238
58 61 842861422
13 82 396492421
81 88 34111426
79 74 908935201
73 70 634832183
23 52 637041992
75 18 292782674
16 78 67294073
68 98 656089996
6 54 869045044
77 49 331439403
28 75 532980775
98 70 520896340
39 46 443365847
44 55 850279178
75 56 115747516
97 23 524122459
96 4 28760208
96 65 70195296
67 51 559772850
39 87 863128376
72 14 76260610
71 78 639013259
1 62 747840246
99 96 3759584
81 93 749496875
40 35 842477109
86 19 662024589
76 43 843233751
56 88 595551997
75 55 919891778
86 90 956216183
43 26 263148950
7 22 114841600
47 23 960054894
29 12 209888947
50 88 770316417
64 62 229512133
52 61 327710833
32 17 513841781
7 8 284430233
70 69 228197175
41 22 51608476
64 33 625762113
16 8 63058862
28 97 491671571
40 100 373362362
79 39 1868966
64 47 746960504
32 100 192353479
42 4 566364337
94 4 723244713
76 16 211946192
40 97 556847233
72 18 597325087
11 93 588991472
76 38 851127639
15 54 826885875
52 54 196092899
47 39 918597867
76 24 817712965
96 74 646930723
77 26 883967817
65 62 378589369
5 85 853541558
29 18 650829109
76 8 653062977
80 2 475465939
73 66 62072966
87 95 473538796
21 45 861402158
49 2 932699500
39 71 557282431
1 54 473713683
38 14 660144720
32 9 221315666
40 22 220488213
76 73 651711408
96 90 290994603
86 2 359221303
57 58 586261019
81 11 915067804
1 5 977030360
89 23 975935692
49 36 465894595
18 22 174444638
94 54 687972808
38 92 545072968
8 54 861522660
14 62 978279069
43 11 833439207
89 48 299764945
45 22 873634982
21 1 66615115
49 53 867602092
35 73 507316040
67 78 650425065
24 13 612635529
60 26 772439251
72 44 805838356
68 27 150246988
69 34 717248642
44 8 883026506
47 88 661600252
77 54 278527302
67 99 1809433
100 91 874981681
44 27 992897411
77 5 634577189
68 93 468006018
35 52 129890201
58 56 417376371
81 17 482872253
85 54 554591545
19 34 857750310
89 26 890318001
89 83 42515853
86 94 162342004
71 1 336118353
25 13 920307967
32 84 155499960
32 12 737041983
82 36 220046092
25 68 704496642
50 53 557321082
12 82 498547543
57 56 755572086
59 11 303444870
39 69 568599380
72 60 826944282
71 81 236845425
13 65 82908580
45 91 349517433
89 49 589648741
42 31 931967184
82 27 519862826
18 83 419768287
64 77 608384163
97 95 251531100
34 46 149288838
64 14 727135351
77 8 943264298
58 11 178047324
83 65 418009432
89 13 575015459
70 91 426420577
89 25 452988168
9 3 771120037
33 11 860800203
41 45 638540365
80 93 391981846
11 22 693411354
77 52 579356058
92 78 799514235
47 34 987888959
99 2 23088312
53 22 881785329
71 66 282649468
3 48 163593129
59 91 246679718
21 20 559765527
14 45 727501874
38 90 91729798
42 65 53018305
100 48 440610669
11 36 88545447
89 78 236649531
36 84 161944904
64 52 386670035
52 74 19491076
28 82 612619595
12 62 405010092
60 53 81877839
28 96 894041230
42 63 34221477
80 31 651761754
68 21 460947642
43 31 366157506
60 4 206711800
75 65 209571465
28 15 682153749
56 95 445749971
76 13 593682853
47 38 894085143
10 12 516920084
49 27 839682123
47 12 480221179
99 23 838881053
60 10 790167027
14 24 902975384
47 71 938530461
79 49 60657745
51 52 826176793
58 5 252494198
47 7 483202887
28 90 457656721
57 54 705552436
98 31 498422915
53 84 101566993
98 80 783552054
96 62 785482072
100 62 487178105
40 96 44364285
36 93 814088755
95 54 536428776
64 93 545286822
70 78 473009335
9 55 939635254
21 61 627602970
79 62 732675225
97 81 960491391
100 27 770304551
47 92 735371559
84 88 210305657
68 8 287408696
35 82 985148431
70 34 67142849
38 62 392799273
79 63 830271605
3 87 839026224
7 58 56188597
12 55 172999605
68 5 578806523
8 46 821732398
89 18 747544518
47 16 110154619
99 20 830462945
9 24 391568067
94 82 117869890
97 90 977250580
41 8 429004573
30 3 422155034
99 48 731950926
14 94 397100459
30 21 379501013
33 53 770472135
98 74 678841054
38 2 418265052
77 24 646854611
19 33 427516977
30 90 665092466
43 49 878842988
89 7 477629720
43 19 814023154
55 54 516247237
28 27 141429292
79 52 41445296
86 31 490439356
3 93 844951021
49 46 444250692
12 74 203914930
32 98 980484560
45 69 421641337
23 69 32557582
49 54 834614150
21 62 68762740
5 94 647491096
32 31 562242162
20 88 926168507
16 34 198998544
72 100 816343155
86 61 208636015
64 71 419629802
67 34 574063077
44 36 27998228
18 27 921582153
38 17 89730309
50 52 536746664
33 65 926550607
79 34 792376367
47 75 485459193
61 8 127721406
99 53 762402319
75 80 85301910
33 31 778454139
29 78 85508825
39 98 421336326
28 37 120383486
9 5 271193855
23 100 373415338
96 72 895654055
77 87 316808029
43 56 143277980
58 69 559420798
67 13 211547504
60 54 837872986
37 26 625463418
79 23 857133335
56 84 15155219
68 72 981700196
1 22 51615160
45 100 895322176
97 70 889786790
29 20 167725855
21 91 302747431
86 48 665718896
45 84 349836825
5 54 573737314
57 65 380893273
82 66 775393516
40 86 135517387
45 85 393435238
58 34 587807780
32 94 570480968
81 27 741123448
33 82 954559871
52 78 85920636
57 85 587479233
53 17 115368613
55 88 822521023
23 95 435351804
97 10 641449805
28 16 102645639
94 85 131858502
68 24 661350443
76 61 946713256
50 65 125420779
38 18 856560898
5 66 588439455
12 23 922685717
7 46 249482845
6 4 753214312
73 62 480653252
47 3 737519113
24 66 457286804
89 16 295968923
58 83 447262341
49 86 244577760
52 82 646440188
24 55 765272869
61 54 771587317
57 18 469548918
56 66 557546558
45 8 751267766
32 71 689442956
28 98 438152642
89 79 454651172
4 78 861858907
23 84 353883994
40 61 877232208
49 93 355301692
29 11 784783741
38 56 624738644
26 62 434418569
15 62 549661930
52 94 966342369
97 74 281805587
42 80 583770415
21 4 56862471
32 37 137855242
3 56 276405764
68 70 295516935
24 85 810795020
79 100 765170916
67 79 967035533
58 46 732658881
41 84 624298986
59 88 753010505
42 37 641916430
81 36 500824518
59 70 600654551
8 48 147965206
1 44 80291032
71 10 405195500
92 58 263513404
83 36 538264659
97 58 933084216
75 82 830019241
99 72 588844766
43 57 577868699
24 22 238664662
89 44 91935437
73 74 309792780
13 37 170029497
43 35 677028974
72 27 845007753
28 80 521272224
94 36 717989129
75 48 100895681
72 62 194832024
1 31 976019355
15 73 35037753
3 95 593477894
42 67 449938940
75 2 90133271
60 75 187846807
68 74 20848120
22 65 478878010
29 46 649469487
47 59 952361268
14 95 405232047
7 20 667810146
71 56 375747984
59 94 648383041
75 70 551831414
31 54 800862356
94 31 131332045
57 48 598852575
18 55 505638884
7 93 338093317
43 74 954101858
79 93 305492711
26 90 564038350
13 26 425217650
71 52 17417334
70 55 920055633
71 65 294172530
3 31 617501712
6 97 459684718
81 70 615725802
60 2 378068613
6 34 600739890
67 14 37015664
45 88 256295275
12 8 989938947
10 56 836339496
69 82 744990546
5 55 952643261
99 22 866755686
71 84 365817034
97 24 713667849
60 87 233992953
39 10 934859289
59 45 375963820
96 84 961913583
17 85 517959803
75 34 214223567
91 95 738789823
56 85 725248080
24 3 150571191
28 83 215942433
7 24 590537293
79 44 885438215
55 65 144935734
98 51 275416779
59 36 920984420
80 36 161196738
35 9 874241574
1 85 45048847
64 40 880311934
35 93 790457292
10 45 495997921
53 78 665669611
10 33 73798491
68 54 515026513
68 12 760059223
1 55 797830213
5 23 849222019
68 77 665715021
4 61 358317855
76 51 350289451
42 41 151104288
28 71 66952629
14 93 219528898
77 63 332377101
33 91 631358300
94 80 33545852
100 90 13723427
97 88 993386261
35 74 979653346
24 48 700354271
8 66 463840656
71 48 305719594
98 53 658390743
67 64 96497786
40 4 121776416
24 31 52471429
36 90 149072733
32 63 564761402
5 90 780943101
43 72 187892388
38 45 968352537
60 16 982223672
29 63 717091955
37 4 169587841
73 75 135254086
14 44 774778464
41 95 429441620
30 76 653662909
52 2 58095851
86 80 809099897
5 78 854181813
42 83 31691329
5 24 715741532
7 87 540201736
14 51 353627074
86 66 387921512
51 93 478040256
77 46 792413624
49 57 972488265
57 93 519602855
61 93 427147031
11 88 68635047
52 93 57889873
6 81 777283893
79 47 398069136
100 80 159192744
64 20 751557990
24 93 989373812
89 33 646004973
25 15 569307182
88 54 753239988
93 27 278704608
19 36 849329958
25 24 738956991
10 55 864499521
83 74 619005477
30 61 956505653
69 88 176179750
49 11 681569937
48 88 477762511
49 13 7920762
76 71 15789078
80 62 697959305
75 11 33981236
43 58 247299296
10 90 921479070
9 10 847680555
99 83 264006376
79 84 662495831
92 20 270336333
8 88 802411221
30 85 830760992
40 10 183018557
5 56 542763114
73 93 360565315
58 20 886090814
43 29 967008002
86 84 122220542
9 8 501911403
89 24 548552703
17 54 928003132
51 69 66303386
99 9 445514750
75 87 815959460
33 78 499321563
32 33 305329032
7 62 941010392
63 78 183720902
50 90 394361277
34 91 330420012
22 62 693046452
83 62 815956403
23 66 908816764
64 21 698745492
91 31 24263258
57 10 132855627
97 80 367342017
23 46 581998934
41 18 120638019
72 95 933555310
39 92 282721643
19 56 897306936
89 3 709566285
9 84 139220839
6 12 609535968
33 8 109627142
86 36 265993225
64 76 652187607
96 55 862967304
40 19 145196755
82 85 591462893
16 90 507953106
92 37 99633385
80 90 334043740
30 14 21207486
98 84 640520295
1 74 541926996
14 70 724500439
86 81 86740786
40 54 155961225
15 53 569797764
94 88 286944687
59 37 57121479
45 62 134198042
16 12 222610373
98 21 763061263
28 88 260877427
11 56 769675734
68 9 535252198
28 78 360365314
2 31 87788805
89 47 911280615
77 38 354285665
34 31 598110684
14 55 711007946
4 88 410407160
57 75 239239866
11 87 508872005
42 58 971915697
43 88 539029193
42 66 150903906
83 17 525992227
30 84 761153543
32 80 575087801
100 53 760520511
42 74 877901421
24 56 156282736
86 53 395670609
60 83 550227387
5 22 647082585
100 56 584345860
43 13 714808078
51 66 822304647
25 18 542817877
28 12 672641144
52 13 104964149
40 9 910362738
40 62 393492992
25 17 655943053
99 11 782870291
45 74 166536319
99 84 679220017
1 86 290623385
18 3 500352521
75 93 344342357
52 84 537970275
33 5 34325210
96 6 871128738
98 49 652220902
15 27 481119364
92 27 810517225
47 31 464101449
41 97 965589115
76 54 747767230
72 31 799054835
49 34 874015740
72 20 751989087
76 96 644383627
7 26 823908310
98 19 441951780
8 95 676129667
58 63 928165521
39 65 403761611
21 65 117616495
96 14 223625407
35 70 633320918
60 69 199610068
29 75 438382872
42 75 866184748
42 12 27191517
99 46 289487428
15 12 788660947
18 95 918240097
63 95 96226023
6 60 506007726
28 73 23678252
65 2 780373403
9 54 780663221
73 23 433160694
61 91 529013391
75 17 436153791
79 37 67299646
18 91 932450718
43 65 888633927
41 90 3178292
98 46 501090644
40 53 349908170
96 75 591841110
19 81 446962499
67 63 63379597
81 65 46673870
39 74 448899305
60 12 576494545
64 17 122246196
1 8 38779015
59 58 179184927
18 66 971390324
20 100 206035258
3 22 45906612
67 70 979468340
73 54 703337633
35 90 950810700
32 47 174359317
50 45 763032875
10 69 772250873
76 57 50799286
57 23 27690526
86 18 324454010
91 48 823249701
65 78 636074099
98 1 71424203
90 27 31911564
22 26 272237975
96 3 641099702
6 49 199997817
39 95 247478611
14 86 382726788
68 45 588487096
89 66 29983573
100 17 821504456
28 34 253972927
99 60 195755654
89 29 836114455
43 97 182174760
51 82 91198924
5 8 946241786
81 5 342453876
20 84 634792062
92 48 490534522
44 87 215587260
56 54 99808592
97 38 648200896
79 27 840888880
42 11 265497393
35 85 977863896
92 88 931618404
77 16 999154612
47 4 244049049
97 21 561596232
13 70 922211609
6 37 237384359
52 24 772672496
69 93 50687774
68 20 899322219
40 91 82784231
67 65 101768521
51 62 302973444
68 84 488964566
92 57 813732143
39 14 55123042
7 18 364408307
79 99 928463697
45 48 736629516
51 56 406637710
69 91 319888554
84 90 805240229
8 36 787944601
43 63 675218972
72 56 86839427
94 8 41664978
40 75 986021358
16 2 722726562
59 31 944615812
7 12 533330774
59 4 864723258
35 75 985087708
38 27 285953255
49 52 689703369
99 29 519612901
32 99 179393198
38 59 458715429
47 96 490674410
79 5 683804418
82 46 538844944
10 58 785134625
57 100 881582392
30 5 694849684
47 8 692635211
40 1 668405613
72 23 350313791
83 80 499599173
5 4 500221248
68 47 208994230
96 5 17326372
100 78 222766536
17 93 710626474
57 3 132033666
13 17 634063217
98 8 948671590
42 52 10701332
20 48 651030449
14 17 261817080
23 3 462224801
99 5 523185164
37 31 835635982
51 87 269640506
71 83 406631825
16 36 386579163
1 12 858842447
35 36 777069366
20 55 642603142
86 24 12131329
95 85 45989330
41 46 905291295
32 88 950142083
78 31 499807219
35 45 570355511
99 44 873455732
98 59 889932840
40 83 391340639
4 66 196249478
15 16 717350474
10 13 360961550
68 33 435160390
15 24 348397715
15 18 506007618
97 82 311972104
8 90 832853388
22 31 49224939
97 91 338309546
81 80 400081336
30 26 964964540
98 66 129380795
6 92 839029911
58 88 187307626
30 20 879416114
94 62 454383317
35 98 88875701
37 27 746117297
56 78 285674642
81 74 957824352
18 48 578684068
43 15 490401899
77 65 747989030
79 85 421593608
90 62 62372682
34 61 11521403
50 7 226783386
6 27 4017383
20 78 368536500
77 11 794558968
35 84 890593185
45 93 42627222
57 83 874089071
19 58 328386179
98 91 349296890
28 54 827338540
12 88 166769974
82 48 567657655
68 53 317614541
30 40 36782842
42 71 161428477
38 63 107494879
32 29 94463745
57 70 227464170
10 80 33890924
1 61 360533304
4 54 861800095
7 86 997441926
9 98 914385105
61 84 840712257
60 31 626054317
60 33 744161651
14 3 305626616
40 98 302413317
36 74 628446820
89 58 561113130
72 21 419086378
63 93 425996528
33 74 361634268
76 1 136117278
65 31 466296437
58 54 734399178
72 80 962434755
36 31 69833716
60 61 572093622
50 60 430275171
69 48 971825084
32 43 970787552
38 94 451633226
77 71 171505925
16 74 568497824
41 54 56067108
9 81 44126707
15 34 772824341
58 17 396157673
6 46 834306416
42 78 979210550
28 62 202931893
57 4 189540076
20 22 86834727
77 39 756726307
20 27 60198712
64 36 474920363
7 94 894275778
83 95 353483880
96 43 951580905
13 93 776812859
12 36 151493801
60 52 141929119
41 88 448975570
19 27 380333628
13 27 419530230
65 93 157864878
77 92 744837071
64 28 785505427
96 46 591655745
76 26 527047262
60 22 751879417
42 93 707342793
16 62 4344807
41 82 151470455
59 100 597542040
38 60 365904346
56 8 328092535
59 86 157997100
70 82 454151154
89 69 241439152
76 45 382993630
92 23 416695604
79 97 792661466
87 90 113793415
24 34 51032690
58 84 883868007
43 39 280131342
41 14 329124231
93 31 570717324
100 84 285559747
17 31 555146918
23 85 328085922
47 86 913130566
89 37 690226002
30 28 342263079
32 27 35007519
44 94 477863195
79 22 155351532
52 95 2007789
2 62 906077375
70 36 376861426
13 90 176400089
89 76 797809556
24 27 957841925
77 1 955790970
98 65 356401812
11 78 82200988
14 23 184927660
99 4 669243350
47 11 156420567
59 21 395430820
71 58 729480029
49 65 395516154
72 48 438646920
32 51 162072050
76 88 985727079
68 39 457756628
2 78 113924226
72 50 128118464
82 87 959798822
9 69 319095558
41 11 673151298
34 66 621666551
62 66 131944198
69 36 274799515
67 47 868034752
43 24 123045655
79 91 938104729
96 61 838330780
67 82 796298476
73 87 295357321
6 94 741096407
94 61 422244044
73 44 639502014
14 84 271793739
19 66 578626179
30 86 29018121
89 9 16199408
25 63 897636998
77 4 890984506
21 74 670147185
41 27 222471626
35 24 480823516
44 4 448779174
64 95 151856519
45 46 268582678
12 2 978813979
6 52 639111702
5 95 509852634
25 83 582209183
14 21 308848001
47 53 624782550
61 17 463589193
34 53 218505679
86 17 119792115
77 10 167264642
25 40 432415544
47 95 159656318
35 95 933857227
71 2 846091157
100 88 453142240
23 36 89816440
72 74 857061458
83 4 505942858
30 2 563293578
38 33 393163224
50 34 559680174
1 58 161608238
28 2 5040798
70 22 760072240
81 20 558095910
21 31 319931401
64 44 252271402
43 14 779492834
64 26 482676537
37 46 907568673
40 7 406898802
78 90 733840092
71 63 121434197
80 91 551431480
92 52 467129422
73 33 651886877
35 49 983663092
24 70 4453770
2 46 887635657
35 65 950760229
30 92 873595717
75 62 232211324
67 16 788991827
60 93 448035682
43 16 303192804
51 74 287794977
97 49 938641508
65 88 161967910
25 23 109099225
86 78 397184567
72 37 424427373
42 17 64453862
9 13 690156080
33 93 237223854
81 48 248385893
67 85 434162819
32 21 834326498
4 74 529592791
92 70 95906617
33 87 100479404
59 13 484947909
30 32 156599512
15 31 630393107
10 100 64847722
14 74 862238837
61 56 796460437
79 58 596167447
18 61 349962186
81 53 183371859
49 100 50768838
57 63 454597073
44 2 201759346
76 12 309062134
7 54 205307969
49 7 964231210
91 88 423920061
99 70 461268264
24 17 854431428
11 66 754662826
42 96 2088835
67 19 378532668
42 68 385357512
68 22 104346846
16 17 732261719
72 63 976204916
14 82 227208229
11 17 564666648
96 87 364123844
71 80 142439502
74 27 342721213
44 5 599617179
56 31 679310392
39 57 64323543
40 3 142594860
67 20 848084123
43 7 437910833
89 28 166420961
38 3 76167291
55 31 997065074
17 74 557972262
6 63 946796385
48 93 474229161
93 54 507791837
98 27 437725693
70 61 259697949
60 65 54336443
89 62 310037943
100 69 50019786
51 23 960062152
92 44 651432359
23 34 327353729
63 62 627865070
38 84 979430364
11 27 17342812
60 78 316082857
18 4 256756752
35 88 527735960
29 74 342072113
96 59 911759875
70 80 700070337
89 56 326098332
99 58 969731646
30 23 395010034
32 78 407235833
38 48 965740560
1 17 59854393
99 63 734333579
23 74 351037660
61 65 810036819
55 62 195715640
67 33 295524307
98 73 198052480
6 65 700779207
86 26 279039319
47 48 961037239
93 90 268182729
55 2 449454708
39 62 310423833
42 40 881416532
39 49 533672507
39 18 641644151
72 12 832746140
3 62 74189651
30 18 139597099
1 75 774284227
25 92 385521309
98 17 53275381
35 38 94472384
89 39 406339802
22 66 296032064
42 2 855131058
16 83 69661197
98 12 432168890
21 51 573115045
29 98 349543345
41 62 349127387
87 91 511882913
98 78 759159684
51 2 30563740
82 8 437575802
71 33 745451941
73 78 997482706
57 84 718244292
39 7 788792941
10 48 408600143
32 60 718930394
52 88 490767675
28 10 446294951
43 5 948880675
67 50 283389723
67 72 433659573
97 3 550710678
50 5 758864138
73 57 465016383
99 54 676934474
72 8 92437493
84 46 517627554
41 87 620163846
40 23 114766711
30 60 320210837
25 14 101293201
79 14 991627870
1 56 233274587
76 99 874912314
47 45 969201065
44 84 510659733
58 95 189365122
11 3 2800003
68 76 509097690
51 31 876894377
72 26 372179097
68 75 477418590
42 97 527646105
26 84 779232186
45 65 407671835
75 61 732009906
18 23 112068875
86 100 918313502
57 90 567251722
37 78 418254047
72 90 79425008
34 17 550942773
55 66 325083489
32 34 812567626
35 33 148634955
25 59 90381946
29 83 478883303
23 2 653961524
80 55 804782423
81 4 70616010
92 8 648325695
67 3 112106489
21 48 646155259
13 22 229416504
53 62 485329903
42 44 184755114
15 86 614808971
47 87 347074854
71 4 851564111
92 90 90132939
38 55 831006837
34 74 311993049
7 37 624169373
60 70 301911175
71 92 678012899
29 7 845907599
41 81 278457637
86 63 607981634
15 63 776329641
43 2 638704693
29 73 697256295
34 54 939136203
48 85 105948249
96 94 391504161
76 93 95183008
6 10 445242740
17 26 635392886
98 34 355800763
10 8 710118989
17 87 852879167
15 51 454536742
85 27 930246451
52 65 927582106
89 6 666742464
76 50 545378566
64 45 519171551
15 2 973469776
59 87 964457436
39 51 170313960
80 74 467384560
51 53 549785846
71 24 526076362
44 56 638035938
22 93 901598942
44 51 228589008
70 84 492585752
41 75 736942417
97 62 902266173
71 57 647592825
13 3 776966655
67 62 31782170
43 44 159387999
56 63 369059090
73 48 782415862
13 55 590598006
72 59 706950632
96 70 990327816
3 36 334960630
5 65 257359056
97 29 604485181
29 36 313760780
35 72 13437160
6 71 524504428
14 34 848140591
72 82 723658565
25 48 35516290
80 69 668038966
72 36 56709097
99 94 192071666
97 54 444761686
13 4 615073736
20 13 358049217
28 41 883772176
96 69 782171292
63 88 7722869
19 13 290406131
24 88 191825722
81 34 297148303
15 58 863918489
40 85 352406965
67 7 400831598
24 37 56539687
80 85 236145796
32 39 490496051
30 63 481337225
73 84 56044029
84 27 225151459
99 17 327070476
26 88 101100970
18 11 92277097
99 81 278190210
19 100 640231305
68 86 902273661
67 9 58839844
9 61 948095362
59 5 14393614
28 56 610341905
71 21 10317712
48 27 351995018
77 88 15977590
38 66 912905292
86 12 195622722
65 8 840424783
51 34 816159813
11 13 532033409
36 66 454807508
38 73 849636710
29 94 262511476
67 69 189168403
52 85 683644288
7 82 192217340
83 90 438578536
96 86 906442680
30 7 478857468
51 88 609867015
47 41 508924368
28 91 858072646
51 13 358724434
21 22 876309065
41 35 102597525
41 34 101714035
23 82 467218259
45 78 533208717
41 48 308435685
21 33 224512656
39 12 731161776
89 74 285124909
67 81 407032818
99 61 507452728
51 61 847553390
97 8 413413409
6 20 240352519
70 66 582768612
68 81 487637970
9 20 82698374
69 27 356525197
14 36 876646774
67 53 704296690
19 80 125041111
43 38 318834683
49 66 66615704
32 11 437489085
51 22 933324267
79 16 748581970
29 45 183725341
25 49 165419911
41 73 479704809
37 69 884751307
9 66 840906256
15 65 979222104
98 86 728391407
5 74 812878300
18 34 967290431
60 11 908012919
16 88 669895409
47 2 345301689
71 62 187293407
28 3 751584756
9 17 202499645
2 84 359290164
86 58 45340417
9 53 350211966
10 26 809471310
23 54 447682577
92 26 950220282
79 7 817637719
16 23 210367101
9 44 247041206
99 49 851464866
83 87 863673844
95 74 750669273
28 22 773391423
39 78 904170577
80 34 695625592
15 69 570929610
19 74 136779040
32 48 601366675
6 56 958574970
79 40 405611773
67 95 170814525
64 98 798749894
23 65 735675652
37 61 352847822
23 94 524308688
13 2 544803192
32 41 134365075
80 65 986301592
76 94 441547856
75 5 876081008
77 84 705574204
4 22 469094792
60 86 607795713
56 2 418868159
40 72 630481293
89 93 894954592
98 54 601790984
50 49 614824461
50 31 372852160
30 75 749070376
6 15 362770550
70 27 170275178
59 51 765127324
2 90 609536277
9 2 981353333
30 69 810321385
5 63 681418738
68 46 712889773
53 74 21795422
49 48 392788493
79 57 558862901
44 100 908053404
9 22 648256597
16 69 476738810
50 73 883835999
32 26 407954865
68 100 338191640
12 78 213192964
37 55 736094326
73 69 284222791
99 51 380035972
92 46 424859609
6 87 937849922
49 17 226338596
9 38 620884876
63 90 686466618
72 5 928242271
96 81 454018179
33 80 565885121
71 75 110081056
50 71 365985824
14 27 754356762
47 17 371239323
89 64 355440273
68 13 974295915
1 48 202838628
2 27 87436986
55 82 783359697
14 90 277216948
9 100 105684846
58 3 505142837
75 26 240020540
29 54 804405817
97 45 343932328
86 93 639441348
71 19 979967588
32 5 567215927
73 65 356364027
99 31 432828178
25 2 200871264
64 7 205342179
76 83 198318872
43 59 241508636
70 90 102495643
47 27 631479722
29 84 902174317
32 19 484104598
1 37 826968557
23 91 353656630
23 13 436096328
33 61 739849709
14 88 681885808
28 58 227688902
25 76 883509048
40 2 925843957
13 78 164494525
58 12 221060632
67 71 960577086
20 37 990408567
38 65 643395945
54 90 5351208
89 85 863350360
73 19 245945267
33 69 171766869
67 58 2941073
30 88 166091410
58 4 927791021
29 69 809507130
52 91 599357600
72 91 703004268
50 92 103590050
64 74 901100314
92 19 942167501
96 44 643744604
6 80 332224139
41 3 940554290
16 11 643279358
89 19 200231432
4 84 526127912
72 66 327245308
33 22 51024307
98 88 703030011
7 56 703901091
7 73 437690458
89 87 659680736
4 63 913627691
25 45 675266292
24 82 631959038
19 3 610182656
29 66 79335302
64 5 114316973
89 11 357619958
24 63 640301436
21 88 649174557
1 52 397008719
59 69 969111044
16 84 849161977
77 90 639856761
38 5 434851915
41 4 58931086
50 100 598117907
18 63 55786976
86 82 614561762
29 55 155020796
72 70 21731444
34 8 323683355
97 84 372091879
76 11 375794542
67 31 150694264
64 51 685370390
82 56 821049871
39 61 783889686
42 27 810566504
76 40 356600298
15 26 469201570
10 24 15512507
15 56 431146862
41 26 99296043
67 80 577554797
19 37 455436950
40 50 274556844
23 88 414285853
69 62 610555403
88 93 676298674
97 69 410405327
22 63 617462445
21 58 446023336
91 46 595393973
39 2 414148035
25 93 171224903
21 70 599237450
51 83 201123761
60 13 148866820
61 88 327230057
71 22 85055430
29 87 954989955
82 93 973617477
3 17 208304357
33 58 832857212
82 91 279161566
51 85 582064435
65 90 700727965
79 98 651873484
45 54 744759021
50 82 291431006
38 83 29998617
30 39 698865473
73 12 134478291
15 20 719511411
76 98 53322685
30 80 888511771
43 9 343687927
25 56 666098772
4 93 657327005
71 91 429901344
47 6 450158353
34 90 23032919
48 74 445651764
96 29 351012142
45 51 831114191
29 65 255645464
9 83 925270523
11 8 884688871
81 31 663587556
78 88 36097078
41 39 788216616
43 62 380831340
56 36 720633391
12 26 974323249
15 60 343640773
86 22 632114189
30 35 228519929
29 53 238431654
79 86 455102706
19 5 193145425
17 88 21736130
1 16 984128710
67 66 976522150
28 100 847990477
60 17 115793994
23 4 119096653
96 53 866976225
9 92 102215463
3 90 928297885
10 22 609942894
100 63 982661483
64 58 55757787
55 27 489149334
87 85 41785670
25 51 617970514
3 46 444903186
40 14 1359898
59 12 254532049
15 59 62787142
33 37 995147856
81 58 907115486
29 17 17374337
69 66 207492819
21 87 116905987
94 48 97286329
40 37 963952951
76 77 443726580
99 98 258254398
55 36 152087307
49 31 504837569
25 6 585841654
85 66 138628953
35 100 429896126
77 97 434550373
42 85 478138126
34 93 754752470
35 59 352825040
99 88 153968275
55 56 288375566
83 26 785389858
47 50 127136983
57 91 321512243
41 2 514206091
19 10 367486245
64 79 173474984
1 100 179231729
25 3 679934538
30 45 482481888
19 51 641817364
9 95 237813838
6 90 804823932
77 60 762235395
17 95 368654818
68 52 35166386
83 20 524380272
76 14 456459845
98 44 603877420
13 61 259802003
95 31 224494526
19 70 848217549
40 51 863184270
89 75 215447198
89 46 847186064
21 46 15266800
37 3 262471763
23 31 172536239
11 46 567032719
64 73 257458204
35 21 96776272
10 18 354129850
7 33 398809793
53 48 505848204
40 65 349985266
63 27 442562838
47 52 324989039
71 5 129969867
59 95 657023896
20 85 907695519
26 36 667013698
25 91 770886823
7 19 769662419
53 26 968579975
75 69 758152459
60 80 904950059
33 85 217394381
58 65 745943910
80 46 486159233
30 68 302452008
25 34 326990033
29 24 472110331
21 93 715083727
58 36 252606732
94 90 142822235
1 91 587245876
1 26 27048390
68 26 593879447
89 5 315094762
30 16 368986659
33 52 398431142
40 73 692693137
23 70 702473010
89 22 330191190
79 53 238501750
95 62 28588460
35 8 370033346
10 62 993555315
9 37 687234244
13 69 496300791
30 1 791252457
12 83 561769539
76 90 918397145
10 5 277492015
14 22 524938414
56 26 407003325
86 52 769932328
57 13 256439679
86 16 68869704
99 3 985849137
76 78 256223824
86 51 992113826
72 46 673135415
21 36 522556734
57 36 682050584
19 82 680616996
22 36 694178800
92 69 922198158
34 3 72343454
44 31 134431589
71 85 577223698
79 6 822911876
42 50 937714860
75 66 107137592
42 25 568687222
18 58 543135600
21 78 646832266
15 17 190671599
89 70 681576383
76 82 837414479
49 16 666135422
98 87 189973628
75 31 25789535
25 28 739479354
47 80 845346166
15 10 871766853
96 37 217957342
32 20 175030117
5 91 338248484
52 62 505717389
80 87 658855087
32 25 845925195
9 18 454730114
73 80 915331749
41 16 576657487
18 37 240842235
34 36 952638811
92 62 806809565
26 95 101794673
47 57 601276448
19 62 536303379
15 37 769883563
44 54 199300131
43 60 512818950
67 18 436180254
79 10 614580004
25 66 744989070
89 77 912912543
30 64 321405956
6 57 796007180
6 1 796238776
59 53 79401710
7 34 559400181
72 7 354061973
80 56 580370393
39 22 147831372
96 39 653323741
77 48 481406630
84 74 944494979
40 92 462503373
20 2 713703314
42 62 198971244
35 56 612592657
50 14 436690417
81 51 270364019
67 36 25909079
68 37 698695053
5 84 515259863
6 72 568453771
41 83 92260
37 95 411296305
68 95 854028470
79 73 324586923
83 100 986356210
35 91 375003878
82 26 296558212
25 90 28278986
36 95 582415177
58 87 42773019
5 37 82777914
98 50 200946228
47 18 538734614
76 6 833546940
51 3 915215672
59 8 656994778
34 87 733107483
50 36 639983690
99 62 133078963
65 87 609597888
86 85 12298801
44 69 366164839
57 81 279035242
52 55 960498101
47 19 154677878
40 81 243418855
29 86 402143022
49 92 973621506
73 10 811379775
45 23 348925526
42 9 68957392
75 100 687061487
42 59 161760189
44 18 817826742
6 69 713601633
14 61 243111123
42 46 622129754
75 23 173269535
57 2 453413614
81 54 208934698
24 84 541538294
67 10 514941502
23 24 186058111
50 74 829756073
83 52 463187246
29 88 431649280
24 100 966435505
44 23 897162576
50 11 460140997
35 69 948251005
81 37 625612452
1 83 808722267
32 7 735309943
77 14 984215095
42 36 714304606
35 12 640474001
43 85 176422839
49 18 949045444
1 90 148137836
79 71 122033614
10 94 187239122
44 3 43011949
80 48 647790752
77 27 135378104
89 15 379038795
82 65 716151672
40 57 556527576
20 70 912386946
39 85 801127441
30 97 15393801
51 26 109360071
58 93 976072584
14 73 585082398
21 3 216926785
38 51 102876245
100 22 422101459
54 27 217665834
19 18 729574747
7 45 651402535
41 59 843003692
28 48 546302318
96 33 533468227
77 12 878365303
43 95 924965718
55 22 435733909
79 20 317287283
67 37 564461990
6 24 291839845
21 2 806109786
58 27 953685211
32 86 166984507
28 81 838053621
21 94 185343528
41 1 505251454
32 93 615024575
87 93 804219492
12 53 684646946
40 52 382129470
4 36 459751589
60 88 48868321
15 13 435614204
25 33 544095805
63 46 85255876
42 72 331703187
69 22 387575595
10 36 715034548
86 57 973273467
67 97 75269700
64 94 373969048
64 8 401888458
100 8 709114726
28 44 445144993
17 62 299969005
80 8 935851405
92 55 120124938
22 8 42015297
43 66 55520466
47 22 251654379
51 91 164317892
96 11 410532714
71 55 981811314
18 62 180131526
64 78 568179736
44 80 558665153
25 94 280477243
37 53 284506152
9 73 453596842
97 48 879659777
43 75 937150912
40 31 790320415
59 3 364699250
76 47 912008801
32 59 655191025
7 23 370536030
68 44 850298197
75 88 541427594
30 100 425924324
68 88 594102728
13 74 380312577
39 20 604469327
29 56 739716234
50 48 911376206
12 63 671818291
11 37 556077263
50 95 442864167
53 36 169544501
15 95 893736469
59 33 999028071
80 95 860593631
2 93 220899426
89 30 668182202
30 8 874018459
38 71 684935456
64 75 823621788
76 9 634868287
92 84 179821920
92 22 584952692
71 95 736481408
6 73 90711781
69 84 129036705
25 78 669579866
68 60 188104534
7 55 600644749
64 37 316672407
63 85 336575880
100 36 653415985
69 90 788330088
1 33 972499566
32 87 360073249
32 76 987878103
20 87 834707231
23 90 270763120
61 48 692910097
19 87 653604963
49 70 836236889
18 12 234334508
14 59 116354309
82 2 217585946
81 90 853647852
97 26 667259203
79 48 859658320
21 27 920023167
55 69 101339641
42 70 62995921
68 38 321139094
3 85 613830900
2 48 698424439
79 26 559888894
15 21 836243070
98 5 461102889
95 84 561213728
10 34 910570901
9 45 891544500
72 53 219489187
77 86 22946364
89 50 511884474
15 11 757741750
53 93 194638139
4 31 396700797
28 38 477713864
65 85 952486242
92 94 913167363
7 65 504662881
49 90 890635235
49 82 507202179
12 85 471481530
98 75 227573615
64 50 137948167
52 63 552808398
15 66 155444662
71 61 196107508
42 84 680084033
6 98 712684167
39 59 213244842
32 44 723138442
25 35 118192886
79 96 726834749
38 4 871948150
25 47 983137897
42 35 196179094
32 55 408513402
29 1 722010253
2 85 478801445
98 100 679315003
10 53 213562899
57 95 20843228
76 27 211679091
100 74 649459611
55 93 63531835
25 21 259574733
38 74 782773200
19 48 732090124
72 24 746610849
8 84 450545682
86 44 506629830
25 38 546478189
5 88 651411050
75 90 834814843
68 90 712462733
6 75 927663860
58 62 920817413
72 22 859005809
42 88 702037611
43 73 314173542
84 31 27834161
29 9 405899461
32 61 229403203
32 4 893479005
76 80 673557987
35 19 480947919
67 45 80285746
22 90 668211245
68 92 221987678
11 94 955813631
6 13 762447471
37 48 820523231
61 26 635278552
50 44 600815955
43 69 116544800
78 48 283373684
32 54 339994639
59 82 550384511
91 27 96398422
7 3 478495780
30 37 897477381
38 57 858596142
38 75 796734559
6 17 648867250
60 74 850383569
99 59 363633490
21 90 277015769
1 66 446669111
49 4 680171567
11 2 586512637
55 78 307893100
80 53 635097851
39 81 67058475
86 75 36324946
51 20 851058300
86 56 64638541
71 45 93266860
76 34 581623738
32 57 1958841
83 88 350613269
96 10 444477095
11 5 693613000
30 71 304625576
98 52 559007575
76 46 599036556
83 69 123092794
72 13 838012138
33 20 224950188
38 12 694590770
76 72 729694194
17 91 27961439
28 95 274857875
18 65 96175306
30 62 744003021
22 27 552008151
15 1 61232554
63 54 875640205
29 38 206261700
64 68 375751343
35 83 842461450
6 33 975153216
38 7 495374704
35 22 704672336
12 17 49422950
35 55 924747292
10 51 155521057
64 92 120921996
99 87 833449057
28 46 835848090
14 48 960849336
7 57 309063524
55 61 173629283
28 26 981955217
98 63 822917965
89 81 865893748
94 66 174249574
32 28 816770384
21 53 318499633
30 54 179249448
37 65 620337013
34 95 692251725
25 74 899651131
49 3 217375073
42 47 234165003
82 17 669666055
82 63 226270280
7 16 688162209
42 95 420923098
44 53 62799099
47 29 119786890
72 92 210988391
90 66 878852190
67 55 276610730
83 84 658775854
11 84 723981407
73 82 369029836
41 51 606636425
77 91 564279906
72 61 252501367
30 31 766428969
38 95 439023172
25 52 213074545
35 31 845347091
18 81 664120356
99 38 978704021
76 21 440244771
37 84 673343275
29 27 894422329
43 82 954688648
29 82 606614895
64 2 935618255
45 53 94049839
89 40 263005117
25 96 417626271
30 56 219023845
42 53 368757483
11 63 821005291
60 46 908736467
42 56 404446316
41 93 889454895
64 24 661048931
99 95 201003485
55 4 471758842
35 7 988049044
71 36 280726718
83 54 890816893
70 95 948239389
76 7 892800196
29 70 816943665
14 71 773690498
26 54 343664097
74 90 665666163
18 78 946489105
97 19 148902180
14 18 19258310
71 88 172078107
97 66 812215250
42 98 256973424
5 70 202101892
50 75 539944589
35 87 67404906
92 61 310495282
77 94 96029592
76 48 284253814
4 62 83927332
18 2 660821429
29 71 611925993
25 46 453224965
72 93 119924836
48 84 597999105
75 58 694773348
98 13 798358212
45 95 444849786
99 24 782427854
42 22 656302227
44 19 723735312
45 94 589727751
32 65 712165388
39 82 501561554
42 7 711464681
49 21 607598530
3 8 14853834
64 87 804994194
40 21 544461232
9 88 672560797
65 84 565099606
6 59 8643365
92 12 459500309
41 37 648131880
43 10 892536084
39 58 934105365
21 54 48227603
75 37 923443383
64 43 88471063
9 36 68279415
86 45 407327287
82 74 478346558
22 48 152515181
79 50 83270560
92 53 151220444
72 1 720529245
25 71 950801367
27 46 550133184
75 84 879574796
99 82 429387304
33 88 23083471
4 34 384924709
10 17 412350851
77 41 614183161
21 23 182598309
89 38 877148033
97 13 246820986
68 85 279925217
57 8 427047729
77 22 312506534
96 57 176309229
5 26 150489947
22 78 232656748
100 46 624686723
15 14 639567523
98 18 89791146
41 63 678957257
42 55 686684004
6 9 206062514
42 69 147575565
45 63 624349030
87 8 898512645
50 23 295716004
13 8 941928115
71 31 182763171
73 85 800322393
15 100 732843751
43 18 378499508
81 61 711179894
14 33 553949919
53 82 395038970
9 23 785720401
99 65 276546799
50 12 453455810
70 17 61829882
24 54 123500440
97 83 294055074
1 88 110848147
19 16 445418715
39 36 285750616
25 67 731806674
76 36 123823838
76 17 36602962
72 52 306130809
38 24 363924968
40 56 484292077
28 86 451614222
28 6 454280519
98 85 219249014
49 69 919887220
58 70 884151104
39 88 313875833
61 74 57962520
14 69 334563335
30 81 47927491
82 90 914259072
30 79 425914168
47 93 534691827
37 22 108443609
99 57 259683042
47 63 730415768
96 85 405899584
60 24 31214022
77 18 503285565
6 83 806967391
71 27 411888562
55 85 232691278
3 54 718037242
34 27 940201791
29 33 313675
55 34 272794219
80 84 573664390
79 31 445649291
75 27 298844960
57 19 313412293
51 95 127074399
89 99 279764923
69 8 746035886
64 48 939374065
68 15 915934061
16 66 804580400
97 17 604193372
47 26 724439397
42 23 396347978
10 61 563014218
13 46 954180787
75 20 571726152
75 4 270225659
60 21 407963736
24 61 564019540
60 45 547342806
28 36 132179283
69 95 190516989
11 54 483755130
26 31 283720436
33 83 451828691
51 70 122384809
86 69 633651592
43 23 232125758
73 34 640810005
86 33 780916408
66 46 927132303
64 83 885707225
89 65 953183047
44 16 995854989
67 93 526312507
26 91 388637645
7 2 474599276
81 100 108728736
25 10 376437656
65 27 269297742
42 49 960869612
83 55 809840267
41 65 971960619
57 24 592661799
39 17 145098671
91 66 179683384
9 27 548035611
97 60 364987088
30 51 836929821
77 70 965949630
30 27 245382936
70 88 393237639
60 48 867172803
13 54 269089756
9 60 746189363
42 51 674743058
17 2 616425251
89 100 942782140
29 58 579530386
81 46 237387621
25 4 407065162
24 62 347135880
33 4 457856937
33 27 208325758
4 17 331378579
92 1 779346059
49 63 366850553
79 35 780044297
64 13 297054614
55 74 866706995
47 14 233231977
67 5 701611482
71 93 853035476
77 3 26602075
15 80 646904275
32 97 296793831
20 53 62244154
49 62 867593459
57 80 613044516
42 19 234903529
21 83 997220754
83 34 794606454
58 66 515960475
32 81 383167273
42 33 549646992
59 62 309578248
55 3 886405048
32 85 894102248
6 7 295476632
8 74 137318797
73 55 394243119
87 46 992224417
77 96 935195899
20 26 649571455
77 23 614420942
77 56 780127244
68 71 719004791
52 87 18240543
100 82 142100360
30 94 285513180
88 27 806605290
75 3 266611767
99 1 220207105
36 78 764790609
32 56 314157520
86 73 945993880
30 57 5253530
97 14 562530201
92 17 593777879
79 1 975077341
10 87 497423927
14 16 299420989
1 53 335961192
29 13 498658644
49 37 869812816
41 52 871948915
96 98 591978649
25 20 649816484
44 81 107528758
97 57 584486999
32 16 638116183
89 51 858230881
73 95 884499548
70 53 793550448
10 65 897689141
60 81 476758106
43 37 792088387
25 11 24796822
9 16 294580158
99 39 575877636
73 100 66545029
72 84 641632994
18 33 745021287
9 14 636932648
10 63 690159224
6 45 533204644
2 95 735130305
6 93 472754008
81 82 387502295
55 53 77594657
8 93 827674419
71 44 397023528
23 17 388217672
81 52 180144322
15 78 873801228
3 88 278427583
45 55 639906808
33 84 75469611
32 91 455750355
98 81 566763689
89 95 126174334
2 54 742233928
75 13 593209632
41 13 924643578
32 83 200858629
29 50 264047311
59 63 419771894
80 61 226478531
39 27 519526715
69 65 776920874
65 36 432127360
38 16 795262648
59 84 940309040
96 56 368650320
77 75 330307519
55 87 283088176
29 39 921473618
89 1 795058034
37 56 320473273
77 37 539544645
37 62 81988125
64 18 379325129
73 61 313024964
47 74 20788472
79 60 220712432
38 85 356670853
60 34 954471673
32 46 851712712
67 61 221465907
25 1 59335442
20 74 639626680
65 54 224915509
96 82 466523760
36 63 395030723
51 46 912351797
67 87 116608520
77 35 860994018
71 73 670358240
38 52 400828085
21 100 53080605
41 85 415272596
58 82 256521521
83 2 894850173
28 74 49000934
51 48 206359387
99 71 78153224
53 8 746716649
30 11 290956240
11 51 7865832
45 61 725203160
99 15 515980473
68 99 142958853
76 70 821279422
49 80 983561326
60 58 347378625
25 99 12084842
52 37 915623425
79 61 414467977
92 3 787405816
25 57 423812342
96 24 668611190
24 65 930371341
11 31 189057185
9 12 405559777
92 86 849128616
99 92 196873662
87 27 836436292
79 18 776702314
91 62 354519466
41 58 765390976
11 61 847704507
44 82 651502300
7 70 275707631
98 2 963613043
14 54 792610966
72 10 82001306
50 70 65495150
98 45 632970662
64 91 513381072
76 60 969930483
34 82 88909593
49 23 545335791
100 4 627387771
76 23 194856503
86 27 313872460
40 87 268118846
58 26 276117833
97 93 394908401
87 31 980167698
41 49 248688985
79 45 301497164
67 11 205069505
84 66 918226590
25 37 775610123
89 2 296193146
42 14 940672054
12 27 530861249
97 100 464762450
10 2 30693655
99 52 252060007
92 18 8696460
57 22 179435755
41 38 280585594
43 70 35991846
42 77 598867448
15 49 896610687
1 65 867793645
36 85 926123431
64 27 260678616
22 85 700601999
67 46 377074228
94 91 464434809
79 24 319065145
83 93 381171285
44 61 333365260
68 96 113211926
44 85 521039098
33 54 125104836
98 10 153065511
9 93 483421399
73 36 190942778
98 62 295596453
45 20 100914824
81 13 592588218
89 88 752650258
68 91 610926203
51 80 405439977
26 63 578416097
79 8 473590118
4 26 542033629
51 54 259281459
73 45 15284945
47 73 130920240
28 70 120844674
99 13 282987066
100 61 477785323
64 31 794759136
41 12 290740920
68 41 315054562
8 91 14856308
50 56 801042428
28 29 46699260
97 16 759171379
51 37 933364979
29 61 801507063
69 74 172993112
71 26 128746033
99 34 970946038
21 73 242945036
79 36 16544058
76 10 675360495
39 73 62854388
6 5 96170385
63 84 434507434
50 81 404222536
28 57 516356663
28 4 300000212
52 46 488247371
72 69 450193382
97 92 517342426
69 61 810979556
40 58 360790228
38 61 195872680
71 54 568445183
61 87 601274968
22 95 442853279
98 14 770223239
47 81 843227675
34 56 2136980
50 17 713436720
18 51 183035806
40 11 561758202
77 44 546571692
29 49 602869742
37 90 61623451
54 46 411601610
71 53 783839915
35 15 348439372
14 8 441797542
42 28 553764065
50 10 978093005
15 38 806408107
61 46 518624196
22 84 56042812
98 23 251708032
6 39 171433253
40 34 710333927
67 88 114994381
31 27 269987971
11 24 78902019
37 54 70420787
19 24 350240793
47 99 378833162
30 15 716203235
8 27 418372277
99 14 290953203
99 45 460951363
39 38 511016702
29 21 29616742
98 71 185096647
79 94 288550510
47 5 104297453
12 52 586293464
75 8 765931894
79 90 683240198
79 95 331535498
96 20 545194219
97 46 509147758
65 56 917564149
97 50 700272967
98 24 682461711
29 90 915717049
11 82 267111408
38 21 781823423
11 95 927064978
12 65 998258402
60 59 693437382
38 8 397090356
73 18 381074319
14 26 988757075
83 91 871296975
25 70 895869486
39 24 613228305
14 100 816831800
32 36 181617817
96 18 571951900
1 2 668487229
15 7 629057497
32 62 211466724
76 87 350615621
75 45 687777158
7 48 802257230
89 42 527719242
28 9 505565793
20 3 488820812
70 2 620655270
28 19 727681827
76 35 330455046
42 100 250521754
9 59 257783284
43 54 505137212
33 36 385545965
5 2 851754628
29 81 694040334
64 69 837578255
83 61 780138485
15 87 658177032
14 1 256771980
21 16 775608415
5 52 748194918
68 16 112583414
68 49 9490688
40 15 301545633
24 69 576010946
59 80 991377973
72 86 538154159
97 87 587830245
70 65 758448847
78 66 163378689
50 54 756822634
76 59 216977314
16 22 63790176
33 51 558790828
12 51 321963929
98 60 930262735
9 51 697295711
21 24 526120083
86 20 622408387
28 51 311769910
13 34 353470012
67 92 269671777
64 10 999846362
1 19 139169373
57 27 907303728
83 66 684258568
67 76 726151553
42 60 539750113
22 56 521788304
97 94 279052463
56 27 546848816
32 40 173000884
76 58 157528194
33 48 847732821
42 57 613929739
26 85 994641822
11 55 748858322
16 63 518563193
19 17 461623112
39 93 974118962
45 36 704990880
21 85 812075373
12 46 367033625
25 95 885239175
96 54 273420975
98 56 319253813
74 66 320443006
59 65 647919185
39 31 935018228
80 27 989300778
71 70 183963904
22 61 616228113
30 73 110095
10 82 989721835
47 66 731103624
24 8 279537706
76 95 679617676
16 94 49030410
15 52 180529331
21 44 116468387
73 88 657386261
35 46 168538720
33 34 838134241
47 51 428509091
4 95 480894183
49 20 402372996
25 12 270109822
71 12 501216565
50 24 132275876
59 20 100463583
43 21 969598326
78 84 936535361
92 51 205653814
85 46 204275135
84 85 849005336
97 37 924274046
94 53 957002498
16 82 115531990
6 8 496496347
76 53 392912402
72 98 296021719
22 46 870450130
14 11 258117904
52 3 205728587
64 49 642949061
43 34 440300419
43 51 27657932
10 91 864310376
25 54 549023498
7 13 743715382
40 18 339966159
89 63 660339210
5 82 93429182
96 100 612695525
30 66 180086098
3 78 800244343
72 54 438203217
43 80 822128914
44 33 10521722
42 18 863378875
14 2 951632512
96 38 437256219
47 24 105308946
7 17 422129218
70 87 853799435
97 33 493737433
39 52 14943692
80 66 950628377
78 46 16645099
16 70 639192237
79 2 511780722
60 7 16909036
98 55 405450406
60 49 962854444
39 55 421376029
87 36 618503401
18 13 565420841
92 45 733075527
89 35 867701997
80 63 143526386
57 51 89933148
70 63 186412794
12 56 643671819
25 100 4017962
44 52 754493621
25 86 747405555
94 55 398265908
96 1 116743694
7 80 904735875
60 66 615453770
80 26 712439817
32 2 643430304
37 63 453677419
67 28 157251259
18 88 12596768
40 49 152086263
6 50 475491019
15 92 6500230
41 94 524683853
1 94 645574763
29 23 993869618
24 46 306507203
53 2 79756148
25 19 725020630
1 57 427671022
96 8 434397045
50 26 262433716
64 46 664081038
40 60 188061514
71 69 73799432
58 23 608525478
64 70 370078844
89 57 89137390
14 78 489332932
71 34 720586232
30 19 408833664
92 31 9771155
32 75 802987293
73 8 36175907
83 82 369606338
25 44 174964161
57 34 581041315
17 8 157240687
11 20 877446878
44 17 520814891
67 12 501868824
60 36 178012279
20 17 903362682
75 24 753666800
57 17 286325085
71 11 469796815
45 31 155391806
89 84 745041615
72 49 845301190
89 98 712222451
35 66 605057965
7 81 554440795
80 3 888824711
39 34 209776083
19 85 49605864
6 48 427946440
76 44 545316343
50 8 251191804
68 59 861587443
92 100 872315482
77 31 477367596
74 85 184995831
67 35 628187730
14 4 894725508
19 31 747374062
35 81 313446760
16 4 400861454
9 46 724337977
100 85 524074028
28 84 377946370
70 37 576047787
79 41 956612553
2 74 705151698
6 91 2086217
33 66 206167596
41 7 655054315
9 19 569077956
9 48 411965950
76 75 960964039
100 87 503474008
92 10 809569770
36 62 14129271
97 51 434355349
86 3 185413136
43 78 910854580
89 92 747470987
22 17 460470514
76 62 283913084
71 100 10703986
95 93 371729900
16 33 207183840
88 90 714168629
61 66 684853093
96 58 706840932
35 14 775770787
96 95 158206138
64 22 867130540
89 68 776575751
20 66 45044980
64 34 303895346
22 88 688783780
39 63 819115072
72 75 555433728
28 69 562026254
68 35 119565518
94 17 835188613
89 17 80606204
99 80 467212507
23 26 573163800
28 65 534029027
42 30 417602214
81 78 154611457
34 48 680353402
8 62 388080131
98 82 853701954
21 75 630182703
77 85 527238360
81 12 450025795
1 24 838254449
92 75 625288338
83 46 866229374
14 57 559274280
21 18 834715249
97 65 244740033
47 65 45366086
40 20 553354636
99 97 252825559
12 31 336071730
79 88 891758510
71 20 945711878
64 29 385823701
57 11 466577923
39 75 374537159
30 6 582145836
2 8 376762303
45 66 534453309
59 73 696963381
96 73 458844156
25 73 839351471
81 84 877745548
54 62 947398022
89 94 174143701
75 95 242470186
47 90 405290013
19 84 734690957
68 43 439210639
41 53 21219414
54 66 877458100
15 94 818466958
96 19 82725892
98 95 796816744
100 2 89353220
21 8 811681795
40 99 361436480
42 32 458351345
35 39 117930946
38 80 496927436
50 13 378896145
86 55 825106925
69 78 830919624
57 16 225177285
68 57 125421171
39 21 973639508
29 80 336252907
49 88 979404467
33 95 745818775
92 36 230611080
15 19 196975983
40 17 302067619
43 94 247416963
89 52 901140845
1 3 568370460
10 84 460756947
69 85 435925265
29 44 482806225
57 53 576131701
79 12 346126739
67 39 609055536
28 72 695509499
28 50 809211834
77 61 744982248
59 85 985212698
29 19 621932367
59 55 215308646
44 90 340540455
60 92 522267981
33 81 918786309
45 37 985344615
59 23 150437306
50 19 716884542
74 93 13417196
75 63 299944954
64 85 136695198
9 75 898748898
35 16 682766798
96 63 992988513
32 38 324778514
79 3 763704281
12 34 172653582
64 3 774401428
18 74 280239311
65 91 294780064
75 81 964849626
60 57 757481433
50 18 283121098
95 90 297655184
28 85 101994105
25 27 771302370
83 48 617462253
61 36 232955610
38 69 514264973
7 95 304637094
11 69 692691240
30 70 759306198
58 53 490932965
41 80 984183362
85 93 721507461
60 56 145205978
1 87 437387411
53 54 105751402
37 2 825335671
80 17 367054990
13 80 671344549
30 72 729257283
9 1 657053348
38 53 860677037
91 54 121211294
34 2 308797620
19 23 870727113
33 90 376433257
98 69 978114582
40 46 67457377
41 5 663166253
40 44 572774768
60 18 227371552
13 48 188002804
22 87 358709408
25 16 570322030
100 34 748930713
7 69 842990466
44 95 65368696
33 24 855802757
43 12 505800243
79 54 754341883
21 92 594994284
89 14 265818422
18 53 699924937
79 46 244715316
89 4 417167347
16 95 247461943
81 87 875376346
76 55 877976465
49 24 486668901
10 52 163455387
11 48 69915265
1 46 250353445
79 38 528167091
94 87 211328920
2 66 75280548
72 65 137253256
39 91 926844524
32 13 81293928
79 43 358437864
30 10 635125427
39 48 785738016
28 17 580220517
15 9 407906123
15 4 168453300
63 66 168421236
79 19 188918395
43 33 39052609
19 20 57349158
36 91 767654559
35 78 269230386
35 80 544177639
84 62 402696370
69 54 13608218
100 26 860791096
34 62 774323263
25 53 503567844
40 27 529112148
6 62 209335932
98 11 437085432
17 78 899118507
82 84 466524274
16 61 898723387
45 80 166572941
1 7 846047048
81 62 746717134
59 18 938319223
38 86 50679967
32 64 430886510
71 18 701379235
37 66 504362450
23 56 950472595
18 94 150335825
59 19 280083963
14 91 844692608
29 8 821606416
97 71 259552783
60 73 243159173
81 66 785522947
26 48 360683026
6 35 253526481
60 44 521645025
43 93 339879064
34 26 312747238
15 50 319616668
92 93 897737653
47 21 197463796
72 17 986123984
29 92 151865762
1 20 811678415
59 81 202974547
29 26 233380375
38 23 407277299
15 22 136194562
75 74 258570093
32 14 113052634
59 66 182871907
68 19 932126360
43 61 82746893
28 87 993806253
98 83 198953245
60 95 669810063
6 61 587388677
86 23 866257409
72 55 457596634
21 66 2306253
15 55 697519254
40 70 386651793
68 40 930423310
51 90 648434922
43 48 263637498
42 38 65997766
21 7 111618148
15 57 219139515
71 60 939101152
99 93 566741351
23 22 448829143
19 65 607963724
79 69 552572777
92 65 27326130
76 86 430646361
96 26 801165892
64 84 905512264
53 87 762082038
64 41 235503870
79 51 797418472
55 90 585593843
60 82 196385827
47 54 321560280
47 70 538505681
77 6 306321078
96 60 55840983
67 73 919553405
81 94 649077875
15 46 979208496
47 40 634322012
26 66 936900601
79 66 647169869
58 13 546188195
14 20 943925406
10 81 635058352
77 73 391143131
57 88 925833605
18 17 93129881
13 87 667316733
76 52 404460062
9 62 151072245
23 53 565040603
38 88 566643780
89 71 452415068
14 52 7166329
12 5 972034668
11 65 752249025
94 63 360157283
51 4 722071556
1 95 595078118
30 17 51660717
89 20 18819835
21 56 68441335
67 2 335079140
3 2 471027244
6 51 776694937
19 93 43401803
89 54 6288349
25 85 394099982
13 88 570561877
91 90 202179841
25 79 425488029
75 94 929777738
32 66 367945285
20 69 329288050
29 95 810783079
39 9 259817506
71 94 500345944
9 78 138813652
57 31 128462617
15 90 173205390
21 81 377718202
12 66 499036213
9 74 670220391
71 17 764245231
89 96 501757716
77 19 640347526
71 3 226793860
69 31 792782435
99 36 214322558
83 8 602989344
33 26 944100750
68 34 557504906
79 87 991311596
77 78 376711529
95 66 60726764
98 4 766849461
30 83 66639926
98 61 824850915
58 22 56154592
4 48 361307776
76 37 722504546
4 53 500730480
72 88 86211993
59 57 973448028
29 34 796532212
19 88 424215249
97 5 76036823
34 84 812625045
81 85 900993402
10 27 528563414
88 66 358358351
12 13 242391730
28 21 247914357
9 91 556920212
67 17 691066627
64 55 510020285
87 63 319498308
99 78 921698390
39 8 596228799
99 90 57098832
71 90 91809821
59 27 124814709
15 8 651192804
18 93 737352064
40 63 681251492
42 24 880891085
41 20 111482305
67 98 672808918
96 51 960801653
43 91 458955522
14 13 312465313
71 23 175585079
38 81 929131922
68 94 268062109
85 90 47525021
28 5 349956711
99 100 131576109
23 83 716265648
72 87 660771805
96 16 387106953
8 78 868482293
86 34 420675986
73 56 320486698
28 11 492997091
30 36 609484208
5 36 693639582
89 80 541469834
72 4 72854934
30 41 639612048
16 58 862531098
49 33 496183844
6 84 309399678
5 51 649142175
97 1 226691063
60 3 49018221
5 83 864315745
14 31 654241280
55 46 291520285
77 99 480702876
15 75 719657529
59 26 644903996
7 61 581096924
81 22 539686288
97 4 649481215
33 46 565065770
47 28 947895334
16 85 663084386
76 91 494661466
64 63 615137629
50 3 901667838
91 84 320541049
86 87 428003092
97 75 659944476
38 13 409866607
17 90 283047080
28 24 218328035
96 92 771712593
9 21 319517416
6 29 967339335
5 87 887704199
15 98 218421043
94 3 62087919
32 6 623434043
1 11 456124157
67 86 859247025
85 31 583523498
96 91 341578322
99 43 360796712
45 70 241230973
58 85 138483914
19 53 190028568
3 82 423787851
18 45 867390423
67 52 775559935
40 84 275824934
81 3 335182213
14 85 561700298
100 31 523529802
75 33 184837412
25 26 307783155
73 90 173492177
76 49 958608813
98 37 496237760
83 37 502036003
97 22 984117113
77 58 555835144
28 35 686479022
3 53 106754329
42 90 881805259
56 93 908657149
29 48 515475048
16 55 682124803
62 27 5732941
25 77 690041445
68 56 942792269
73 51 379267681
28 59 34049195
68 36 186821390
76 66 246297569
92 91 958253582
77 80 488263577
30 93 272300109
32 1 645448376
64 86 45276505
59 54 30262621
30 74 830927625
44 83 250273866
57 66 455756234
42 82 774122221
32 67 159439499
73 3 574122723
6 3 391121919
24 87 23346906
53 31 804360902
86 5 466972638
73 81 85997289
15 39 419924450
32 73 454751347
11 4 141063773
43 45 589154597
70 56 123449854
28 20 285742393
28 13 603925998
76 97 488439725
92 95 975971219
34 78 526848649
26 74 604360088
89 53 653453168
64 57 111914651
20 46 337272220
99 18 41500362
35 57 204948697
44 91 933265497
95 88 386318874
36 48 774809346
44 20 407997939
9 82 645019491
45 26 737877076
36 88 320047241
79 56 109508565
75 52 139806331
20 80 6498794
38 49 280935311
75 91 261174484
69 46 886652735
26 46 434094883
40 55 69785469
3 26 226722257
33 62 563704061
99 50 473408524
39 56 325539605
10 54 691473204
30 67 423819427
72 2 341557090
6 23 827958340
92 54 619432808
40 74 933352501
10 95 718404952
33 17 38901289
49 51 803210226
50 1 571208799
94 78 623280090
83 56 370812225
55 8 939539730
70 48 340442845
20 65 694003983
75 54 969898014
41 100 583990509
21 82 47345018
40 33 388452780
29 5 191037389
35 53 657009757
69 2 234762671
39 23 833205329
45 13 577971377
48 31 951378077
1 93 354105934
72 85 191871159
64 96 599490000
77 13 709414126
76 4 487987247
42 81 176190508
7 66 862678580
44 75 267826059
33 3 105179624
49 19 17884560
2 63 588678807
25 62 305109725
94 95 764673206
60 63 959116396
70 4 449309139
28 23 629047631
93 66 442285272
68 66 878620296
18 90 169147144
25 84 463642997
47 55 867169251
13 56 806974482
77 83 235481577
91 74 675504862
73 52 301324970
40 59 982779641
65 63 384021896
19 54 474035200
67 83 950754916
14 49 158328338
53 90 829981654
16 27 214624875
92 82 419472067
43 83 390144812
92 85 25639337
50 80 196391422
49 45 384559315
47 46 118549677
60 94 578120511
6 44 79686764
22 91 478663557
60 55 436697177
19 46 691495346
21 52 721393705
68 61 892201863
68 69 829544931
25 31 522079953
68 6 338442069
42 21 554300312
67 54 111018316
14 66 629089602
77 43 230533385
15 91 220905701
68 82 628916689
44 12 572648015
97 72 227472904
28 92 830404929
32 49 91297516
19 78 383128370
89 45 261902676
73 46 674734039
24 74 987053989
76 15 216015517
23 61 472980326
47 44 689137938
39 37 774851553
51 27 929396628
57 45 334942485
72 94 943895512
51 17 433840005
51 78 156657568
35 11 711246400
87 62 159774761
6 2 524552098
11 52 221831198
68 17 244632892
92 74 112351323
78 95 226592274
41 71 382847111
63 48 304301583
98 93 650465266
12 84 505542408
14 75 780211748
87 74 106066060
6 53 488698167
73 37 749772127
6 58 201587332
47 20 465208484
83 63 654851441
24 94 451920480
52 22 752102375
38 19 392949225
42 1 334084414
16 46 498465406
5 93 304834142
49 95 298843846
96 23 570816234
76 65 815423908
3 74 655982046
67 48 187502793
88 31 454588788
35 5 305527930
42 10 957146877
44 46 333398483
70 93 347938882
42 8 964593387
96 49 529402797
25 75 714434621
71 16 843286028
59 17 64812210
92 16 171783018
28 49 170284470
99 26 289369749
16 54 512383213
50 27 749331000
14 83 149051411
49 44 402234617
97 39 894749330
64 35 726735428
59 24 16559324
73 53 802359196
92 87 34808800
52 70 244920041
96 31 938814092
49 55 5861831
20 54 27063407
41 44 464404557
38 37 82426693
65 26 569244032
29 22 520461708
88 46 56628022
42 92 418127745
18 5 354719854
20 31 181066244
86 11 380533297
41 99 960363718
68 55 48018467
86 83 790174714
18 80 7219924
17 56 920504786
72 11 403590560
47 9 31641369
32 18 612927848
15 81 396561405
67 24 871724241
41 72 968145451
19 95 534868445
67 68 473700626
4 82 699358498
47 43 638827550
28 18 957612148
78 74 706596752
64 54 955010879
50 87 214540684
60 84 35660343
38 46 524546544
57 78 784886711
77 93 888838737
35 34 831551786
30 4 782500623
50 37 622295013
30 91 535823340
50 4 777228540
72 51 508983383
10 74 834339104
61 95 655380580
1 10 749121634
20 82 152018938
44 58 778598142
73 26 545613922
39 83 525951650
86 74 2010433
84 54 205493639
86 91 717736870
96 45 492067694
49 87 414619386
44 65 376828114
9 7 475229644
97 85 8842112
35 20 458423577
76 41 578166571
28 7 107413827
13 95 828432767
33 55 749053520
64 60 154951379
79 65 784910517
40 13 408990532
19 8 59029830
99 75 361394299
6 86 309679679
60 8 24514916
12 61 332822556
52 4 776237146
7 52 257336535
79 76 776996540
97 2 703474241
37 85 264565572
96 9 348649072
97 9 530974553
33 12 745470778
99 55 405792824
3 61 662802786
18 56 554372062
70 62 844217598
11 23 84572319
58 52 824503967
55 26 874066199
97 36 868207992
37 34 910536896
32 70 794094660
4 87 21346974
75 36 292296613
50 16 257052983
19 22 374821230
25 22 70395822
95 46 832074309
68 87 807856890
52 48 904877100
30 29 55687076
16 65 924290908
77 2 511470838
15 23 956440199
28 99 392404174
71 86 356818346
59 16 250396674
96 52 163615662
100 66 87711876
7 51 293590433
30 33 328281108
5 69 980430969
19 52 255603062
16 5 206412796
18 85 225037082
43 3 478571462
9 94 472835109
65 66 272725725
30 46 277999902
11 26 359854659
4 65 891987471
65 74 389770124
29 3 928645797
99 6 974198205
23 48 169510695
81 26 582762048
5 3 18199734
28 66 312122984
68 18 848579556
69 63 530696181
69 87 267095104
40 88 594201219
76 56 919576656
85 62 984415308
98 48 424492996
7 10 579614713
28 1 497213358
47 94 637096863
24 36 40896206
99 37 600344723
95 27 60758439
94 74 909291213
59 22 922668624
21 55 619311559
99 21 889702738
5 31 542145215
35 61 940295286
13 66 306219516
37 8 238599087
9 71 481570414
53 63 441157485
64 11 399284225
18 8 401967514
49 85 804079121
16 100 430768718
41 17 306603674
60 19 784887375
31 90 666713617
86 4 615796433
35 26 61309805
2 88 445493418
15 70 826709510
21 80 111367739
89 67 876810823
49 5 932906858
6 36 392165260
43 92 311488891
91 78 264740039
6 66 882897102
21 69 337777689
23 62 763898915
19 94 235703170
13 100 629666244
8 31 995512912
49 73 337445869
43 90 638708193
34 88 37095641
13 36 332657785
11 53 970850154
44 24 477239050
67 8 891571640
96 27 499633731
15 48 846446266
53 66 690849596
6 78 812446594
98 26 941225404
52 20 100466989
47 97 453648106
18 100 399805610
41 74 143532939
64 90 981818574
77 55 39312194
78 27 370357431
30 43 46623250
17 48 712024664
9 63 633246376
81 24 140702656
97 44 678448197
25 80 41515569
10 66 675061706
20 93 629185450
97 61 489946215
99 19 107970387
64 59 407717135
57 82 895747142
17 27 123598653
16 24 472993930
40 12 944548607
45 58 17359635
76 19 532543828
25 36 933168014
4 69 18920698
20 36 676749062
32 69 265118870
18 87 600448386
1 51 396093076
19 11 938034949
32 77 12218497
71 49 546731628
18 26 584026420
68 63 573414953
41 19 144486129
64 82 493322271
60 37 221956833
77 50 580034977
25 60 705634769
62 46 146726305
13 31 13100194
55 95 913866026
57 44 218868132
89 8 103631112
67 6 220676895
86 65 156072653
77 62 948844920
83 31 97393980
14 37 490973948
97 78 689430337
94 20 720205776
59 7 958831504
6 16 146874643
40 78 565594100
15 74 341894871
96 15 437222677
39 50 441103311
83 22 392950421
24 20 418393426
3 63 591080665
41 33 800644061
33 63 39996507
35 44 640758614
7 11 900638386
35 17 159423832
1 63 896313939
96 36 603664586
70 46 384320618
34 85 668460209
18 36 419927720
99 35 312052161
38 11 355670236
82 88 202893986
59 92 33198329
72 57 489824293
92 2 236507278
32 52 438030495
10 20 95557334
76 63 255876396
29 14 650242892
33 70 871078974
70 3 604915412
81 55 422532334
51 55 832282612
9 11 24724020
53 27 992549511
75 83 154789190
45 82 492896034
73 94 993199527
6 19 454173907
38 44 825514342
8 85 631750632
14 56 856328836
35 48 319846206
37 88 955424762
50 38 383064480
100 54 484574872
12 54 86671308
9 90 948869638
58 78 935334815
33 94 221371532
79 75 47519811
98 90 789719911
71 87 509434699
47 100 638862858
73 16 873593732
7 4 727684459
64 56 194978841
76 28 190273155
87 78 126565862
5 61 176932451
4 2 123557188
3 91 982023457
29 60 185620573
18 52 430670921
34 22 18675870
81 45 998905050
96 2 691722584
15 85 269777339
21 37 6383621
5 48 892963094
64 61 495136406
42 86 697322206
77 29 208520451
79 72 966542243
9 52 983868691
96 83 701252500
33 23 30963772
30 25 462813877
38 93 146977758
41 55 405486286
79 81 662462207
71 51 78002795
57 94 344431732
35 60 918368199
79 15 287769517
38 20 325616849
50 46 660718643
64 88 34717007
72 81 850760333
10 4 857674112
12 87 492945695
97 86 984359165
89 43 861247780
77 69 66757811
15 93 258288234
90 46 276596997
25 43 933958582
50 62 146357117
20 8 502722464
89 72 997773569
64 23 390459307
13 53 225515407
44 62 114666501
49 10 425762643
89 60 610802886
92 66 987114896
94 46 789150324
13 85 860273428
58 2 409489166
30 65 711926262
52 66 630550062
6 21 507709539
92 73 619299835
64 97 146733193
73 22 507581079
20 63 718218614
14 58 845378994
49 74 921704530
75 19 60687132
58 37 426695640
73 31 662558065
99 7 734699990
42 45 32288466
35 71 417950500
26 93 570338733
77 74 400792264
96 88 877175502
4 27 978926454
5 20 778038900
71 59 131208053
88 85 451427159
72 19 915667551
97 53 32362078
9 49 385254847
41 21 111585482
39 60 105194898
23 80 586827994
77 95 858510373
55 84 594799290
96 80 780525716
43 87 57690566
28 31 526669873
79 28 301910306
57 12 648323421
45 87 298877939
30 95 194909502
40 16 486425110
19 91 666177736
98 58 157341097
73 91 649025666
59 93 845415932
57 61 354576026
50 86 214706656
11 90 705868025
57 62 214958762
41 57 950776496
42 3 992685671
92 7 769294385
59 2 457480158
58 24 272484618
5 53 475118809
39 100 968467761
9 58 71928110
41 92 659335587
53 61 486077752
64 1 33921249
67 77 58905035
21 11 241901489
38 100 707932815
53 91 466003398
56 90 374733899
12 94 596977624
43 98 646821117
41 10 713198298
65 95 227939795
52 69 106647983
80 78 637503578
47 77 405835992
94 26 907430691
92 81 139627149
6 82 113879309
52 31 963219300
10 83 73702614
67 44 889979346
57 37 104568076
64 9 324950938
51 36 9398648
7 83 124873178
14 92 142754393
74 88 471145390
7 84 117039154
7 90 474443889
50 85 577586363
76 33 740699112
1 36 302573324
55 91 727024599
7 27 607495367
24 26 301750314
71 74 60134701
76 100 283522539
50 84 534129025
3 84 20909034
15 3 666533621
52 8 730629640
49 91 708535212
64 65 170598758
15 83 709750896
39 86 989192383
73 24 418587882
12 22 563258331
16 56 941513295
41 40 941616855
77 59 128719097
97 52 907773063
7 74 997986396
100 65 972816617
11 80 603084887
98 20 355811151
40 6 23467561
50 66 9970753
50 55 287459837
79 82 834917082
40 24 279565322
57 87 29207581
98 38 326965780
32 53 517999389
72 29 553550614
82 54 89739485
94 84 356360827
52 36 823688830
23 8 107296583
41 78 956452676
52 26 895706454
68 7 676836908
59 56 546572883
86 88 724520608
50 78 87259596
47 82 641678033
11 12 910169
68 4 461040868
96 48 715985277
7 78 363398122
75 10 177406087
81 69 740659426
39 4 686468508
60 5 589854804
79 17 451838796
76 69 248628894
6 95 970164767
98 7 977678903
6 26 724896543
11 34 376371801
77 66 625965627
64 39 412748706
80 88 576744980
6 70 759185732
70 74 311421242
7 5 465170078
18 31 555176927
16 20 448806413
7 88 869684923
35 1 630350732
34 63 803923432
97 20 470339033
42 73 219551539
5 46 59735361
19 63 928859922
69 26 892564110
97 11 879696379
4 56 495183284
59 34 869766120
60 20 909126360
12 80 333195769
97 35 613305840
44 34 173790776
32 23 820833274
47 15 493388896
74 46 712394648
30 53 192941886
82 95 663511628
60 27 914549629
9 65 537312401
89 55 405713467
67 75 424859035
7 44 664911144
42 29 613200236
39 44 495317756
29 2 173934159
43 86 596149836
6 43 779397879
47 69 350534809
79 70 403611929
89 59 737946582
94 56 470243654
92 24 520510503
19 90 975734031
14 63 343113250
91 63 404000416
39 54 585816390
73 17 35624787
20 91 858941537
45 12 866183229
15 71 695899301
10 70 806541059
75 85 717848887
76 18 551763090
76 5 347583018
35 51 774860880
72 33 211308939
55 17 439742993
68 73 748708193
37 91 171904353
87 66 484097647
44 48 708726174
25 72 128246659
96 17 928027111
53 46 246156142
67 21 961103099
9 26 827828607
91 93 15418992
49 83 598350700
11 100 796741665
98 16 802999013
42 39 704442142
44 11 237688899
42 61 523596989
92 83 303889748
30 38 106942719
77 34 520910494
29 100 51175239
43 81 686381408
92 80 796253157
14 7 113074709
94 93 4023313
6 55 752393803
20 90 660844180
14 10 998851212
44 10 783079144
3 66 692819408
59 74 872674917
28 39 766622003
75 22 774094785
67 57 273229588
64 12 573505610
59 83 362183186
57 20 413214598
96 22 733291356
16 93 349162796
15 88 969306242
25 61 550045807
47 58 150335780
78 62 415974212
37 93 432677334
83 70 513813915
67 91 485051929
24 95 382389954
35 62 448815423
68 78 466017829
36 27 487048843
61 27 943293972
79 92 909576910
92 13 557595631
38 54 822280658
59 90 886957164
38 22 74234876
22 82 971274357
13 91 9573666
21 63 582389941
74 62 413830282
80 82 809794649
73 13 959768540
59 78 889349332
92 56 278367369
32 90 484351736
9 70 557783848
35 27 723623950
47 62 963403328
38 58 703363353
60 1 898669884
72 45 790304989
5 17 986241542
24 4 58936177
5 27 205690560
2 36 133596332
16 80 546543220
32 3 131889653
26 78 216886568
19 61 325709850
98 94 664037626
37 82 135463127
79 21 688034008
28 52 57206598
64 19 994651511
35 63 708823447
30 47 671546941
80 54 884303219
7 100 263982775
60 23 856160745
79 77 83742975
75 12 170383658
43 22 970080687
32 10 646692611
40 38 406160636
50 58 462498110
4 91 883473664
96 21 582477012
68 1 634434716
42 15 226260174
61 90 450735489
9 87 170245815
25 65 976019707
29 59 986442254
25 58 108578629
67 74 772442304
25 7 630304020
43 52 674450229
79 9 471119204
94 70 31940097
58 48 866590964
51 100 961913618
6 74 819807670
92 33 482010063
21 95 25517286
83 78 536649412
72 39 65755966
57 26 420021183
57 5 808665935
64 80 320350163
21 86 34741942
35 54 286406480
83 27 853603264
37 74 642376644
76 31 911269259
33 2 3413958
73 11 645354868
93 46 191902801
5 62 915708426
32 35 566276566
97 73 351980770
67 100 421688519
77 53 797391762
92 5 172383863
77 21 248072323
9 34 621796972
30 48 373430307
64 4 646058133
30 49 745933952
98 57 110970856
10 93 859046141
14 19 768714293
58 74 397712638
42 6 968233376
47 13 693289871
21 10 728481536
45 3 49768141
94 34 838714777
70 85 195976868
97 34 51878049
7 53 389080184
47 78 417933701
44 45 864005546
38 78 800183018
44 22 872821966
33 56 543790243
79 13 496323872
99 10 843750400
28 94 684380415
39 13 503082630
87 54 131213308
81 23 773228460
15 44 385059437
21 26 781232709
10 11 495591925
32 68 603665897
6 22 19469441
72 34 159040755
39 26 23614163
26 27 20072767
33 100 852252288
8 63 710673684
99 66 595614034
25 50 963703468
39 45 426169593
75 51 674615674
77 20 37572074
71 82 214811302
97 55 149183384
44 37 477221076
1 70 70075458
89 12 860122063
12 93 576801260
89 27 938873978
25 8 764109807
28 60 692953740
28 55 653452943
32 58 689622250
92 4 305010607
73 63 886982320
57 55 743678194
25 55 475009805
32 24 366209147
13 84 679638301
39 80 673596204
47 33 530685705
1 13 897874995
89 32 100091773
79 80 254430215
14 87 17089723
72 73 954330886
47 35 106918724
50 93 189761246
84 93 875091410
47 98 249471856
16 51 900714580
98 92 662405416
43 8 383453294
77 51 905096957
4 46 369940123
98 3 907932205
52 17 78395975
38 31 741681750
45 27 660651395
71 8 987687585
40 94 681283208
6 85 175328731
30 98 2559965
25 9 717995037
21 12 959683185
16 53 460049712
65 48 656822603
39 70 39369802
25 81 798920421
7 75 581469113
99 27 693865100
39 1 12144463
15 84 891205441
6 100 593621199
87 48 310696668
4 8 989844316
11 83 202161234
40 43 901473523
35 86 381970244
32 22 82088333
78 85 823476872
24 91 758839485
16 87 12228123
76 29 510456944
14 46 711746391
32 72 315198669
38 36 883281521
77 9 892448160
35 23 871246849
60 85 841320369
44 26 295982828
43 1 692993933
35 10 772151104
100 37 612442045
12 100 659830839
77 7 267367517
38 87 436552811
50 91 308469000
41 56 905033493
86 54 725904055
64 6 798742607
24 90 978076515
23 55 832324562
12 70 303326642
40 36 751808942
68 11 769939626
77 17 377401583
67 40 505246804
73 27 401552142
23 87 756177064
30 44 869004214
41 24 619945015
43 46 227131189
16 52 841088664
15 36 72480041
40 95 48194215
30 59 731110441
68 51 747585000
33 13 236010129
81 91 877240622
81 2 599001810
29 31 189551002
61 2 560405156
97 56 146290020
9 80 678753745
18 24 720075025
41 29 487998290
53 65 190411972
76 39 421113149
28 43 486789897
5 13 758563930
39 3 361727237
67 49 343031458
1 82 311713963
61 78 841683023
86 46 159592230
38 70 335217562
99 91 131079392
72 38 386935431
51 63 365979218
81 56 382483372
45 5 478959543
25 64 373952293
68 2 516553879
19 45 150936660
87 88 792929136
9 86 558824538
60 62 370961057
97 18 626604175
44 88 465902458
37 87 87424073
50 57 402719826
51 94 293068031
38 34 818365001
35 94 162658417
97 7 480235465
59 49 226051924
73 58 655536087
89 36 842385128
40 66 137689573
49 58 156231712
42 79 862854555
38 91 50291275
14 5 935060971
53 88 945353230
99 8 714685759
67 27 263908644
77 28 688458888
43 55 929583632
35 50 77526043
59 1 796113816
47 36 855912832
49 75 806558643
18 84 759506606
68 23 9116465
52 56 627011829
42 91 249359661
36 46 417973587
42 20 72810986
67 23 536907859
38 10 900303451
67 1 417712431
57 52 883903243
20 95 523509655
89 10 855046373
41 61 937291958
28 53 507712013
71 46 143240472
79 68 16438338
96 7 216118130
89 21 815117840
32 74 18629723
70 8 264939008
40 90 824563983
10 16 789353767
73 83 3290287
18 20 695386792
74 54 946862639
16 31 952422722
59 48 399794523
43 84 12715301
50 20 847507856
43 36 26304969
30 58 104842958
47 10 800829549
4 3 55664136
89 97 483918248
40 82 6184890
39 66 434319751
47 61 760178005
64 53 967618684
55 63 254823126
39 33 554447546
77 98 481472051
39 84 611363840
32 45 411617875
45 34 341162934
56 48 482039173
58 94 142070899
97 31 252827792
40 39 185112526
24 53 43641522
38 26 646578995
51 84 580935120
21 57 65462276
99 56 62196300
32 82 744052277
72 78 606882580
79 55 19516083
5 80 872331837
49 78 189990496
39 11 466111925
45 11 919818338
29 16 991039516
82 31 64495558
68 14 134604202
20 34 869606444
40 26 124118875
40 93 152170888
14 60 770282914
6 88 733449093
98 33 958140335
6 14 11579624
18 46 410400747
43 100 714645092
17 65 43661704
99 12 15080916
67 4 855564693
43 17 663658580
1 18 631464501
80 22 897675688
29 57 666034547
83 85 472262892
11 91 597514233
63 74 909090550
89 41 545289670
3 65 350936863
72 83 880474619
99 73 557247665
80 4 916747508
99 33 368334794
42 34 257438425
71 7 52760604
10 88 316328886
43 71 718709209
76 85 8828838
39 5 89160194
42 87 420827751
93 62 623495404
78 93 856997326
47 37 103131615
13 63 253570700
1 73 805533709
16 37 201155375
41 23 813014891
6 18 62224122
28 61 434595675
83 53 341157908
99 74 758795328
16 13 795312772
31 46 11066783
22 74 362775400
41 31 370885389
28 14 163004794
14 81 719128729
76 92 654968875
68 80 888059208
58 31 931349442
30 50 301561495
52 27 645399579
43 4 235469653
96 97 465445499
69 17 749489021
51 65 417054974
79 4 554753878
1 84 104620256
43 50 575306683
7 85 192620059
47 84 135123876
