100 4948 31
1 1 4 5 5 7 8 9 14 15 20 21 21 22 23 24 122 125 200 286 392 436 518 562 563 572 608 728 764 769 943 962 983 3141 3976 7415 8882 10369 12285 12653 13163 14082 15119 18199 20368 21031 26839 27197 29057 46769 157317 229781 330660 391732 456074 466730 469335 491523 498235 595083 609203 626697 701161 779204 800187 916723 1912391 4140863 5400076 6085349 9157062 10421451 13635469 15071259 15657716 17254656 20174643 20897945 24197457 26464925 27050389 30428806 101788873 106489547 110162198 116224554 122940872 166403587 237168882 259037800 358914002 666231065 829844441 835415798 892323996 906131149 915700535 941869110 961694527
69 39 39970574
43 9 399478453
3 66 808105991
94 37 614075834
35 27 925232947
69 36 676892508
22 38 241792345
1 10 136487251
42 17 457447072
5 30 934989482
85 98 877617997
43 53 885026803
31 57 762297394
79 23 916083154
95 88 254495354
25 51 715443081
62 84 958176424
50 25 544944075
64 52 989412949
8 90 210312605
2 76 862940914
39 95 458002683
18 1 263191108
25 55 373723077
38 54 165324959
53 77 110669544
81 55 32079515
23 47 219241196
59 38 379668522
53 63 326667967
7 14 324874501
35 46 707955354
99 80 735376888
49 28 987540402
27 84 130581718
69 91 212453494
77 70 823624943
80 45 137098490
23 12 290723377
75 37 534829319
60 30 224308454
33 83 277012559
6 34 19026680
85 18 857140336
74 63 805150654
91 26 473424466
53 35 961050548
77 73 785435416
57 4 755481375
53 47 221161996
52 38 217038134
13 51 754987824
66 51 184858383
87 95 182051337
74 45 404138019
79 56 563657008
44 24 485471046
79 78 574254329
38 17 180291942
60 35 807509280
74 93 962081335
78 29 458635144
99 82 194432109
79 54 454676210
96 54 495831627
16 11 462745003
9 18 436526636
83 52 145768548
92 88 142094564
69 67 706166269
22 36 88003891
68 45 549079654
29 73 837769849
93 25 862095633
42 66 696045559
18 95 48249971
92 89 586541465
86 10 985942425
71 89 453055974
66 95 788101443
34 100 723303617
28 66 378913320
6 30 348809387
34 26 601870720
38 12 786557845
74 76 708417530
2 64 406206200
92 44 157526353
11 36 402131908
3 34 253640969
32 91 215526887
2 77 636940899
32 80 89554048
43 13 640040690
59 25 496957430
98 95 598421116
49 54 349468717
68 52 336681809
5 28 654611446
85 80 722579815
76 57 313517192
56 57 9535058
21 75 423101432
77 88 617669288
86 16 516033303
23 64 983447244
31 36 281893279
8 77 92371000
77 90 813221997
48 16 486369509
24 84 10986290
43 25 488658647
98 12 788960855
74 39 814166675
63 82 311294763
50 70 156776139
77 17 146467132
2 26 322439812
45 37 56557291
39 62 874173298
12 17 437037767
5 48 543461965
78 1 337958729
94 25 938537607
26 30 999325068
60 53 799073765
70 80 614362539
39 50 256414486
83 70 139130882
13 38 917750219
3 37 784404931
97 15 993567187
39 89 872399267
7 30 709192223
78 88 980248424
30 54 785508381
21 63 619574439
47 12 677635590
19 51 644027189
93 58 56420595
15 73 174048801
21 1 201421967
77 54 75945049
100 53 593053750
29 40 121890650
2 44 786530575
22 58 304769868
92 30 270208062
41 30 43515945
3 56 38810471
32 3 501386417
66 36 961168886
7 26 267117213
96 51 584113378
15 30 539959274
53 58 130022453
32 62 519157757
28 10 133900988
34 49 416989895
79 19 232282168
99 13 691383997
93 54 981223329
87 12 829085660
15 80 161825824
57 36 792296872
68 58 399507978
23 42 275605519
86 11 26442163
53 23 391811675
29 80 83626787
91 50 494705290
69 44 265994483
9 12 456677473
93 98 905072505
46 67 609837753
38 76 363380714
39 77 796028925
16 37 811448000
39 76 891463438
48 14 444208831
65 10 152111745
3 44 113463132
61 10 63583260
92 23 12450670
60 4 33500075
19 27 421091381
6 24 846269203
53 26 148465849
42 14 466520719
92 4 135629220
16 20 394895530
43 93 756427922
60 28 1988100
3 47 728200143
22 54 836367824
47 88 386397157
52 84 418960219
66 88 372516816
31 74 95871814
87 72 908585650
79 46 329862818
31 18 275030481
7 13 774922341
57 44 121902163
62 18 255418822
39 23 819277642
2 9 883625005
13 41 428783462
5 26 213504209
85 41 627021511
69 2 763988514
5 1 197042082
85 94 919760476
69 9 568515417
64 15 707630365
32 14 174383315
8 57 875558725
66 73 781989389
60 70 610601319
72 11 753671220
75 67 57969234
74 47 260034222
12 36 197223388
71 7 491443356
76 17 255140473
68 34 446507627
87 82 836502649
87 41 476184486
43 30 674594527
52 73 604918664
88 45 37985412
23 55 624445740
32 20 373445429
89 25 571681940
46 88 177954969
61 75 254618666
32 24 192057263
35 54 352115638
68 100 408767310
91 23 501389963
85 68 310632157
33 65 249306330
93 81 587895834
23 93 588941898
87 35 48317952
65 73 876281204
27 36 888946444
2 80 95238561
87 93 324327923
53 48 681642060
38 44 646078624
41 8 363606023
42 76 739156677
1 37 236248013
71 15 215277739
35 37 390505048
59 94 131172910
23 51 596224328
65 29 841257688
91 7 27697778
99 66 24517290
23 95 85634761
5 90 620612053
61 54 431242583
30 46 658249487
92 66 333544940
57 54 667525758
87 89 997008099
92 19 334263776
60 42 549244737
70 4 170984338
74 98 617513356
90 84 482943891
91 81 368627487
3 23 785014200
63 10 161777781
79 82 735066898
86 83 367844415
9 55 376871819
61 29 285546547
87 21 333955713
61 23 846984857
72 4 341567395
13 58 946800821
69 53 500706008
32 67 56927422
93 20 542231561
71 80 239854059
6 19 19960809
65 72 964899006
14 12 695029247
3 75 830746176
23 48 416490494
100 25 146056258
29 14 364451459
35 24 535621881
91 90 563830079
61 25 55646471
3 80 452404937
74 10 581682139
57 55 535572272
91 60 326317744
42 12 29995520
63 58 23583239
39 47 599993697
2 98 817135954
52 25 962423362
65 54 246415226
100 64 425764281
15 44 906620441
31 61 891709175
11 82 598421382
87 100 891987269
93 62 274972691
40 88 711118031
65 98 855848713
18 70 403638985
63 20 747521892
85 45 580910259
22 65 759611459
18 4 405646572
59 73 320879328
78 54 585253331
87 71 515333670
2 46 458395820
27 45 447305687
61 100 367459711
20 84 51363522
69 74 473979423
91 33 264784791
42 27 59920394
89 26 964146700
18 82 429610271
64 25 620964367
20 88 56472731
65 20 516663877
14 96 453505582
97 66 461776998
7 70 885667667
35 70 325649776
98 4 711906879
41 58 646022672
23 82 703248748
14 57 452752745
57 46 653666492
38 1 65258022
88 82 381632175
32 22 265265999
62 54 306479967
76 46 189597667
33 11 215201756
78 30 674405393
15 4 701497761
87 28 876460099
86 42 579615100
63 75 577811901
52 46 573236638
99 14 618047056
26 45 956282773
15 27 441013988
2 37 468813792
94 14 245404766
7 66 390778412
81 76 216180418
15 84 617804393
83 15 166149987
91 48 920224768
22 41 274090701
26 41 562504908
74 8 65499971
90 56 86002962
15 54 881495490
7 19 971091392
65 82 460948700
99 54 511681629
3 97 232719939
32 11 89501689
65 48 881273308
85 76 973685148
56 20 625167565
74 52 726075616
94 75 243648261
49 82 981912094
22 24 212653711
100 40 723138408
55 84 391113799
22 9 255711128
52 8 84794624
3 11 718601362
52 36 907484889
13 18 370697450
31 68 184754007
50 54 101026172
90 55 806961974
59 47 933396993
93 89 888021944
38 95 347136822
96 37 933344081
4 36 68329355
33 94 403590396
35 40 548813732
62 38 647836397
8 24 165904471
92 45 735919362
3 88 79795316
90 25 249237883
19 38 36008739
23 88 202357053
22 45 85047278
69 25 850090542
85 21 276323124
40 17 346074008
28 90 250423065
93 75 240076776
69 19 662108574
32 49 185806538
24 36 573150340
68 25 944435763
68 15 213096537
83 90 57328631
4 67 62469410
21 9 312713339
68 70 729111169
85 89 144830166
21 67 194195868
87 17 586422323
29 52 268792797
28 95 389503403
17 18 298112217
28 4 413310941
20 4 628421696
38 82 678230998
22 2 203054527
17 95 259721934
15 10 99722201
64 41 487312378
22 14 305460237
23 15 313682790
35 55 637139894
75 80 92627056
24 37 419526547
9 77 694920092
69 34 908241355
100 33 850588670
32 71 251896367
20 37 500504250
71 84 984747416
91 51 185543566
49 38 974973852
69 58 155154514
32 93 438353958
91 10 205184996
47 18 531933523
48 81 601581524
19 45 627895271
47 1 121851175
89 50 875675560
5 74 580802473
83 8 83138460
73 80 606799820
83 81 742546423
14 11 775358241
41 15 78381163
89 51 607501087
74 29 34351344
94 51 855136370
95 58 876868683
5 53 797250010
90 51 890927132
67 45 267312355
31 41 672667446
91 96 693816490
61 28 778446384
27 81 970298915
74 37 11473977
87 20 188638982
34 38 745837986
32 21 773139140
14 47 673375377
3 25 241167805
14 67 423175219
22 40 302819567
79 30 509629622
32 68 508130122
52 58 541249496
23 56 521144141
5 64 21491341
35 10 885482082
31 42 345655982
8 88 915781453
7 73 435346347
97 9 841832621
15 55 404445764
59 24 276629294
81 57 686614398
47 10 296522352
99 86 135206625
3 8 701628363
2 7 71459609
79 20 613804859
53 19 77095985
74 49 546418245
41 73 112842547
87 7 698758848
31 82 787141849
92 36 889501901
77 57 605364688
60 76 237970550
21 14 553671480
2 53 998868445
85 83 354033824
83 96 984044957
15 75 300026275
14 77 451156883
32 77 270613215
14 76 64074590
92 55 829735224
25 1 832505869
68 95 961683390
65 96 920770490
22 95 250507346
34 55 646963768
8 38 201771920
34 19 131621908
96 95 127909783
28 57 691406584
19 11 862028788
3 71 540497389
68 72 195072924
91 15 259724574
22 28 246894413
93 44 252012295
23 30 4020826
77 1 191533551
53 93 732605299
86 50 935104123
13 98 715865986
37 84 318710107
49 81 899467176
30 36 659977374
14 27 625437132
31 40 52900650
5 25 911961974
31 80 441313688
6 43 775163310
85 62 658359837
94 88 870975921
6 83 167693994
48 10 723599759
22 39 221305096
49 41 150757089
68 13 669654761
81 25 19791928
9 57 89009722
43 59 654188516
93 72 152820355
62 67 351703630
68 41 143092690
83 94 744469619
2 40 508520772
85 7 373169086
3 57 793527556
41 96 320737814
61 94 77061278
32 76 627129222
94 19 77836959
87 3 395239730
9 13 766017983
99 40 98001055
76 45 612217520
6 36 369281380
7 46 264648775
47 66 895524910
21 64 161301986
16 15 255937696
22 27 263427189
64 66 953239456
48 17 576040990
74 24 763146479
60 46 425651012
11 1 463173777
100 1 540952154
9 19 725529336
87 47 342209895
6 96 339294895
73 44 710088610
32 38 148929835
92 81 513951157
100 42 652115481
99 89 794260071
76 55 703945211
6 10 65401966
71 88 334142291
15 88 844254283
65 21 191310517
99 88 996313622
80 10 388899169
97 27 932358594
6 82 472032789
66 80 405115490
81 11 32085867
50 24 478521606
72 44 807484935
22 59 575477405
15 11 118876110
49 93 38976734
63 50 275556339
43 19 547705593
72 24 468063133
59 72 695239023
99 91 5069567
22 60 483213495
47 24 438345432
56 82 955828386
79 47 549326440
21 50 520742926
45 24 767358555
92 65 260484261
29 67 315342905
89 27 75805697
69 23 626727541
85 58 848181437
62 96 973278040
91 82 223507491
77 67 228269149
53 55 454924189
39 48 294902777
2 11 886625854
81 75 390059564
35 63 861047964
76 44 574588232
93 26 795566899
2 83 988769869
27 57 169618308
34 94 400872198
32 29 98200332
21 45 997660530
100 28 945721720
38 73 53331741
39 20 194325573
2 28 924431905
78 83 408060471
83 66 758927821
100 95 448166776
60 47 327959421
99 76 121344696
28 50 593158168
85 29 164456224
74 53 822681714
33 63 88043178
30 57 46611720
85 63 761223812
28 39 806079862
59 98 913002378
89 70 745959131
58 45 941224527
44 88 36289090
29 18 5492432
73 25 560292459
92 1 824192802
65 25 620450101
83 64 63537405
43 84 517223950
86 65 24803507
76 95 348627686
97 47 619860025
62 45 693708687
77 47 823339519
22 21 691874905
86 15 312422063
92 12 435260312
79 80 813783762
42 19 362666128
97 35 505275461
32 1 840335236
23 57 894913084
88 24 913487721
69 38 316739064
26 44 590093154
87 46 533356738
15 58 961625558
62 57 447714876
21 19 992167250
32 10 467901305
5 49 311311750
3 40 953962370
18 88 188157369
3 33 413417279
98 36 234388396
52 37 498936215
30 4 859842497
93 51 564108222
43 87 408641520
33 15 204331691
31 76 852107536
100 24 771311339
43 66 556536529
61 21 300864936
42 4 424958548
8 18 405252853
65 35 367668960
1 54 134498146
65 51 483425856
14 20 765785261
59 70 855915806
78 52 562152691
99 36 293699071
2 73 387301606
9 17 188801695
99 1 523189264
17 66 822727804
74 73 19155810
52 90 222893974
29 44 650133284
61 4 404266666
69 83 875746754
71 83 556400682
86 22 151798740
11 44 142310776
60 94 656899455
32 54 98431886
58 51 505445214
21 77 221643272
28 41 930564026
61 18 470481924
30 66 781589485
41 56 208831714
86 60 625999936
1 45 935000756
75 96 705258740
79 99 416294445
52 55 582542978
46 10 425446917
5 18 586091041
29 90 529035199
85 16 581932405
86 17 764625000
40 11 617410386
39 10 228298759
72 18 891070873
91 4 804484742
79 18 951424294
14 40 733697412
50 51 647795927
31 65 492471084
7 63 612488337
69 64 933385570
64 16 77357801
68 19 479257052
42 20 920964230
39 81 928123590
13 1 132651658
76 24 496072076
89 40 640450048
71 36 504929873
63 47 296621004
52 19 305676983
2 54 685192086
93 41 410344513
61 95 266596502
29 88 221197097
62 7 526607156
86 36 398202504
79 89 585794360
80 88 5289018
53 83 947738833
49 84 829588109
49 90 230993860
31 84 68522542
5 87 283636501
69 73 736194928
32 26 660963888
92 9 66620104
79 87 100169890
5 12 77458159
34 29 990118444
94 18 174244854
26 82 193475007
22 70 440728866
100 27 959706277
61 2 510451297
83 14 83482010
52 95 517429368
72 20 703437520
94 54 469261730
66 44 839146923
68 16 493833798
30 73 732557396
26 55 12266576
98 45 375846231
98 57 167377288
68 57 98953055
29 12 789482158
49 46 737539910
71 17 743100107
31 9 519956779
52 77 451776521
14 19 129066019
62 40 942406955
55 51 98874011
19 17 761982649
28 44 784525121
19 90 814269780
50 58 716610376
93 45 237296957
16 50 956584065
48 75 924682216
60 84 780475333
39 27 850192949
61 59 191410324
68 76 654750160
31 60 217856142
6 70 221567457
39 90 510209827
99 83 860662858
35 8 735697101
60 97 187249091
74 91 698281106
73 82 507875729
71 19 115125340
3 94 220448899
61 38 900961230
59 88 105240130
47 55 338013454
70 24 115259051
43 10 60971180
5 100 509622228
71 56 931371965
32 87 401534692
45 36 738967853
13 57 68513292
2 56 452777418
28 38 47124459
89 24 640330519
64 76 248828063
64 73 802311862
69 85 18348480
69 40 266537043
28 45 380196848
13 63 61490508
39 14 315206661
21 88 484267783
9 84 455866209
90 20 944789825
8 82 587703779
64 40 456890002
91 100 408920023
32 34 269711308
42 48 113135272
31 44 419799716
26 63 509702937
92 47 137300627
7 89 210126962
3 70 311164911
75 54 645964799
41 35 599080248
9 72 61489825
91 58 699619850
12 18 988627286
31 100 32112271
71 95 371336121
100 36 240790084
42 75 958455124
69 60 61588501
43 98 723829856
21 54 302236227
43 73 643043971
71 13 841491744
13 20 918584267
52 51 323845627
31 58 637992140
7 55 546933296
39 93 370946768
68 83 865741411
66 24 165781099
86 78 838767805
22 80 370543375
31 94 392338410
94 70 424631510
33 20 755568020
86 25 479310268
5 94 9209261
88 37 946127166
74 48 621714637
64 36 81667733
48 45 344193044
91 53 724949940
86 56 688009444
6 57 555050076
32 96 575343955
5 57 130665961
94 96 880186474
21 47 500422793
87 13 487994984
90 67 338510889
20 46 811055852
9 36 263008634
89 95 451881562
12 72 148750477
79 58 926136009
38 36 824378926
48 52 15759665
100 72 270543350
92 99 646229478
64 30 424775244
32 98 451042283
96 56 975015047
41 24 777284465
76 88 648215172
100 29 647546409
12 11 220385184
29 94 76062015
6 68 981677875
28 12 40738828
23 62 809740861
76 72 475364825
18 54 639543303
6 71 947200663
73 57 701035768
60 100 739983600
68 37 441497882
28 23 63060262
52 12 410660340
72 56 967758989
3 98 980073652
32 15 594286553
97 81 258718279
79 96 307458450
6 100 450708477
77 37 769948996
93 96 442646348
59 93 399945829
96 84 998210473
40 96 416780698
48 96 766348052
73 58 575741695
22 55 985405649
61 81 742664915
69 80 324445798
86 59 507701798
99 35 44395898
28 75 771001572
35 30 205998278
100 12 759339756
79 90 839944083
68 44 974555533
58 84 149539130
52 96 364176221
61 35 964173875
7 57 135878859
83 72 726166608
2 30 491248679
40 95 447027065
65 1 506251385
38 51 725807487
43 97 178273592
48 73 187855654
48 27 460173603
18 25 14144047
60 55 833589282
49 7 47219562
22 47 553591058
79 24 814472473
91 42 660212755
71 33 909550120
93 12 998474608
91 1 823223640
74 100 399799730
25 95 604801750
6 26 295115459
28 37 503401165
31 50 308807931
96 20 382854495
30 44 382055655
9 8 488619858
75 82 604450830
34 91 187770304
32 33 398040039
5 4 163372642
22 96 653256581
65 76 430378967
33 38 904387715
19 24 545197717
80 4 331907
58 54 641720978
41 72 330461639
57 70 380048157
64 13 435862941
61 71 698216610
94 81 246393800
2 33 461822174
93 55 342981338
29 1 147185134
22 7 135565783
100 49 629279891
63 27 180095748
50 75 170275091
7 50 608927864
42 82 397917589
35 25 735428884
19 80 344912761
13 37 68558229
74 70 166065966
14 72 492489606
66 18 663817137
9 41 611110319
90 82 827248195
94 89 535727431
78 76 28731033
79 4 227588609
94 27 106175082
52 50 926796070
94 12 220167594
98 24 572285716
71 39 632717411
14 70 14510346
92 43 349638742
34 67 984152010
19 20 729798162
48 38 727777993
23 26 103856466
2 81 34379205
98 44 387528268
29 89 936595435
53 97 10625423
72 46 294508837
28 94 986513859
27 96 975841185
44 82 435538438
87 94 286989208
72 57 621709896
95 10 52163981
75 55 383173478
83 9 226475964
85 52 155568683
39 7 688263989
28 76 915064984
92 77 882985650
34 46 638445060
48 82 849021819
99 85 882999957
18 46 161523800
26 46 998892817
54 67 625388029
97 77 165956434
47 4 29446067
79 35 694160877
69 28 365255485
79 63 632750449
33 88 512618629
62 89 531512227
78 16 547784449
17 96 895745068
99 98 331743902
39 55 410289470
31 8 985667180
43 28 423707642
71 11 27214072
23 72 385748763
78 64 563438752
50 80 338770850
70 46 313728703
31 17 390957741
59 58 719895648
2 17 861364986
77 18 729251000
93 40 667012459
12 90 716750826
41 20 972090024
27 25 109854744
5 62 156505444
78 9 73838296
59 9 78709258
81 72 72591453
42 30 595410582
31 2 651250482
8 36 514229650
42 63 967207068
97 84 491741274
49 80 179512295
8 37 241683382
99 59 691631823
13 40 772667286
86 3 735971617
69 76 672342682
83 11 730092683
65 77 418753853
28 26 517220674
99 27 884187535
83 30 997889282
68 82 205516095
92 5 159239222
43 4 745581457
48 7 404536798
5 98 514968592
49 19 406232687
68 64 374036161
64 7 385271246
99 50 549374498
72 88 124413268
89 90 761146835
99 18 469064191
29 82 628757547
9 81 340288193
86 44 259270032
37 51 150483445
5 21 300594340
6 74 153139027
8 11 87076606
63 51 120096154
14 81 334038799
6 88 219471089
13 76 9216282
56 51 381846759
34 77 567490574
69 65 960365855
83 48 885412188
5 93 497346563
38 18 559317632
40 76 221471732
7 58 927712674
7 25 612845626
77 12 261177488
37 36 442229883
94 24 747886892
89 46 764236193
70 95 60221481
40 47 837142303
83 56 936153630
27 40 324605493
9 70 79192758
64 18 972272286
3 100 941735506
30 95 569713836
94 73 156963699
9 25 868532229
60 27 176787882
6 21 375392306
47 45 194020439
60 38 733480326
66 46 367522653
27 58 513259433
71 55 745220876
66 1 137644325
95 36 260357292
27 30 311004897
68 23 394057553
30 18 787516412
90 11 428074280
65 14 866961398
43 26 601284775
83 75 536463930
63 57 663082251
48 24 472565396
28 20 836161350
68 80 378576468
3 17 969930683
14 35 438004174
3 53 979294625
94 13 607239051
87 73 221266396
53 29 437853678
69 54 858104953
100 97 154341715
61 93 640277420
97 20 696589271
85 70 501259185
41 19 196932734
31 92 993696529
91 76 841240241
77 75 647471297
39 19 140390504
78 12 234174280
39 44 174994439
15 67 461768272
61 22 122346427
50 37 772050034
3 60 18278912
11 20 885741103
6 65 305575299
6 85 879851647
23 14 705091265
6 61 266588463
75 70 187560930
65 18 322526650
89 47 211263879
32 16 901830561
42 10 560477337
59 44 551954937
34 97 17516886
22 52 862314892
62 4 884658176
52 47 863275507
7 35 297400290
63 56 372407356
99 30 201241303
29 62 267510463
42 54 905273359
80 67 167710842
97 7 976226978
26 66 401129822
15 46 42553453
32 90 650017756
53 72 878377690
55 67 491330165
31 98 988900520
33 62 763436733
71 81 140149775
43 37 870817201
3 63 928485713
13 89 714000266
16 38 851368020
6 40 755448809
59 45 13688466
57 24 735324698
48 66 544077603
52 1 695091738
7 94 491162528
61 55 239116121
99 11 864792479
19 56 316638628
5 70 798376874
43 7 675074092
96 25 305666872
63 1 811475582
100 63 393506732
34 76 390487951
19 95 151335923
69 11 410493817
78 80 385841694
89 72 346606534
88 84 359149814
29 51 490207554
11 88 812884114
52 20 374206802
93 18 562277444
81 37 100846512
28 25 541582088
5 58 293376700
49 57 470165839
100 83 197983870
87 36 346984014
16 56 832779504
30 75 457494178
30 82 697535997
94 50 212386184
63 18 745002120
46 54 974462158
59 56 762553215
99 4 124841900
62 95 156832542
93 77 296659051
65 88 372098217
38 24 310344914
42 50 661533551
7 52 203482305
33 75 65588020
64 96 787517373
70 1 378193413
74 83 79747769
17 88 821598173
92 18 518919178
42 62 951471170
100 20 421637280
99 48 77202111
72 58 914733780
79 44 980656135
34 25 919071536
56 4 915285277
8 47 806918320
15 76 217339710
78 93 410927437
62 44 397350452
77 27 712691577
33 89 900200878
66 56 267212708
65 4 295897783
16 18 339676035
19 72 367514658
88 10 755095394
13 82 740061124
39 4 654827219
53 81 377935210
78 35 298419673
85 25 279486454
97 16 434409784
99 56 80201533
64 70 401755811
79 28 10993786
15 98 29609533
42 81 573241056
50 55 296609756
33 76 468156524
43 15 456312890
50 88 453420920
79 34 49650025
6 60 855800322
93 64 630556873
77 56 66188561
12 45 268449232
43 27 950282848
35 18 132057005
99 22 136508422
53 57 218910600
49 70 976875335
21 26 616765005
33 8 589425326
49 4 526100999
22 11 37244750
31 52 661521493
22 16 518267253
86 63 126038166
39 88 142778512
65 12 86103560
86 89 514094779
66 67 551741722
39 17 968311034
69 62 844262812
63 30 146862106
48 80 954077535
57 95 514502176
60 39 605216658
79 8 909434708
78 23 297402573
2 21 302093441
33 12 320174792
78 27 674382643
99 39 87791958
92 13 22177257
35 11 393325548
30 10 523657872
1 24 273106465
66 54 294797729
23 50 454581669
61 62 191339365
46 55 428870208
98 76 574376006
56 80 990522190
14 56 126910218
52 26 123751224
68 46 858955304
44 10 530109572
19 37 927871134
41 37 391929051
28 48 899635447
95 45 688524802
34 90 396498857
86 55 506641845
64 19 663510105
43 51 763125894
20 45 26731383
29 84 305796732
2 67 270029833
59 82 687709949
87 78 542384446
80 1 822590135
42 16 675365221
100 94 332467571
71 12 527459585
92 49 503307640
2 41 629383106
31 62 206319922
60 45 144034731
42 18 242944333
16 24 757589130
40 66 255093495
7 90 980563342
87 44 540009978
11 96 566391707
93 94 679847205
74 64 476275956
29 41 871218186
85 60 272711712
49 12 308008153
2 49 338772114
71 62 56429363
7 75 341998179
59 30 279684930
38 40 773563762
59 42 855674112
60 16 730857743
19 15 321151669
17 84 969125708
97 19 69996886
71 20 657055902
53 56 800766575
28 64 489525767
31 23 829447189
62 58 849828155
17 20 972482217
14 36 255844369
54 45 223609037
97 80 608228004
86 82 532987236
30 67 67683079
85 42 960660559
75 51 642319496
78 94 23783983
39 35 949120060
9 10 27536638
15 47 42594659
5 33 243797255
79 5 655627817
29 17 673452095
57 80 50465051
49 98 710909347
79 75 790757101
86 84 349014356
3 10 19454399
79 70 776588766
96 4 21505744
5 67 437282321
94 26 627610829
22 34 448262666
48 54 262375624
68 40 401879794
98 18 528809555
30 51 921563985
74 13 756819925
86 23 727333973
60 44 282230473
62 13 504181379
15 95 257211690
49 15 523970164
80 51 599880861
48 67 869244394
5 81 689770829
48 70 154501618
78 65 703743802
86 81 919390407
89 96 974379344
22 17 731594050
9 7 649435568
52 11 306747305
33 81 61402884
26 58 223340434
19 96 652698851
13 15 805754232
19 40 723049553
9 27 859659938
65 17 492133857
23 54 68767169
92 32 613325042
72 55 584340701
74 58 569473634
14 55 318425668
15 96 817123337
21 56 468404149
35 38 705662771
25 80 438681296
5 72 595888770
79 29 371601777
67 51 388916683
3 52 319665540
14 51 125101363
39 41 959735819
34 11 210565517
2 38 240572121
60 24 104796465
79 13 22206182
61 43 120653310
72 67 849114399
70 10 762060929
26 88 667825834
65 23 163244695
97 25 946445638
31 24 712034476
68 4 333373629
33 59 216808820
85 49 458626796
69 30 676738830
90 1 804005035
100 58 897964166
32 43 160156150
1 88 562443971
22 4 124377645
59 13 14677728
71 53 204033216
42 15 766874151
28 83 383739525
1 82 508804084
92 15 556325125
100 41 709634825
79 16 546806768
97 14 902172359
49 40 981250393
34 95 409272272
2 70 510072992
23 67 370343199
12 20 996015206
31 63 439187898
97 95 306313445
100 75 863310146
14 37 392444548
87 54 527582794
74 67 89815594
86 37 86229373
64 95 302518203
87 19 831197430
69 72 706861360
85 91 204455756
97 8 444693953
71 76 399736412
99 28 277736252
13 19 732873304
90 36 229546028
40 44 582875388
22 13 77903722
97 58 94465745
32 81 677635925
99 58 143954665
71 57 969686175
22 93 549193800
14 58 948429077
92 93 408405901
52 44 559484018
17 75 333610868
16 63 853577356
22 83 147766828
71 82 572322946
91 40 986748066
97 89 571159238
90 70 959737853
83 35 337997829
32 66 176177558
34 15 24629603
63 46 790260255
92 90 87603265
61 77 515263842
83 89 175970300
6 64 500465335
85 26 926704526
67 10 19887377
22 23 509750228
96 1 554673063
21 83 908457969
53 95 250522944
6 95 865263126
7 88 40539859
27 80 876650552
92 98 392638616
1 67 406798561
99 19 893688285
38 4 375781980
69 75 277487958
39 75 149158885
54 51 307689350
33 56 131148710
14 80 75994867
26 24 705387714
61 7 832867103
85 53 642800171
29 47 757334331
74 7 855926165
73 70 204786936
93 80 836749442
42 47 823241971
97 17 316894697
97 1 196051049
42 40 378503507
50 95 728029051
9 80 742880496
64 17 181778094
28 51 920763658
79 11 415807338
43 80 151655290
89 63 921093313
14 45 376667602
92 95 365773688
89 11 660871295
38 72 726150840
21 20 588199326
50 67 524280652
49 29 874363757
40 98 627926817
21 72 938169329
61 9 124771623
56 25 519066983
22 88 964975105
39 12 677621294
59 18 843568568
91 19 498980409
62 98 869490632
28 89 693589301
23 90 48607067
64 77 629900243
31 64 502561164
74 55 917305736
22 74 607547024
5 38 54078334
47 76 881770882
1 84 201905303
95 44 463565446
74 4 282834674
79 55 941183513
87 62 105714007
75 10 530505530
52 80 522721485
5 54 543482047
74 84 42500348
32 7 972459621
52 27 107478821
94 44 752475877
6 7 562328031
39 58 81776625
97 44 605819542
49 95 598513864
71 96 928522969
69 16 331155653
79 85 330145849
41 54 254371259
6 80 255484494
78 25 714848838
27 4 422200552
29 64 614051418
93 42 971161932
5 50 494009137
2 55 831861328
27 46 293697907
99 78 294237179
64 81 503324687
41 70 869086954
92 29 252101245
27 51 450242350
76 82 430922775
39 84 857347166
49 44 886449391
39 73 677182729
49 37 989119471
61 72 225904298
57 45 27850775
86 9 967062985
15 77 571609720
78 56 196846329
78 14 257562931
5 9 437848383
86 41 608928234
79 93 86065110
92 78 439749825
85 75 172793687
26 10 186710410
34 62 198710296
87 80 593239379
43 16 22750664
7 18 123094470
33 41 546702008
97 33 971211233
43 57 566173451
29 58 293247254
61 33 791831305
80 36 180352689
68 53 480457213
78 58 541284588
2 48 213553523
49 72 198079536
53 8 453171195
92 53 793479558
75 18 190024838
3 65 723474039
26 12 526971622
83 17 294762168
92 75 90053406
12 75 53570453
91 38 879376907
28 88 962781649
100 52 169573999
99 64 496827310
88 58 405232549
54 36 91877100
97 41 253119149
92 74 118483938
53 11 497216626
34 1 403869539
78 98 41189872
19 55 708317019
5 82 400543019
52 72 395036396
69 68 715589454
34 33 879973604
85 48 35369575
66 57 602471950
92 52 778865482
40 45 340787546
40 67 253470695
35 66 236792433
72 36 698643199
59 67 226824620
100 62 948733064
73 4 360945083
33 52 889339379
2 20 172526145
29 45 834433000
8 76 683516624
15 50 592069561
81 98 444207261
35 47 888277592
4 45 506720173
33 27 339479157
8 66 898867608
96 73 288799058
2 94 681559611
9 44 679622355
92 68 842255782
98 82 172184198
99 24 675365849
23 19 648352256
63 4 726825622
81 45 532099834
29 81 880934992
30 76 533849126
86 47 385926618
93 19 84866461
79 95 220244447
3 14 616578533
60 25 326663896
5 8 122257760
79 7 394829415
28 14 436950868
18 96 524130810
100 89 108252970
35 36 175314042
41 50 161590833
50 20 938196002
94 67 485553455
100 47 771469659
85 13 63023370
33 51 918769753
65 64 78493812
83 38 627933962
97 82 940919757
77 66 533327774
98 56 95105433
90 10 952234305
32 94 516977360
99 23 412590158
18 37 879046396
39 8 313997926
91 94 315651115
94 35 164694870
28 98 62267099
82 24 54106749
91 97 648895228
92 26 769448521
83 73 510687669
85 11 144758703
60 10 449468230
26 95 989954191
50 10 856891324
5 11 51601012
50 36 942618085
56 84 718695591
31 12 458945322
48 8 167214442
83 1 316110513
83 62 545824558
41 84 218824152
16 40 818959992
41 11 287457256
43 18 24034466
60 66 19007816
5 16 37513024
66 58 84223075
19 57 262430890
61 90 952581413
16 51 338493236
38 81 769922829
100 44 265426992
8 10 92484451
79 61 654092862
48 1 662000043
2 29 625008775
8 4 197104930
68 97 548544350
41 67 55952252
21 13 954658346
71 52 277798780
95 55 956141158
44 45 674761464
23 58 14117919
91 49 741263310
68 98 301207252
61 91 919928436
21 17 86619958
32 58 685139399
32 17 681911580
65 26 447198349
80 82 124859075
73 54 90360948
35 51 166599275
97 62 306780141
32 72 400663455
78 67 759099396
16 88 276445810
75 88 156218469
6 5 930095637
78 7 884455068
53 76 113967262
14 24 943933354
25 20 531320190
81 44 885041306
83 55 725932549
2 96 100908777
43 2 416726802
18 36 448077394
61 50 393864348
79 77 512367626
42 58 455137116
31 15 545592027
34 21 540082504
87 26 63788438
39 38 650504399
33 18 823307078
94 55 839328523
17 4 409466168
71 51 60111266
89 98 314889322
33 17 359639400
9 50 920507624
48 40 527055127
43 34 960919677
21 36 370517224
60 40 6274091
93 67 161994825
61 46 961588905
48 55 390566353
21 76 623651891
2 39 870844196
76 67 455652000
97 50 383264871
23 36 961137841
63 25 260421410
55 4 330367796
3 35 499631327
71 100 45924545
56 45 530158762
40 80 112200660
5 71 473406691
19 58 612423333
63 66 983210993
39 59 846679759
3 59 21546315
41 46 565182507
83 54 559394852
49 26 983705213
86 54 940669761
89 38 488815287
5 59 926223821
60 81 717334049
97 67 347801753
26 47 372560552
71 60 597745026
3 12 99240863
85 97 904962829
64 90 637798883
89 56 527312216
100 7 397737516
22 90 42977707
79 32 298634923
72 84 339760905
79 64 899858887
83 93 754227622
22 73 187120413
32 48 101064564
82 58 810182890
39 67 288190650
63 95 472584410
12 55 572883849
94 8 954501231
5 76 939965200
47 72 313238100
26 77 809324635
27 18 590451958
13 88 452318000
95 51 342369194
42 36 805062333
33 48 265555417
30 37 527487293
86 21 822819860
97 54 759216617
71 65 769032476
59 23 2124625
82 54 345860358
64 12 253724377
27 73 50246068
69 99 36790220
48 30 998165277
79 65 987299259
69 90 332240380
7 11 555708340
2 14 64574870
14 95 830924152
9 14 738439563
7 56 136691630
21 89 192355118
13 90 595659824
49 56 56944043
66 4 940959723
60 62 2735902
56 37 203560434
75 1 707291204
63 55 536257948
16 95 394358861
61 73 726600942
71 41 829425936
74 95 845899180
29 20 390048881
72 37 222010452
31 83 188353188
53 24 487253995
17 56 889437132
65 19 563998245
98 10 719093091
74 57 812865020
89 15 21896476
76 51 931238003
12 70 946868806
62 90 661612965
15 37 760759075
33 7 834697288
16 58 443139855
68 9 777298340
11 95 998589336
71 29 888435561
63 17 980121502
71 28 267443507
52 17 145549978
59 36 365164467
87 52 754739007
83 25 504346349
67 37 612706022
41 81 5137106
62 36 735093821
32 65 619366074
2 57 848119365
71 38 104355489
97 75 275093125
47 58 808129366
40 55 975156050
87 91 580861905
38 56 370633563
16 7 386305304
3 84 238826345
6 79 28068348
34 58 743307790
9 52 98809105
91 47 216406287
69 1 568730779
4 84 766214
77 84 595164696
61 48 848503674
32 12 108230528
65 83 290875197
23 96 99729294
79 98 859900664
6 52 96067361
71 67 598266702
59 15 717178432
35 56 283843754
24 10 359969763
2 27 753561269
85 73 270065716
44 36 48332190
68 3 29405127
21 27 793851765
16 81 322469047
16 94 93291818
9 35 261831436
65 36 274293906
69 14 746803119
94 38 614015652
6 86 259790407
28 80 816506459
85 8 637976416
56 46 80198658
99 44 209653988
31 66 110165378
97 37 556445060
21 62 558647017
2 1 194658872
5 14 390503233
7 20 506257845
18 56 265879950
97 36 751401807
62 94 535692195
98 47 356225853
100 37 819088202
31 71 763437032
25 24 278791083
40 75 509049649
61 30 959419403
87 18 159954070
50 18 23432364
34 53 579748122
28 96 789297615
91 28 918492351
35 76 462678676
43 3 410508342
2 35 386442715
28 19 434243139
2 36 979761625
41 40 104890212
33 96 364381918
11 75 345035955
99 8 644664688
59 66 589363818
59 90 27821219
13 10 874523064
21 40 392799886
8 84 352467476
21 52 573384377
23 89 495096629
93 73 130869829
70 54 797136688
38 20 349864505
100 46 969610543
83 46 159448176
34 17 335500261
16 96 41849174
68 10 569943068
22 89 488140279
6 37 270937700
83 26 612793494
98 20 637157661
74 1 115033893
86 80 746077878
20 51 402267408
68 62 989370393
100 54 242478798
87 8 341410064
49 13 659392723
83 42 484794274
74 71 167203968
83 95 434696120
92 59 150486193
77 58 847933531
35 58 767718926
52 18 159872254
76 25 251856133
59 77 469796504
100 65 936769138
88 51 697664107
78 45 875671580
38 58 250166888
99 60 829308298
65 39 364962890
13 47 540608632
86 93 454640813
96 10 328793412
21 48 639983110
53 80 93988137
46 45 653554369
16 12 317855032
90 24 803427888
83 50 215932163
100 48 411909158
19 36 422304068
32 56 629494820
31 69 560813904
79 83 359539138
32 97 690460530
85 2 810951061
5 39 251855070
93 37 464012079
71 35 718003287
93 84 689887779
22 91 419951717
5 2 855822404
41 75 452824755
53 65 510460426
17 51 440012018
74 38 61167193
29 66 54160725
27 1 555188552
91 70 358736481
69 95 51906080
5 84 679360788
41 10 419519640
39 54 476157214
10 84 60593707
52 14 290325667
23 37 661192795
34 28 186939145
92 8 610658987
98 58 683697890
66 25 838428933
6 4 373606841
3 39 84931696
59 95 405009257
83 12 142767646
38 50 315411362
42 11 948487812
3 49 886936147
17 90 877677596
99 42 863371154
77 44 162750218
81 96 333464325
78 77 55896363
83 44 689114575
27 17 926514497
86 20 509621349
3 96 52502832
28 82 608013431
17 57 338355710
68 73 645147625
6 32 257122531
62 11 795310873
32 70 951998649
71 23 151010957
35 4 745749733
91 65 973376440
52 56 394972
14 18 994011426
5 45 342715144
19 47 807059681
47 37 439947661
73 95 680723214
9 26 503226548
46 1 94926199
21 81 791721428
78 19 136093521
42 41 461275295
41 66 69070820
21 70 622328409
87 33 724312301
61 67 849208281
22 15 857778463
60 95 742255354
33 36 51688095
48 58 123997827
75 4 297707936
57 58 775381669
61 1 420249447
29 42 94120173
19 76 845956521
97 52 569405014
80 54 864526358
79 67 274588810
68 51 876487065
62 37 763082492
79 48 409891413
49 35 379910059
7 82 627924871
34 96 68579556
99 45 28286269
69 32 675216252
28 77 292416810
43 88 626558964
42 84 924773040
33 50 471971379
32 83 928218736
92 62 454964097
25 10 841063078
99 37 729216170
20 10 94665168
54 24 816871021
74 30 27572617
53 44 174941926
49 10 139282433
85 14 847077531
79 25 279250266
2 63 79088664
31 46 892076097
69 93 184666586
68 24 346206771
65 57 591822483
21 25 267986288
71 45 752973482
75 46 957986870
60 20 6844960
92 35 586739315
43 52 199564973
91 66 55585283
6 62 640070071
81 18 787888792
74 65 272736599
92 51 592916927
86 2 44089335
43 62 694717984
79 81 262293202
31 96 374777962
47 44 637720531
31 90 808962591
43 23 955565369
26 73 615662856
99 5 330385144
26 70 307241574
86 46 847065551
28 15 884040352
91 54 147526147
57 67 441302099
34 47 797577597
34 2 279794067
97 39 539021875
33 26 624846418
33 23 738281567
29 83 287823037
5 63 634456302
80 84 286792708
65 89 93918871
9 23 364378035
8 30 548102045
61 87 721267731
31 7 975597113
47 75 422434197
48 18 395800477
78 70 487113025
93 14 830950438
94 45 327061958
86 68 798944849
87 58 969070575
83 36 902555323
87 75 259068706
29 24 4154512
15 90 896776696
91 20 704642407
43 70 366062189
61 86 232099060
13 70 269101
20 70 950652057
2 23 130338355
68 56 94597811
22 75 787166693
52 35 201001024
52 81 923983019
7 80 188573808
38 80 842083055
6 78 901390285
81 88 428422370
34 18 764181135
22 48 737275826
53 9 751364808
64 27 970831893
74 60 776287074
95 67 196559904
7 54 619371807
26 8 374983662
21 96 138930402
100 10 199355036
42 72 583433184
65 90 155329631
32 19 216693892
91 67 99288958
53 82 47955672
49 88 36673352
5 88 350250334
59 27 80160710
93 16 645121870
29 72 564813049
31 34 369682047
98 66 843005345
9 56 235732116
47 73 938776232
62 81 368237075
48 4 386711104
17 58 581513660
48 44 606728278
92 7 504331888
83 98 629671414
78 13 8293908
9 45 575009978
90 57 859522853
92 48 906656748
100 17 151976048
30 25 414720577
5 95 449362133
8 72 887024520
31 29 773796503
85 34 398393021
32 37 347763844
13 25 925448593
14 54 102509509
40 73 208886283
19 1 181069458
78 15 920845785
23 77 534102332
89 82 790474644
8 51 557963964
49 73 409728671
13 54 544719650
60 21 599380382
9 62 376389372
100 81 681224000
47 67 381793413
87 40 916298851
78 40 322177569
50 44 988554864
35 90 124369832
69 4 834739251
87 53 561950863
29 37 298390687
16 82 615269277
6 35 828004153
23 66 901280969
60 63 848215573
87 16 337629630
69 27 510018496
35 73 845272016
77 20 241524180
40 36 591520379
59 40 850302646
53 94 677736298
19 82 90659416
22 87 926065710
72 25 621815197
92 60 83017135
93 8 904692314
32 82 527971650
69 87 294490703
93 88 229797350
41 45 207587582
61 20 465913669
6 92 111446461
22 71 507139459
99 20 560171520
51 84 829753176
40 90 639461695
21 73 391854556
49 33 695739967
5 43 55023899
5 29 252888519
72 80 665561474
11 46 287860063
33 55 953003096
91 84 882311010
59 63 145566598
63 77 980128080
97 90 301704729
79 14 675420369
2 47 152586419
66 10 991444728
9 51 349228669
2 82 50102754
68 71 638918439
12 76 985352503
22 51 211383704
19 30 329867162
7 38 197276448
1 36 299678821
69 42 776681014
28 56 309853046
11 55 314845836
2 66 667854161
75 56 572890489
97 10 719240035
52 13 274088020
91 52 80762971
89 58 995909314
22 63 718108376
48 51 599701925
69 63 807591182
41 98 608007294
40 72 311661317
71 97 688732856
17 37 929375061
86 4 455975397
26 51 653146376
75 57 167467165
86 75 1632324
63 36 610041652
48 90 858850173
5 35 688007176
91 75 708207003
34 13 32253592
43 78 395000612
16 45 467109650
70 37 669517915
69 7 892182368
21 55 613102384
7 81 94162775
74 34 711618722
3 45 894917692
97 94 356313751
61 60 782197675
53 33 871882928
92 58 644906874
98 75 454043304
14 25 902490826
70 82 721964288
39 37 814948331
81 82 963811200
13 17 103233726
79 68 567212986
60 13 831827497
26 76 671482489
65 37 315578072
100 39 390208959
68 60 762018667
8 58 374537605
71 77 655678315
6 93 323996856
73 20 275373789
79 57 751955212
68 38 333469235
50 57 145987425
28 17 349947868
97 88 974705701
61 13 756426922
33 21 124553810
73 84 209267664
100 82 376077017
9 95 944073181
64 4 458291093
79 53 500927087
23 80 39881575
32 9 4699107
91 57 846036021
100 26 60936053
7 36 879479605
52 76 33655642
48 26 763525097
83 84 851376798
79 17 349384261
62 63 207225918
22 78 400025949
59 84 65540998
91 95 35512239
43 96 216659926
74 44 563408929
99 100 198175562
68 65 560441301
49 66 501569697
52 75 727760803
25 82 377670070
69 24 794867233
92 86 469871279
63 90 292088990
61 27 368001361
41 27 136811620
60 18 138234975
81 10 100458394
86 51 451525597
26 54 621858934
8 67 814963052
97 12 167115649
25 36 117206605
71 91 95967280
61 58 222708424
45 84 938202210
100 38 472348648
28 27 677784452
92 39 98731093
13 56 473008129
92 27 717412094
29 63 253268934
22 53 161859990
86 87 532717231
92 63 625803060
6 11 905844665
33 42 31846429
69 5 505284654
29 9 716694195
86 57 894149049
42 95 801037987
13 12 364568159
99 96 432577797
53 18 177427904
53 90 551816817
98 46 952914979
34 63 871503504
44 37 139715856
13 50 912698718
78 66 670042410
2 58 828808137
78 100 665595373
53 4 208613535
3 7 514186746
63 15 831103961
30 12 962235768
21 8 221837785
32 35 80474108
74 78 643807068
6 58 786008105
87 48 730743767
61 80 635202505
16 19 276560922
85 84 330425902
71 73 748689623
29 54 255877299
63 98 305402601
60 33 290785653
78 50 821115750
34 84 797458292
63 67 979849807
64 45 70800006
60 29 748719950
94 41 602942276
32 100 66727132
32 36 474255173
26 27 620887294
59 57 916723311
73 67 652336869
65 62 308385916
42 80 55817318
74 77 155993673
79 94 678824625
2 4 168248887
33 82 502527857
12 58 796961427
89 35 731972680
49 47 96181347
31 3 764027870
23 70 107614651
59 96 947037858
85 86 694560680
49 63 125009112
39 11 159493331
91 45 673600377
61 39 316395949
59 1 72279093
49 59 422940085
94 98 414240838
47 25 620978197
50 98 949523514
86 49 663551078
55 24 805553386
16 30 755026434
53 73 789938393
71 46 909595853
86 76 810290526
7 98 686328060
81 36 23118362
83 77 876138033
64 62 692434234
50 45 754623730
66 84 301172126
32 60 940172
29 56 646963498
39 15 701768938
96 58 94903160
13 35 420889824
85 100 78205059
5 47 925083507
6 14 550102261
13 72 499997550
6 73 281825374
85 65 590268455
40 70 23401140
86 72 871521168
93 30 811907663
99 75 317990410
46 44 265083164
89 12 849133612
16 1 952735840
52 57 949280805
57 10 558683177
98 67 879485375
32 18 387352982
56 67 379060291
9 73 773180927
49 11 589056371
7 1 697851887
21 84 537801296
53 84 539717927
21 58 91292507
56 95 912344290
50 81 635617851
42 73 275847525
85 50 319244797
30 72 758879094
47 57 447549838
36 84 53637568
44 67 183169384
99 71 878624753
49 51 438588121
43 72 795375956
91 36 860461544
18 58 54926070
60 49 284941364
39 45 643076323
29 11 811438776
94 4 217407083
21 80 923160577
86 90 478584958
34 27 546937470
12 54 801351874
29 98 116507242
16 17 61712122
65 44 359401659
31 26 804877553
8 15 730667155
22 25 801299083
22 72 482416825
64 51 17678679
72 54 877310002
34 41 730433749
33 67 811336982
74 41 742381993
11 84 32335
96 46 702709123
92 21 467487690
97 40 465297657
64 89 954613711
81 73 473906170
32 30 77604904
66 55 253332009
35 98 469610575
76 56 890802942
63 19 602078886
72 73 826009428
15 12 528000301
97 65 551791913
76 18 749565872
97 18 64075143
64 56 513404552
48 13 913504284
35 1 784516961
96 55 351768239
92 54 19624117
62 47 377517137
52 10 212884667
43 82 476510852
77 72 781564744
97 26 904398558
62 15 457491453
47 54 437378879
34 44 103148522
87 83 948330706
31 55 809553482
39 98 235400436
71 27 874290673
25 67 368995516
60 83 17413679
76 11 448923879
87 90 290879349
86 74 439084664
2 75 829192514
5 89 276499220
77 11 83781557
67 84 511730068
6 87 605740259
79 27 757917501
96 44 409291671
27 44 89556020
99 17 790087481
43 94 973350776
71 18 18395132
50 40 876770439
9 42 386354126
100 90 315356447
23 46 464242891
77 10 187634455
100 8 761856853
87 25 718452741
54 37 489654889
53 10 745009185
85 30 637099795
19 81 48465165
43 83 366738515
21 41 885879296
100 19 110175966
38 77 110006397
78 49 621137693
13 77 940051141
6 42 843509724
85 3 529518985
41 18 906062263
38 46 128804276
86 38 87137442
33 1 219361502
40 51 777890953
94 77 857682752
65 7 271324078
34 23 545362700
75 84 160232707
34 65 545557585
61 66 571299898
38 57 624748821
18 55 800885336
62 8 658434963
43 40 172365233
22 19 375507095
76 75 361052545
65 67 293160097
62 88 10577702
19 54 322258011
5 56 374413230
9 93 558048745
89 73 6743637
83 57 995939933
88 67 635570230
46 37 593607413
39 51 628684852
17 45 72245884
23 73 616917671
61 49 975510236
97 93 878630921
6 75 106496046
34 88 872662488
72 51 181797502
42 94 967632869
3 30 590172586
30 90 204007192
13 36 427698762
83 23 573408119
78 3 978420042
33 66 268110466
100 51 169235075
79 22 74484116
12 84 166120115
34 93 412642800
43 49 810912469
48 47 852733586
43 47 654395991
42 8 454722836
61 11 835800298
43 58 893343056
7 84 718944010
22 44 238944031
6 56 684741948
16 70 175484988
69 79 889637985
12 88 406337058
78 44 706329882
28 13 239970844
99 63 89631062
50 17 39464628
59 11 855470781
94 30 985079886
16 84 854011291
34 51 478237172
19 46 857339584
31 1 901730576
85 17 626429642
31 11 603639039
32 50 268024630
100 35 490943378
62 52 552699633
74 90 25816164
79 3 597862425
87 65 644946233
66 96 702808774
78 11 913130718
77 95 509014872
59 55 467049591
6 1 724995615
16 98 646369238
65 81 403512147
6 72 251598838
33 54 752325190
61 63 940899072
68 96 365401033
42 51 425844142
71 25 108930388
42 26 582098288
98 72 532601369
60 37 516148850
41 1 638742060
14 38 639873277
3 42 980382790
30 84 154212484
53 64 871534835
91 72 143720237
3 19 318688011
2 100 629784416
9 75 982653275
52 15 87191901
99 87 689421620
69 26 389256648
63 38 572932533
49 83 254588463
89 44 533877372
31 89 297175843
61 88 789552018
58 67 507024462
60 26 527774167
3 72 589917917
56 88 469334712
82 45 77432822
7 41 249758472
86 14 441190542
6 3 939293493
78 33 246086560
53 27 558178853
31 87 765169494
60 56 898875434
49 30 53681664
6 67 867886085
17 11 414162549
12 96 358491610
16 80 912765462
39 26 698649232
79 1 353246166
3 90 140687970
83 18 108670543
93 13 457317551
61 52 953963218
30 80 244318493
2 65 319069135
99 62 312064396
85 54 688612612
98 11 789422514
62 24 442481479
53 39 615323978
6 22 219831576
78 17 149619831
16 10 876581014
26 35 998861541
29 7 108025504
6 77 406067582
78 34 655472424
21 29 977268201
31 75 299865996
64 38 689224079
85 15 842184960
29 36 51834717
43 39 517425491
9 46 172291830
5 60 478726807
43 29 682281564
8 40 594099734
93 4 203958301
53 45 497613221
79 100 798875731
53 20 743651322
69 57 992118460
60 12 299053898
5 13 603267497
5 10 204254491
25 58 243795932
38 15 918099684
18 51 845360806
11 45 173572965
28 84 74896189
3 82 530526895
43 90 992200027
70 58 273046100
74 88 134842175
65 70 886120797
92 67 541768423
16 77 126894225
19 67 19408016
27 47 612134523
9 24 942140645
30 96 392195559
68 12 498741264
96 24 517731486
14 84 143648022
16 14 223169028
83 20 741642393
5 36 146828621
20 44 894212223
48 62 27492990
42 67 650470065
76 4 132442155
40 82 509014286
14 13 242456352
6 9 392867714
92 22 470408862
91 37 649642190
58 10 134992799
28 42 717961073
89 20 706788845
28 8 748075732
34 37 48913153
6 66 212214500
59 35 460354383
71 70 398372772
49 52 151450160
97 98 166120700
71 94 20669805
89 76 971215392
2 52 15531764
71 34 750848960
83 37 955698991
6 13 601493883
13 45 373557786
26 81 463746568
43 65 303336503
51 10 371768386
6 51 698035663
99 33 251576996
89 1 83965931
85 27 651712243
65 93 601834070
38 84 523010424
12 24 839279378
9 94 796562423
40 1 670315993
74 11 842951711
41 44 523445668
86 40 73923611
7 72 512733393
22 8 603212811
27 37 912766952
87 2 753962464
34 82 756404575
92 16 99682597
91 13 665256997
60 15 760764629
86 45 225682622
59 20 82913691
52 63 195052402
89 17 616545587
49 24 125992459
72 10 7275705
42 35 329598442
5 77 492465303
16 73 465092033
78 4 503119528
87 30 148858996
86 48 778260293
31 30 713799070
79 66 466318411
79 15 459431020
39 46 765357734
23 81 322356361
49 96 861091991
47 56 18840049
19 73 223490096
48 25 344265279
74 27 629247551
86 95 422398481
47 36 686198256
56 70 614803755
3 46 944725287
98 84 212095233
23 63 879548099
53 88 337254924
9 58 389971647
31 32 983392365
6 12 407048704
73 1 656503478
39 56 560566953
87 51 701451086
100 15 785098646
49 36 234865730
68 77 613062311
16 72 445340541
95 4 385396997
83 58 728398947
79 42 249368402
2 59 317421114
74 80 57252697
60 48 671372632
100 59 914593715
63 81 60332114
56 73 689829822
68 89 664232788
79 10 686470703
64 75 416755439
49 76 574462649
100 56 940734682
83 16 512429555
91 89 79022786
68 81 357454169
7 37 493462571
34 40 639492676
34 42 260850519
33 35 820873726
78 37 42804393
63 24 257476825
74 16 219951759
78 51 230767453
19 18 157012943
52 98 681851520
100 98 201546856
35 19 563946794
22 66 445126308
5 7 109815337
44 54 366134383
71 50 644097147
99 84 530863931
35 81 172687105
93 82 207071953
5 78 874929090
53 67 436215106
26 57 961879378
43 67 810078402
60 54 902434123
30 55 800675788
61 78 111341698
64 67 209865274
87 34 911675085
71 48 37981569
68 59 716381676
17 54 907176398
34 50 342840505
89 41 30914846
79 36 399341601
6 16 108719450
41 90 344101643
74 62 329850071
21 42 2524395
81 30 407258610
8 81 416377531
14 1 698788498
83 27 411931945
52 4 826408151
29 77 75920935
40 25 582315978
16 44 501444600
98 30 611126575
99 29 910525900
2 95 612982451
3 54 794900738
5 22 322901700
34 10 864537116
12 73 733955426
49 62 976126136
99 81 954012582
49 42 610539465
96 70 85791889
99 21 474351044
34 80 400629244
16 46 105114501
80 55 978522259
41 36 6074366
34 36 445004200
17 55 623959684
20 67 541610458
49 94 995502893
31 79 878234477
39 36 26882741
40 4 935596736
94 40 598036104
39 16 988332237
85 87 436426707
65 50 760473447
11 70 621311436
86 98 328052723
3 73 797163512
79 59 971551471
9 20 346964384
91 14 36857288
97 70 847217892
91 63 573088701
60 93 475721268
91 29 831662025
35 82 404624199
100 80 108168618
63 76 429267584
21 46 407265980
83 13 899741724
48 41 637189342
65 66 838196921
40 20 478058029
41 4 524071827
87 59 944942564
93 70 464259541
42 98 872395904
71 64 260522809
57 51 783616351
38 10 833023572
93 1 729592576
95 37 51486637
29 27 505811461
22 37 833907128
15 57 817123115
72 45 413497246
2 93 965884052
60 98 373532790
67 24 685772074
23 1 168911056
3 41 983103112
71 1 698539996
68 55 717228563
59 48 582015411
3 18 425499760
79 2 114258039
92 61 359074802
100 23 742617113
94 56 637649998
69 15 438491081
80 95 505305232
64 98 786162072
1 44 752770879
50 27 364437480
59 75 842423531
12 37 837535538
91 27 112220548
83 45 356198140
22 64 95160036
23 16 548357949
85 67 206163039
74 89 266932833
34 98 654996939
89 80 461282768
13 27 224132487
89 81 613627080
76 36 648656007
65 41 403248112
97 23 59480929
98 90 880311965
31 22 11536448
82 37 156332480
86 66 176000824
31 81 873205949
3 21 475500128
38 67 795170608
89 67 859986519
6 84 297453199
30 11 663368382
68 74 293189512
85 74 598020527
31 45 245900758
29 25 801985483
14 41 227553315
64 58 515780633
69 77 186791517
61 14 383123814
98 88 802253661
80 46 31466237
31 51 189071323
22 67 942988226
69 56 989256183
49 50 868011391
100 76 118161757
17 82 571481743
40 37 493932119
35 20 128539080
89 8 60046092
90 18 306594257
38 37 950773061
76 73 970237411
81 17 852386822
69 88 554975828
99 7 146589789
2 16 770540478
53 21 418040597
21 38 237604294
92 80 306188115
90 75 338402176
17 10 970377896
99 72 324829682
100 11 312175279
34 12 468334201
71 10 625056862
39 80 899040324
27 67 389245485
31 43 520338021
19 25 319054818
32 27 613003615
94 72 751375620
18 44 335282537
81 56 703158600
64 37 232517500
83 76 574456882
69 70 445770367
49 17 779876373
81 67 17469216
9 54 573116308
26 37 65676622
32 63 492722395
5 40 638723403
94 82 507275553
59 62 861958677
92 20 108659967
79 91 758053446
9 11 21523045
35 17 306786192
19 8 857387850
3 28 864475342
87 38 230465532
69 12 707232333
30 20 575477158
52 70 651691434
28 30 897105896
32 4 417196077
99 41 632239328
48 72 945244732
27 10 155131571
29 76 493676568
68 28 591137787
55 54 974598823
27 20 619324193
35 75 72934207
69 92 437340391
48 20 840456317
99 32 362016037
28 1 792686839
31 70 268708105
82 67 573144371
76 96 42643473
61 24 95082359
29 38 654072500
89 84 945994299
9 15 296993381
39 66 195758695
23 75 464948279
93 90 894677767
22 10 867586711
89 88 236253251
2 97 504333907
62 16 542010141
60 14 275529145
74 2 850614347
85 81 43870761
60 7 696028710
99 15 17217391
78 91 635896644
34 64 238124811
93 57 928254112
65 95 254100433
63 70 840573768
78 95 452668997
91 21 85614828
33 70 729136847
9 88 158617390
14 26 302736609
65 45 307473918
51 36 96413888
34 39 976971954
69 18 746148007
87 84 700615534
17 67 817808346
74 59 165691537
34 8 333781591
41 88 454003014
2 88 384705951
87 97 562030241
47 30 603656831
73 36 325225621
42 7 334175129
33 14 860167393
32 74 492982466
6 45 186548491
16 13 303277146
62 35 590492945
27 11 198414295
97 73 785869536
87 88 633222509
81 54 577166727
78 97 201611932
92 72 574390402
62 55 298198643
68 11 737071603
27 56 960318917
91 18 169392680
30 17 880401422
43 36 62005639
87 10 530324470
59 7 804018589
91 62 843150565
83 24 575754807
20 95 999434098
2 10 69277285
56 10 419849342
32 78 214272243
71 58 741394313
50 12 170029422
43 8 329946136
69 22 122469531
34 57 590794847
59 16 492280146
49 89 23921530
32 8 862677502
86 43 45139886
26 98 981623972
94 17 426992133
99 2 255972306
65 75 884252288
69 89 34180137
39 96 3047303
56 1 617398066
48 94 212642224
26 36 925822352
90 4 684756187
91 12 248651470
34 72 956129910
39 42 199216591
2 89 825071250
22 76 157050561
8 12 685612251
50 90 107852666
31 48 213335787
98 80 945055001
92 24 934213398
69 82 868585689
43 17 354261480
15 24 632089023
85 4 914628905
50 56 950200847
71 93 292463742
34 20 564481018
78 10 843648212
69 96 331345049
85 9 58499452
93 10 792798715
69 52 799825322
15 40 367899999
69 21 607392292
19 50 455776365
60 75 183746096
85 72 602161917
33 16 914020686
60 51 941590287
1 95 715443232
78 82 440203190
59 50 501950980
13 96 564978090
60 17 360558806
34 83 454700933
23 45 663555640
27 54 926997592
60 73 481410605
3 64 954699749
21 66 259517347
66 82 322531576
6 28 246831500
99 3 91953958
92 94 885596406
39 52 482371298
79 73 158745746
78 39 93270862
74 33 543660089
79 40 120529491
85 66 419828076
53 25 52494476
91 83 849091363
43 42 236401423
15 1 560924930
33 45 928215995
29 10 828760816
13 75 596398384
61 5 232999054
43 50 698578455
92 34 675900400
81 84 437417910
95 84 369275474
42 44 132818053
76 10 351557752
99 12 387832517
47 82 936208727
30 1 570972847
23 40 363741242
14 90 120066760
76 54 840570489
85 95 38919772
96 45 204005313
92 84 66945519
78 90 54354766
53 36 571123284
85 32 518037032
14 88 185983243
39 25 393468870
7 4 678002104
74 54 303732444
49 1 859979558
32 42 85868541
87 50 178826972
79 38 458624966
13 24 100862867
81 70 780635312
93 15 526408533
62 77 440395393
28 33 126851162
34 59 599237089
100 9 105026469
97 4 665966870
62 17 31580724
68 20 35709471
65 42 401527002
3 38 872340155
60 8 848601479
69 17 333418234
53 66 801507239
43 21 844554572
53 15 280785945
26 17 392002588
6 76 338643914
31 78 799167724
6 17 529895837
62 51 915060810
81 90 519458687
99 34 49632268
32 23 695766185
93 17 791515606
21 11 287705900
22 56 589386622
3 24 348141098
62 73 561869241
28 59 942748415
8 54 914693744
100 66 834507714
53 40 159835168
35 57 402127378
14 82 307961892
11 51 986604519
43 100 400187782
77 45 899196272
41 17 548691216
38 45 976980065
75 58 460161943
90 45 423965654
74 72 112429172
8 56 529267996
78 57 106764942
21 93 991158069
8 96 522141048
60 52 785422130
100 50 197965347
79 88 590687472
16 55 937056294
55 58 57908820
85 78 624236704
69 84 471039862
65 38 30711382
7 24 592184101
16 36 201077734
70 84 146583833
92 33 524080223
79 76 205935672
7 17 590697834
38 27 823434547
35 67 67966412
65 30 572525559
64 47 988538581
100 45 868579512
30 56 273173715
65 55 600584479
38 70 204720950
14 15 686969550
94 15 88438543
76 90 175881984
94 11 124954036
5 23 984377363
93 24 369357676
61 45 210406768
48 76 2383802
89 66 759526980
99 57 132527724
6 20 500070888
81 12 755963905
69 47 505381998
64 88 246672835
6 89 707734901
64 72 787244319
99 90 125030110
70 88 263548893
52 41 326171399
92 3 549711359
69 86 436906828
31 35 134523542
78 60 74214892
79 84 425551594
79 43 199713230
78 59 593743837
50 46 288028198
15 45 873867186
93 38 190450152
7 10 743067560
63 80 30820752
95 24 750348809
34 24 466865852
59 54 439030797
90 96 186961072
57 88 674331532
2 13 124490797
87 24 229279351
73 37 36060254
63 40 355315872
77 24 513208904
71 75 44090812
75 95 834366819
9 38 567332834
60 64 81341833
5 65 328734671
64 1 765402095
78 75 698767288
64 80 922301548
71 26 492649087
22 98 402189938
28 21 705329325
42 46 393074677
86 58 718777577
31 13 591363214
72 1 434880837
74 25 691376118
21 90 71414553
49 45 383837286
52 88 950297168
85 5 118401688
40 54 242221746
69 55 950032185
48 56 663578334
77 30 264656741
69 48 623335100
38 96 975457654
39 18 705874268
100 13 613417009
31 6 72854939
21 98 138892451
99 73 83072170
61 64 49924461
81 20 845350341
53 59 743901589
85 36 211372122
92 96 522741845
77 98 771095040
92 85 298263030
33 30 261597161
92 56 438518524
70 51 501285619
53 12 635370608
34 52 902421695
62 56 572582364
12 67 599171734
74 42 737447529
92 38 214877188
81 51 535854419
2 15 787874157
28 29 599870040
64 48 839824033
57 82 697616964
74 21 434927626
9 48 220998738
16 90 862829578
82 51 802927377
68 27 333797829
33 4 407322993
9 1 631543282
27 90 702089680
86 35 197177772
14 8 603795699
48 95 289516475
49 65 976603925
39 30 95161278
65 52 175045193
87 14 830619435
74 51 178185515
23 25 579389807
11 4 192275589
68 33 150604567
29 26 144609458
65 27 387383625
97 11 648063404
79 33 54091178
21 4 327083181
89 75 493162499
63 96 919538899
53 14 859553806
85 88 814845820
92 70 125821168
70 55 242400076
33 37 940478005
7 40 590062138
86 7 796248089
100 93 292289065
86 27 750923611
91 93 802466316
34 14 317767945
68 49 965310879
86 100 674003629
9 82 158167496
85 47 681306592
26 72 486756997
42 77 813524269
87 23 885941187
29 55 571672093
31 95 410448784
30 24 883135679
62 72 891210169
48 77 840554484
44 55 669312265
91 56 384760020
33 25 726430068
17 70 525439711
29 93 373054108
60 58 980521822
85 51 840836881
29 13 563940257
78 46 554641139
71 16 168814251
26 84 430811158
6 2 986017231
86 97 508530097
76 66 261609118
82 84 77656503
12 66 436495165
61 53 569987839
61 19 426221952
21 95 796350295
15 66 295282657
23 76 507666836
8 70 867552140
15 25 384748568
71 47 857113777
61 36 819111342
1 58 279730787
43 81 48043758
22 33 257850293
53 62 823029798
65 8 813501020
17 44 989077897
65 46 518390281
87 64 311708661
35 96 453748483
20 36 509198218
40 57 846737940
33 40 662076882
32 51 886727056
43 14 426226568
68 2 408746608
95 82 582138044
94 84 124818236
62 30 409334736
49 14 392559405
68 50 113416215
15 18 426911731
86 12 870897527
79 51 430648762
61 44 989357703
18 80 865634780
32 84 159210849
12 44 613672364
74 26 926266682
59 51 955441632
98 96 846567886
6 27 606416525
50 11 515704067
2 50 709400325
6 98 729813577
70 36 261741580
17 1 368916534
12 25 350838507
80 44 44286644
85 57 976084018
13 95 121982492
60 77 725030083
49 77 618088082
96 88 58729129
89 37 647830091
72 75 344196106
91 41 900765276
79 41 857588562
25 84 759465043
34 70 299159770
15 56 502259320
92 46 773700258
77 76 80434745
25 54 636796508
79 92 42525670
78 72 59964292
62 20 183484556
61 76 943501010
34 7 122391278
13 84 46789624
46 84 667100731
14 44 714557453
5 91 340564731
80 24 695507591
97 45 827044752
33 13 138531163
79 71 453311102
50 73 475461764
22 81 770707268
79 26 536394102
82 55 683874529
43 33 819024072
32 88 99736189
41 38 46388293
29 19 584422320
5 19 850813460
13 55 645784893
1 51 718508717
71 66 762224001
6 38 344320403
81 95 922712793
17 36 493108311
11 54 813167462
63 37 38715991
47 46 625790807
41 47 118768441
65 11 869964698
86 64 492849054
81 58 515900383
23 44 154987311
75 36 700423652
91 73 139029291
9 76 496549639
27 88 308687841
57 20 106777312
97 55 30270792
61 89 501201915
49 39 209159069
59 89 248129085
98 1 38028470
59 4 15720695
28 18 609820605
28 7 95120092
76 80 658594731
6 53 764048620
41 77 39495347
77 80 520714626
34 45 767010048
60 80 378864692
94 47 159761647
41 57 177179187
18 67 924372387
100 18 623908746
93 27 879045074
26 11 181503728
32 95 357791444
68 39 323690761
38 11 354302900
92 10 86975448
67 36 523092074
60 72 813293258
97 63 707757528
27 12 905726613
29 4 697267494
98 70 989007793
74 15 403491812
68 54 598113385
78 21 514732981
23 38 163666952
49 64 431074473
16 66 769983376
90 37 521462709
44 58 486538043
43 44 240848120
14 98 192107099
89 4 431521049
42 25 754908604
5 24 348485550
61 8 342787754
35 12 644326538
61 51 134217699
74 56 15454610
87 27 923782418
16 57 930134123
34 30 210694238
21 37 940471269
47 20 584151003
11 24 14933016
32 40 965715022
8 50 281087505
3 93 632373671
72 66 602717325
49 58 731290513
48 36 723892751
81 46 342579442
31 77 100497311
2 24 490723233
92 57 278408702
85 20 23923584
33 19 35712008
62 82 242576930
69 13 878725404
43 12 746653723
49 27 979779792
91 8 382490407
100 67 907251115
99 61 606399677
71 37 131842037
78 81 892457265
93 52 896987356
86 70 513507698
59 8 587999865
48 63 294373667
12 46 482738529
34 81 807305338
74 18 631913109
69 97 817296738
21 7 247041143
61 40 244431756
6 41 997199362
74 36 700135001
6 25 387971516
76 37 467071568
42 96 112174760
5 83 382321430
31 27 260598167
94 90 928259233
53 51 323993594
77 81 235768725
98 25 827872789
41 76 588037128
22 84 172041912
96 80 275404010
43 20 342813445
53 96 997064423
74 50 219190327
100 84 559770566
91 30 417428135
91 25 675033655
52 45 353541485
91 55 918981781
91 11 613590580
32 46 798212957
94 20 519389069
65 84 795258032
43 46 169225532
77 46 210418270
75 66 448427919
86 96 681117512
93 36 308507967
48 37 445451843
57 84 946428644
9 47 63520041
3 48 919206546
52 40 607636114
21 35 877877411
64 50 200979807
71 98 936697195
99 9 800294882
31 10 171289410
62 70 681925470
58 37 688255336
69 37 979018401
28 52 572147423
31 88 856069244
2 84 25104045
59 76 16606527
68 35 180110918
11 57 194274024
17 24 33016785
33 77 412962170
26 25 868608813
85 24 50216964
87 39 343065584
29 59 302913820
65 59 112251344
59 64 908953605
61 3 855159823
60 41 937238594
86 53 867738692
91 59 207554894
22 12 594344484
65 80 84526874
85 28 134645904
48 19 263710904
22 100 519129307
64 57 966686970
74 12 130383992
53 70 984665964
87 4 318138744
56 44 17114286
44 84 350931037
86 30 498721874
5 15 489697576
60 19 917750150
96 36 236348823
38 30 140552935
1 55 759407828
60 23 765960642
79 50 908996363
68 17 253922730
99 70 832788005
33 46 511151610
14 10 801519027
87 42 473407334
69 59 956227970
3 89 607029645
59 19 204279910
7 47 813978453
99 74 279469245
11 58 100631331
4 51 582033370
85 82 147043539
42 13 186149205
29 96 590808944
74 97 203981961
62 26 818678858
9 30 505269097
41 12 999611381
24 51 175441634
3 4 55056212
35 88 401323476
81 80 908683037
18 45 175070933
94 46 487349999
9 16 180084444
7 96 215168650
72 17 125624510
85 71 543041967
76 70 917718771
88 4 656098442
9 63 12990133
92 37 316599486
2 18 602624791
97 59 27105458
80 58 166790795
62 80 416051643
90 46 918414823
69 43 280924954
1 4 87961039
73 46 771729822
26 75 658392403
38 25 543821712
71 40 744659142
88 55 996360522
53 38 427465750
5 51 505210988
42 56 751083334
35 95 636201959
33 84 818231071
100 16 956298838
8 45 274055943
79 39 851628364
8 98 369402624
48 98 25901896
74 81 497736108
87 9 813091771
90 66 873616365
56 24 960924609
53 89 880930018
27 70 252372865
40 18 647271832
74 23 288050706
5 3 888223693
43 41 563059715
20 55 915742662
53 28 236174125
64 55 769371134
69 66 899161929
16 76 13360409
97 29 927252157
3 62 637924954
59 41 894175218
53 75 454245530
68 78 412968062
8 17 812192862
12 82 407172642
39 29 908188611
62 75 183845419
31 5 877610932
99 53 67057804
88 54 359905846
98 73 980285519
97 56 434401478
32 52 101095635
20 54 482217558
85 77 519644265
18 10 910452132
68 14 220826576
6 15 355065347
6 23 949108823
74 75 803939327
99 51 278244483
91 9 91268209
93 63 283494168
83 63 134543914
27 55 771384650
33 10 985352992
68 8 845995718
71 21 207539901
5 44 777195893
2 42 24127394
87 29 109498729
68 91 506369400
60 89 757180578
33 73 727212202
43 76 513563872
14 30 647224815
96 57 878005448
19 4 958327651
61 57 576375429
71 59 55460934
92 83 471019976
64 35 124328271
53 16 182492713
68 1 913701259
71 24 383542175
63 54 366648781
69 49 128507986
3 67 814683684
41 51 879541491
61 83 586283368
16 67 972419660
55 10 845293015
33 98 122721525
55 45 724201818
22 82 538663600
90 88 379191719
65 40 459024088
38 98 988046208
40 24 524018477
9 37 890027257
53 1 977664480
27 82 277157799
87 49 770571437
78 96 251744416
16 52 503285018
100 21 561897954
22 94 898987789
13 8 345560490
81 24 221001534
19 88 703535021
16 27 919926935
68 88 385950702
79 97 874903141
23 11 763564914
61 26 85090969
12 80 943787690
83 80 398254168
85 35 644907928
31 28 992203671
17 80 231707852
49 20 534530685
56 54 578417744
82 36 48290718
14 17 16941787
16 26 910842813
5 52 860747820
97 76 237649421
29 48 909134347
31 19 609091042
60 88 706409442
41 95 196093271
22 77 281416393
15 72 953460842
53 42 16242209
7 27 881085476
31 37 464877647
17 73 450650403
93 7 236756792
70 45 464194664
22 68 129222548
34 4 928512762
63 73 127124922
26 50 110503423
34 48 710927089
89 55 536538456
35 15 919824875
78 18 651392729
43 91 635597526
71 49 805179087
83 7 643370787
2 8 741100287
42 24 690840856
43 60 774793980
31 86 596752447
68 63 615984342
99 65 795608761
19 84 447036130
2 19 119051794
43 11 218909633
52 24 700623026
25 45 627031985
87 67 802372642
77 36 118930720
31 16 194826759
81 66 689493494
62 66 767097038
85 96 470920239
85 93 226293571
78 28 819088183
98 17 943248558
87 81 853077750
65 58 674175450
5 17 998967109
72 96 194973954
99 25 224596867
87 11 558329515
77 82 361408297
63 8 346567444
3 55 670126293
99 94 190132989
39 82 377218781
65 15 77760654
78 42 310262290
42 52 606860077
99 55 192094225
3 51 349426348
52 30 933235524
90 95 450918736
2 91 44750134
52 67 681447921
41 63 502543779
64 11 277172864
92 82 299329195
49 16 330216528
74 94 165458877
75 24 627601268
32 41 857622711
40 58 558653376
27 98 23590878
89 36 743318041
94 76 511651710
7 8 263029816
69 50 361926625
26 38 107957931
89 54 860308049
53 46 674088729
31 73 664234929
68 48 486154450
74 96 941046065
46 82 953485212
28 81 488271762
48 88 260776388
40 12 211029317
53 98 908423613
31 47 437100909
91 46 109953535
2 90 167008544
64 44 577247916
56 36 497334172
22 42 235344928
6 33 478536481
39 94 54982533
64 94 46088594
86 34 391787682
18 20 906581232
92 11 486110250
66 70 236129048
16 4 218819162
22 18 652557305
94 95 175689756
6 18 500048014
5 96 818672722
46 4 817286175
25 37 30133986
91 77 166673535
90 54 869657500
76 20 570909354
11 10 773852900
47 17 570769722
12 51 800459601
21 30 713850306
31 97 816553428
31 14 539787307
68 26 55340160
78 8 314244943
100 70 740570607
92 100 203653588
89 19 651417804
59 14 31800553
42 55 522320749
6 99 639492717
63 88 373984979
6 39 843858888
26 4 767221665
22 3 729268287
96 82 661252154
64 10 956992570
72 82 848013970
59 17 446590798
61 34 360487291
98 37 699845246
3 95 551772246
6 47 164733527
86 24 740356862
9 89 507188037
26 20 899056079
79 72 888532181
49 18 379333390
6 50 403113994
97 46 937908327
99 77 138078974
63 72 972220545
93 46 12028264
68 30 775751128
2 45 204510622
89 18 306864033
83 41 322931500
83 40 628011482
28 11 181240218
42 37 969422308
78 48 792143644
42 45 527071089
69 81 426607637
85 37 626333824
61 37 698917200
69 6 842369694
7 77 65751199
99 26 27370420
83 19 172001718
11 37 245963577
28 9 494808224
8 73 117851143
31 39 238972588
25 46 810640867
64 20 886389141
89 57 494881389
83 51 787396467
35 72 2369597
9 98 68109705
57 37 931393760
79 60 796570788
9 90 707548872
87 96 822052259
29 8 520724813
97 48 757383136
32 75 886260441
8 44 206006473
26 67 920199763
11 73 861294539
34 9 359950724
48 15 102386734
87 66 800050154
39 13 711510184
87 1 563368193
5 66 774006449
33 39 918706359
28 36 614480441
43 77 10586825
53 49 60156382
50 82 439329287
69 29 208144682
69 33 274026138
78 62 113634225
32 89 852773158
7 51 299703323
93 48 944271112
75 45 836158157
28 55 803291977
32 64 786897142
62 76 227350796
19 44 920781008
62 25 174018165
28 72 454074719
48 89 658139647
61 96 863129887
43 48 974396228
42 1 205400147
86 28 574808712
23 84 675535196
100 30 403939274
79 9 182543754
6 44 470923268
26 15 975890523
13 4 574243271
33 93 597806599
50 72 709495456
60 67 848833999
48 46 268343639
86 1 937513023
28 70 931311261
23 8 731745655
25 88 865270130
85 23 255435088
97 83 439270377
46 95 614135008
43 71 347556654
61 97 697206087
32 53 184460391
59 10 222578046
18 24 44634532
59 81 355449106
34 35 959897322
31 33 511556692
42 57 536118379
65 56 946398377
64 63 68464281
34 89 53071926
71 8 285040190
39 1 948960380
35 84 210274235
35 50 953371065
79 49 870459079
23 94 455716381
62 46 506661168
99 46 634784913
25 44 974968284
34 75 386479126
69 35 694722342
3 83 155313484
28 73 465282883
69 8 969375578
74 14 301423258
42 89 914135832
93 11 42193366
34 54 626553056
22 1 617131206
79 12 224109390
22 35 638601782
62 1 174456976
74 20 959082449
59 52 806946376
53 52 833533839
86 71 728803607
31 49 12714957
82 4 37406639
75 25 918362858
83 47 923807510
97 13 590324079
52 89 936319591
21 16 685400873
9 66 826922417
97 21 319775107
48 12 231050627
78 24 790887254
61 74 494429661
38 90 174657489
50 66 864219498
74 66 380987511
85 38 997849224
41 80 851403268
2 25 367870372
7 67 697133039
99 68 824830618
12 57 235427274
62 10 927311727
85 90 87618665
87 37 736027858
20 1 309631174
31 93 163898706
14 73 213698482
6 8 69800966
97 51 553238580
2 51 244982253
60 57 240696751
100 88 294656315
81 1 109274568
8 80 610007088
86 67 685945933
60 9 307462123
8 20 876550772
49 67 935924897
59 80 524999737
14 50 683962301
33 47 408699857
86 73 921901002
13 67 453314351
32 25 705831894
60 96 349086748
35 44 182562052
34 56 368989464
71 44 286128654
50 84 376473694
31 4 764874982
61 41 221809537
47 51 755318641
86 18 424331322
2 62 281370965
5 97 751865829
5 55 153935760
30 70 969676641
35 77 487445001
49 21 898354559
86 5 557009541
31 20 730344144
71 4 978644370
69 78 480133916
50 47 73915768
64 82 772366168
25 4 217187447
64 54 298985098
81 4 607755533
80 37 859771540
99 52 211691857
30 58 218245315
63 44 259131108
27 72 47981135
99 95 992088881
6 90 451873646
85 55 33876880
76 1 85219742
91 98 276538077
92 73 165094480
3 58 200848784
29 35 124915780
14 4 549668568
9 64 517201395
6 46 466566085
74 28 683074963
79 74 196094727
2 12 468418812
60 82 594030262
5 73 120227283
71 90 94930169
62 14 964102652
33 72 986747212
98 55 992944910
86 91 627231087
100 57 100746724
46 58 493139262
31 21 261698731
56 55 325759037
47 80 610155681
23 10 949284098
92 40 31848298
21 94 875675657
43 38 816011636
92 42 408188042
58 24 81813062
93 95 289241715
93 47 660485331
56 58 92739661
83 4 497128484
5 80 570499053
61 70 205382995
32 5 723870803
54 84 469818345
32 86 703494950
62 27 433019797
68 42 655704213
85 22 236463011
79 21 101802396
93 50 569530342
28 24 523532865
98 51 56974755
6 97 551869340
5 37 206471528
32 28 393684305
97 42 187169851
28 35 432930944
91 80 253748294
23 27 919095452
43 63 919468785
21 51 364223808
63 84 672692933
94 10 416645902
61 47 237541057
81 47 127242366
33 44 957726343
81 40 795836398
99 93 74908279
50 96 292015398
86 39 27525346
53 7 88641389
69 51 766208867
40 30 198341270
35 80 88573594
78 89 111836348
29 30 411482002
65 16 579912339
54 10 747304024
93 56 143762557
33 29 338995661
31 56 853041723
33 95 489290931
68 18 721239573
26 19 674180529
28 65 617326742
91 88 488920649
87 55 95281524
94 80 826544295
12 56 866534658
100 77 634266538
3 29 383551691
16 75 370159356
83 67 494641949
47 84 683448717
72 70 419237388
15 36 813751072
32 44 529216912
71 14 622899362
68 93 539584974
39 9 930143870
21 15 555928780
85 39 279796467
43 74 973792910
69 94 338068059
43 55 324962966
17 25 431075906
91 24 981077404
73 88 672537850
77 50 546812118
79 52 734326366
92 71 706876646
8 46 987999088
86 19 987179407
30 45 296127791
7 12 991360082
87 56 181618381
69 45 824558163
23 18 605638767
49 25 255309674
52 82 908427928
37 10 201173791
73 45 60788340
33 57 647751502
39 83 197386895
30 88 954488655
85 19 859177169
22 46 738763959
86 88 227055994
86 8 389567710
78 38 820714494
77 96 3926303
61 12 644323376
78 63 122384823
38 55 554301607
42 64 583782280
43 1 639666712
62 19 28187763
85 12 271762560
21 18 300154923
43 95 148920218
29 50 648624628
71 54 893997592
16 41 492088815
92 76 292865752
48 11 427528492
72 95 538185190
29 15 313163020
31 67 348392196
53 17 178467349
74 46 554550146
33 80 415043495
92 41 724609151
92 25 763218165
21 39 227630336
22 20 212143999
16 25 469547706
99 49 109394745
97 28 553296352
47 70 977164008
65 94 605666597
8 25 934441516
39 70 228558286
74 82 499275570
95 54 804419839
47 96 725542147
6 91 701733051
87 77 585442450
92 28 308580681
8 1 77840733
68 7 534443041
32 59 176290746
47 90 941478332
89 30 77261730
44 51 137331721
63 12 174270693
32 73 729305342
69 41 355912670
50 1 358559893
31 25 476298135
27 24 705601493
28 40 982424195
71 2 332978978
4 10 734388888
10 36 220894268
6 29 666924573
78 2 960285307
74 17 569332002
68 43 725689244
6 63 284885474
97 96 687889321
74 40 10612568
20 80 442747807
7 44 95382353
38 47 967964517
6 55 152058918
33 90 739293847
78 71 402832223
49 97 359453268
68 84 576993545
21 12 754438921
91 17 936045809
15 17 252962162
20 58 5070027
61 16 457659650
13 46 386459700
40 56 84835426
65 9 971704887
91 64 27339546
31 59 920388637
43 24 667468677
91 35 726810666
61 17 695271690
59 46 152776622
61 68 941334945
46 51 607060985
38 75 286455461
20 82 635192415
9 96 664866557
93 66 656220227
97 38 436427742
42 88 790327150
11 56 42253141
60 1 620592802
71 9 381170188
73 55 610492290
6 49 305574013
32 39 751936683
69 98 937414876
20 24 673926205
7 15 905606153
98 54 850010860
100 4 128930780
22 97 861632012
61 98 821805209
89 45 12661022
60 36 45054154
85 64 511546565
22 50 289857192
26 56 48206821
82 10 279579305
62 12 819350389
23 20 38026611
15 81 811024092
40 10 268858271
92 64 83278993
32 57 98692422
3 26 416139999
66 37 422258978
91 16 180294511
61 65 305729467
86 62 811961838
53 54 333793936
23 41 15331106
77 25 301196431
21 57 337283626
65 63 299749360
78 84 624879865
6 94 196077561
14 75 889414486
64 24 78141185
76 58 136785981
3 15 674628243
61 84 409551904
33 64 309482835
64 84 380611660
69 61 42061420
59 12 510509382
49 9 164152026
41 82 646173285
27 66 805678496
52 66 415271006
60 50 626165086
15 70 47158965
53 41 527362667
78 55 257268023
43 64 483815259
46 36 49445641
5 75 805598279
43 75 438199829
22 26 715074225
69 71 206739453
43 54 171600879
21 82 868317323
45 10 43724169
93 76 135941223
34 73 872310882
5 27 165867853
49 8 437864606
43 56 508736369
13 26 690701305
85 33 198647228
42 70 336896522
29 57 829073038
69 46 435174361
97 24 224725214
94 66 313504542
4 37 493052828
15 82 307867948
11 80 45714579
75 20 61270330
53 30 229265340
92 87 32955185
97 72 618388664
31 53 705219830
86 26 38946305
89 77 562841884
19 70 785237120
100 96 246940446
21 59 67405539
18 84 267910002
74 9 483571896
57 25 819548236
32 47 301828124
8 75 125540262
9 40 383814213
11 18 144281271
71 72 849643847
93 35 825351920
87 63 242110486
48 50 450333442
79 37 635188812
85 46 694951564
61 82 480216702
89 10 863608549
86 29 474836318
9 4 190005681
29 70 330371404
68 29 821959055
88 36 129396720
5 20 743428932
17 46 315981686
63 45 237595217
22 29 583424624
13 44 91661798
73 51 419846742
99 97 454994244
29 95 911936602
12 1 923846570
33 24 600072635
62 50 84065202
16 8 187278468
18 57 655851837
59 37 549165772
2 72 302103813
19 75 596031162
60 11 357286376
60 90 640943139
61 56 480167394
92 50 800947787
68 47 404443431
48 35 884345774
33 58 680476003
66 45 584393217
99 43 867423143
28 67 508697041
23 35 80902460
92 2 645545760
3 16 938984059
60 65 95274953
83 82 721572801
78 41 852038578
94 36 996166982
97 64 824170167
73 10 237631694
91 39 926341167
19 12 716011606
34 60 951207549
22 57 680800728
45 51 111712813
59 83 686905590
46 24 537254592
94 1 780503534
5 41 39806970
39 24 131161610
22 43 624677819
49 55 302994411
3 76 913265399
31 85 329234664
38 88 321105874
13 66 448930129
28 46 163708484
50 76 357495098
94 63 766513247
28 62 760265763
68 90 933930611
34 16 22572688
19 98 766868380
29 16 67688186
92 97 578143249
32 2 655722165
26 18 495922695
85 56 325053018
22 62 91902873
77 55 734630026
49 48 562228687
4 24 837547873
5 42 594043329
18 73 490361692
23 7 652525890
78 47 84914463
12 95 752037732
48 57 38701988
100 55 607536204
23 98 523643640
33 9 946987842
74 35 177313918
6 81 787468682
63 11 119870797
68 94 464728117
85 1 192887523
21 44 805307122
86 52 523317597
13 80 703350521
7 95 358909723
90 58 392293344
28 63 267367582
100 73 267588528
16 47 123610799
23 52 901590961
31 91 686400014
92 91 249267307
3 20 447911758
23 4 191838592
31 72 338985057
87 45 379843751
32 61 469603836
11 67 765602692
39 40 137680607
14 46 284609945
55 36 826250116
34 66 189529837
76 84 959287619
3 9 780693524
85 40 406936671
48 84 475308869
43 89 129014334
91 44 90304909
50 30 576269973
87 76 99976329
41 25 982131271
100 14 827326115
43 45 205966312
32 55 518276734
3 36 496554627
11 25 389522921
3 91 647154736
39 57 942167988
43 35 885171287
38 66 396360369
99 16 868733040
11 66 328290978
13 73 590386424
92 14 332771045
31 38 724597367
23 13 773452352
26 1 827886864
26 80 136722212
22 49 454560064
86 77 796359513
52 54 233759642
28 54 994946423
94 57 797545104
32 45 468738856
31 99 616017304
78 36 521722382
73 24 440313930
85 59 196044526
87 70 411661564
42 90 826363418
27 76 455896886
77 51 671897077
16 35 73157457
3 27 163477239
29 75 485221740
85 44 60152531
68 75 12894723
78 53 760286936
50 4 196083931
14 89 174993985
21 23 666943936
68 66 398023795
79 62 823590312
87 57 177413530
61 42 210097907
21 10 325354558
94 58 940220574
86 94 639738416
19 10 304280906
42 38 995085357
68 67 822895627
53 50 621540571
14 63 514870545
13 11 381662129
90 73 981732479
44 4 988934490
3 50 17551372
70 44 43462490
99 10 644960984
52 94 408092082
69 3 518149987
85 10 826520149
86 33 825613538
27 95 748070173
62 41 513912623
74 3 874038270
78 26 663375740
64 8 981994223
40 84 31156534
40 46 43878142
53 37 641942621
92 17 881947336
66 20 593684096
71 63 305304699
26 40 512242068
26 90 650501450
14 66 960997298
83 88 275203269
59 26 456422285
64 14 219583163
41 55 846569276
28 16 413657807
86 13 445068885
3 1 596880868
12 10 454402837
15 51 858151256
47 11 724776698
69 20 259611190
53 13 434977519
7 45 557858100
8 55 868601644
15 20 944123074
58 36 433591267
71 42 881991747
57 1 319219293
64 46 680182743
55 37 538007854
26 96 646336611
28 58 850792305
23 17 199333295
65 47 980875849
4 54 201600948
5 68 256683435
13 81 224790921
49 23 725524051
29 46 773885107
21 24 694162109
72 90 852045670
87 74 743757936
7 76 352204249
29 23 119513303
68 21 230047405
68 87 188942993
96 67 799428192
5 46 767792239
39 64 88161896
99 47 533886844
99 38 747716699
60 59 282797328
19 66 97796442
85 43 506235180
99 67 345474184
65 24 56566965
77 40 158149426
16 54 821035823
68 36 6632807
77 4 332511845
69 10 121632459
8 95 107713540
87 60 40765969
83 10 954407534
61 15 92094055
28 47 789444026
97 30 362696156
4 58 6136727
49 75 81520358
5 34 16787377
2 60 553637146
6 54 106840694
8 27 172309550
90 44 825930004
35 45 250849254
78 73 838634921
47 95 861598276
75 44 999133621
3 2 417586600
3 81 945906111
28 93 28689726
27 75 866730175
65 13 909110940
16 89 701402797
69 100 860916997
78 20 263272432
64 26 118697083
39 72 407503368
79 86 96350978
3 13 646287078
3 77 532352416
23 24 764000001
79 45 95101889
32 13 639686808
74 19 100110071
31 54 353943138
22 30 990081933
25 70 866741814
71 30 899710688
13 30 528475270
9 67 681567742
6 59 100162973
87 98 871756944
97 57 672670837
12 4 387363256
19 77 161672107
6 48 434682337
39 63 288808398
70 67 35236201
90 80 722905023
75 73 958597615
